0 0.115 0.0 0.126 0.036 0.146 0.068 0.17 0.092 0.2 0.108 0.182 0.124 0.167 0.145 0.158 0.167 0.154 0.196 0.129 0.187 0.099 0.187 0.081 0.171 0.064 0.145 0.051 0.114 0.043 0.073 0.043 0.036 0.05 0.0
0 0.284 0.0 0.282 0.034 0.285 0.079 0.275 0.09 0.256 0.104 0.227 0.103 0.204 0.108 0.172 0.093 0.152 0.076 0.137 0.056 0.127 0.038 0.115 0.0
0 0.3 0.136 0.277 0.117 0.253 0.105 0.276 0.091 0.287 0.088 0.3 0.136
0 0.445 0.0 0.459 0.033 0.466 0.064 0.468 0.097 0.465 0.114 0.453 0.146 0.435 0.171 0.42 0.186 0.406 0.196 0.39 0.204 0.376 0.207 0.354 0.202 0.33 0.183 0.312 0.159 0.302 0.141 0.294 0.117 0.286 0.078 0.282 0.028 0.284 0.0
0 0.475 0.0 0.478 0.022 0.478 0.041 0.473 0.066 0.468 0.079 0.459 0.032 0.445 0.0
0 0.466 0.112 0.468 0.077 0.477 0.041 0.482 0.052 0.484 0.081 0.466 0.112
0 0.565 0.0 0.565 0.007 0.558 0.012 0.554 0.018 0.548 0.044 0.528 0.048 0.502 0.063 0.489 0.054 0.477 0.039 0.475 0.0
0 0.702 0.0 0.707 0.007 0.707 0.021 0.705 0.059 0.699 0.081 0.69 0.098 0.676 0.116 0.662 0.127 0.646 0.134 0.642 0.132 0.634 0.11 0.618 0.082 0.603 0.065 0.592 0.056 0.579 0.05 0.548 0.044 0.552 0.023 0.557 0.013 0.562 0.008 0.572 0.003 0.574 0.0
0 0.801 0.0 0.779 0.016 0.753 0.027 0.742 0.027 0.729 0.023 0.702 0.0
0 0.807 0.0 0.794 0.032 0.783 0.078 0.768 0.079 0.751 0.073 0.732 0.073 0.71 0.082 0.69 0.1 0.699 0.082 0.704 0.065 0.708 0.008 0.732 0.024 0.752 0.027 0.778 0.017 0.801 0.0
0 0.998 0.0 1.0 0.008 0.999 0.06 0.992 0.086 0.98 0.113 0.96 0.143 0.939 0.164 0.912 0.182 0.885 0.191 0.862 0.188 0.845 0.133 0.829 0.101 0.809 0.086 0.784 0.078 0.791 0.043 0.808 0.0
0 0.522 0.317 0.503 0.312 0.489 0.301 0.472 0.276 0.461 0.254 0.456 0.236 0.451 0.205 0.451 0.176 0.454 0.153 0.459 0.13 0.472 0.1 0.485 0.081 0.501 0.064 0.523 0.051 0.544 0.044 0.559 0.044 0.578 0.049 0.593 0.057 0.611 0.073 0.618 0.082 0.636 0.115 0.642 0.135 0.646 0.158 0.646 0.189 0.642 0.21 0.634 0.234 0.622 0.259 0.591 0.295 0.583 0.302 0.522 0.317
0 0.246 0.349 0.231 0.348 0.215 0.342 0.201 0.332 0.188 0.316 0.17 0.277 0.158 0.235 0.154 0.21 0.156 0.177 0.161 0.159 0.169 0.142 0.19 0.117 0.215 0.105 0.235 0.103 0.257 0.107 0.278 0.118 0.294 0.13 0.301 0.138 0.312 0.158 0.328 0.181 0.334 0.201 0.338 0.226 0.338 0.231 0.322 0.252 0.308 0.28 0.301 0.301 0.296 0.33 0.274 0.343 0.246 0.349
0 0.143 0.431 0.122 0.43 0.106 0.425 0.076 0.405 0.059 0.389 0.042 0.367 0.03 0.345 0.022 0.323 0.02 0.31 0.019 0.285 0.022 0.265 0.027 0.249 0.037 0.232 0.049 0.216 0.062 0.205 0.079 0.195 0.1 0.188 0.123 0.187 0.134 0.188 0.153 0.196 0.155 0.221 0.162 0.255 0.166 0.262 0.172 0.284 0.185 0.311 0.194 0.324 0.218 0.345 0.21 0.376 0.192 0.405 0.171 0.422 0.143 0.431
0 0.419 0.477 0.406 0.466 0.392 0.461 0.366 0.461 0.351 0.466 0.344 0.463 0.326 0.45 0.315 0.437 0.306 0.418 0.298 0.395 0.295 0.371 0.294 0.334 0.304 0.287 0.315 0.264 0.328 0.242 0.341 0.228 0.358 0.217 0.378 0.211 0.39 0.211 0.417 0.223 0.433 0.234 0.445 0.245 0.465 0.277 0.476 0.299 0.484 0.322 0.488 0.344 0.488 0.362 0.484 0.387 0.473 0.426 0.463 0.444 0.451 0.455 0.439 0.462 0.419 0.467 0.419 0.477
0 0.637 0.518 0.621 0.504 0.598 0.491 0.563 0.482 0.524 0.488 0.504 0.496 0.492 0.505 0.49 0.504 0.474 0.478 0.47 0.452 0.487 0.364 0.497 0.342 0.508 0.329 0.521 0.321 0.542 0.311 0.564 0.306 0.612 0.31 0.633 0.32 0.653 0.334 0.665 0.353 0.671 0.367 0.673 0.408 0.669 0.428 0.659 0.46 0.637 0.518
0 0.636 0.319 0.61 0.309 0.565 0.304 0.583 0.301 0.601 0.287 0.62 0.259 0.629 0.244 0.64 0.217 0.645 0.191 0.646 0.165 0.644 0.135 0.659 0.147 0.671 0.162 0.649 0.202 0.636 0.244 0.634 0.258 0.636 0.282 0.643 0.312 0.636 0.319
0 0.672 0.161 0.664 0.15 0.685 0.107 0.703 0.086 0.715 0.079 0.735 0.072 0.753 0.073 0.768 0.079 0.74 0.093 0.715 0.11 0.689 0.137 0.672 0.161
0 0.723 0.408 0.698 0.404 0.684 0.397 0.677 0.389 0.669 0.36 0.648 0.327 0.639 0.301 0.635 0.284 0.634 0.264 0.636 0.242 0.65 0.2 0.666 0.171 0.689 0.137 0.707 0.117 0.74 0.093 0.77 0.08 0.787 0.079 0.806 0.084 0.824 0.096 0.834 0.107 0.849 0.143 0.879 0.246 0.879 0.273 0.874 0.297 0.868 0.314 0.855 0.339 0.821 0.374 0.798 0.389 0.778 0.399 0.741 0.402 0.723 0.408
0 0.832 0.437 0.809 0.416 0.778 0.402 0.777 0.399 0.803 0.385 0.829 0.366 0.848 0.346 0.86 0.329 0.874 0.296 0.879 0.264 0.878 0.245 0.865 0.204 0.863 0.191 0.875 0.191 0.891 0.195 0.905 0.203 0.916 0.215 0.936 0.245 0.945 0.263 0.952 0.292 0.951 0.311 0.948 0.329 0.941 0.351 0.932 0.368 0.918 0.389 0.903 0.405 0.869 0.428 0.832 0.437
0 0.0 0.467 0.016 0.464 0.046 0.467 0.072 0.479 0.098 0.499 0.118 0.522 0.117 0.526 0.128 0.54 0.147 0.585 0.151 0.604 0.151 0.606 0.147 0.605 0.147 0.629 0.141 0.656 0.129 0.683 0.117 0.699 0.099 0.715 0.066 0.735 0.011 0.76 0.0 0.763
0 0.221 0.489 0.206 0.466 0.191 0.451 0.156 0.43 0.178 0.418 0.192 0.405 0.212 0.373 0.218 0.348 0.231 0.347 0.238 0.351 0.23 0.377 0.228 0.409 0.232 0.433 0.241 0.46 0.232 0.47 0.221 0.489
0 0.226 0.503 0.221 0.49 0.229 0.475 0.241 0.46 0.26 0.479 0.226 0.503
0 0.188 0.653 0.172 0.648 0.145 0.645 0.149 0.608 0.156 0.616 0.158 0.615 0.127 0.535 0.122 0.525 0.1 0.501 0.067 0.476 0.079 0.46 0.093 0.446 0.103 0.439 0.123 0.431 0.155 0.431 0.167 0.435 0.185 0.445 0.2 0.459 0.209 0.47 0.221 0.49 0.225 0.505 0.204 0.539 0.195 0.576 0.192 0.617 0.196 0.645 0.189 0.648 0.188 0.653
0 0.332 0.48 0.32 0.475 0.3 0.473 0.259 0.48 0.247 0.468 0.24 0.457 0.234 0.44 0.228 0.408 0.23 0.376 0.238 0.349 0.264 0.346 0.295 0.332 0.297 0.382 0.303 0.407 0.309 0.423 0.324 0.447 0.35 0.464 0.348 0.468 0.332 0.48
0 0.204 0.668 0.199 0.655 0.193 0.628 0.193 0.59 0.195 0.573 0.201 0.547 0.217 0.515 0.235 0.495 0.263 0.479 0.289 0.477 0.321 0.481 0.326 0.485 0.312 0.509 0.303 0.531 0.297 0.56 0.297 0.579 0.299 0.599 0.307 0.627 0.329 0.665 0.299 0.649 0.272 0.644 0.236 0.649 0.218 0.658 0.204 0.668
0 0.391 0.701 0.375 0.7 0.358 0.694 0.337 0.675 0.309 0.631 0.303 0.616 0.298 0.591 0.297 0.564 0.299 0.547 0.305 0.526 0.315 0.503 0.326 0.487 0.342 0.472 0.355 0.464 0.368 0.46 0.38 0.46 0.398 0.464 0.417 0.475 0.436 0.493 0.452 0.516 0.462 0.534 0.446 0.574 0.438 0.609 0.435 0.646 0.439 0.679 0.42 0.693 0.391 0.701
0 0.57 0.793 0.517 0.788 0.495 0.764 0.471 0.746 0.459 0.729 0.443 0.695 0.435 0.657 0.435 0.627 0.44 0.596 0.451 0.558 0.464 0.534 0.483 0.511 0.502 0.496 0.526 0.486 0.552 0.481 0.569 0.482 0.597 0.49 0.624 0.506 0.645 0.525 0.656 0.541 0.667 0.562 0.675 0.593 0.68 0.628 0.68 0.655 0.674 0.694 0.662 0.726 0.651 0.745 0.632 0.767 0.616 0.779 0.597 0.789 0.57 0.793
0 0.761 0.688 0.754 0.688 0.733 0.679 0.71 0.675 0.68 0.655 0.68 0.627 0.674 0.588 0.665 0.559 0.647 0.528 0.644 0.507 0.653 0.479 0.663 0.461 0.68 0.439 0.698 0.422 0.715 0.411 0.735 0.403 0.75 0.4 0.773 0.4 0.798 0.409 0.814 0.419 0.829 0.434 0.844 0.458 0.854 0.479 0.86 0.508 0.864 0.536 0.864 0.57 0.862 0.596 0.856 0.619 0.837 0.652 0.819 0.669 0.8 0.68 0.787 0.685 0.761 0.688
0 0.857 0.49 0.847 0.465 0.83 0.435 0.858 0.432 0.877 0.433 0.894 0.439 0.915 0.451 0.886 0.464 0.87 0.476 0.857 0.49
0 0.949 0.778 0.925 0.777 0.908 0.773 0.893 0.767 0.876 0.756 0.863 0.745 0.85 0.728 0.831 0.692 0.819 0.683 0.82 0.674 0.823 0.668 0.84 0.647 0.853 0.626 0.862 0.599 0.864 0.575 0.864 0.534 0.857 0.491 0.871 0.475 0.889 0.462 0.918 0.451 0.936 0.448 0.975 0.452 1.0 0.46 1.0 0.766 0.976 0.774 0.949 0.778
0 0.83 0.873 0.832 0.834 0.83 0.813 0.821 0.774 0.812 0.75 0.8 0.729 0.788 0.713 0.757 0.688 0.793 0.682 0.808 0.675 0.829 0.66 0.835 0.667 0.832 0.678 0.834 0.691 0.839 0.706 0.847 0.721 0.862 0.743 0.888 0.764 0.883 0.785 0.865 0.828 0.841 0.863 0.83 0.873
0 0.74 0.967 0.72 0.967 0.704 0.963 0.677 0.951 0.654 0.935 0.635 0.917 0.618 0.893 0.607 0.87 0.601 0.847 0.598 0.821 0.6 0.788 0.627 0.771 0.646 0.751 0.664 0.72 0.671 0.701 0.676 0.682 0.685 0.677 0.714 0.675 0.735 0.679 0.762 0.691 0.784 0.708 0.797 0.725 0.811 0.748 0.824 0.784 0.83 0.811 0.832 0.834 0.831 0.869 0.825 0.894 0.813 0.919 0.8 0.938 0.78 0.955 0.763 0.963 0.74 0.967
0 0.148 0.89 0.127 0.887 0.109 0.878 0.094 0.86 0.077 0.832 0.068 0.808 0.064 0.786 0.064 0.761 0.068 0.736 0.069 0.732 0.101 0.712 0.12 0.694 0.134 0.673 0.144 0.646 0.172 0.648 0.188 0.654 0.189 0.648 0.196 0.646 0.204 0.668 0.182 0.694 0.17 0.713 0.157 0.744 0.152 0.77 0.151 0.8 0.154 0.832 0.159 0.852 0.173 0.884 0.148 0.89
0 0.287 0.959 0.269 0.958 0.247 0.951 0.224 0.938 0.2 0.919 0.182 0.899 0.171 0.883 0.159 0.852 0.153 0.833 0.151 0.803 0.152 0.768 0.156 0.746 0.166 0.721 0.18 0.697 0.2 0.672 0.216 0.659 0.241 0.647 0.284 0.645 0.298 0.649 0.32 0.659 0.355 0.693 0.371 0.716 0.382 0.738 0.36 0.754 0.339 0.775 0.332 0.783 0.323 0.806 0.312 0.835 0.302 0.881 0.3 0.922 0.303 0.955 0.287 0.959
0 0.535 0.999 0.313 0.998 0.302 0.953 0.299 0.902 0.306 0.853 0.313 0.829 0.332 0.784 0.345 0.767 0.372 0.745 0.391 0.735 0.416 0.731 0.442 0.733 0.47 0.745 0.507 0.776 0.519 0.792 0.53 0.815 0.541 0.847 0.548 0.877 0.551 0.913 0.549 0.952 0.544 0.978 0.535 0.999
0 0.47 0.746 0.452 0.737 0.434 0.732 0.398 0.733 0.42 0.698 0.439 0.68 0.448 0.706 0.47 0.746
0 0.383 0.739 0.369 0.713 0.354 0.692 0.375 0.699 0.392 0.7 0.426 0.69 0.41 0.713 0.402 0.732 0.383 0.739
0 0.463 0.536 0.432 0.486 0.446 0.484 0.461 0.488 0.488 0.506 0.463 0.536
0 0.485 0.501 0.465 0.488 0.449 0.483 0.436 0.464 0.468 0.446 0.472 0.475 0.48 0.491 0.486 0.499 0.485 0.50
