0 0.006 0.0 0.036 0.015 0.078 0.024 0.073 0.04 0.067 0.075 0.067 0.121 0.08 0.174 0.094 0.203 0.106 0.219 0.094 0.23 0.085 0.233 0.08 0.238 0.061 0.246 0.041 0.25 0.013 0.246 0.0 0.24
0 0.238 0.0 0.269 0.041 0.282 0.073 0.291 0.116 0.293 0.165 0.288 0.19 0.279 0.211 0.247 0.234 0.218 0.269 0.185 0.269 0.15 0.258 0.112 0.228 0.098 0.211 0.084 0.185 0.077 0.165 0.069 0.133 0.066 0.112 0.066 0.083 0.077 0.02 0.087 0.006 0.095 0.0
0 0.095 0.0 0.082 0.013 0.077 0.025 0.062 0.02 0.035 0.016 0.007 0.0
0 0.0 0.352 0.026 0.316 0.048 0.303 0.074 0.294 0.104 0.296 0.119 0.299 0.137 0.31 0.147 0.322 0.118 0.309 0.106 0.308 0.087 0.308 0.053 0.32 0.044 0.325 0.025 0.342 0.0 0.382
0 0.195 0.315 0.158 0.309 0.135 0.298 0.107 0.268 0.088 0.231 0.096 0.228 0.104 0.218 0.125 0.238 0.154 0.26 0.194 0.27 0.218 0.27 0.208 0.291 0.202 0.313 0.195 0.315
0 0.0 0.237 0.016 0.246 0.032 0.25 0.045 0.25 0.081 0.238 0.09 0.231 0.092 0.241 0.107 0.269 0.107 0.281 0.104 0.295 0.074 0.294 0.037 0.307 0.024 0.318 0.0 0.352
0 0.0 0.403 0.001 0.377 0.019 0.349 0.041 0.326 0.062 0.314 0.086 0.306 0.116 0.308 0.15 0.324 0.168 0.337 0.188 0.357 0.198 0.37 0.2 0.376 0.195 0.409 0.198 0.423 0.208 0.435 0.224 0.438 0.223 0.456 0.214 0.494 0.2 0.52 0.175 0.546 0.154 0.574 0.144 0.582 0.132 0.59 0.113 0.598 0.089 0.596 0.071 0.591 0.048 0.574 0.034 0.571 0.012 0.546 0.0 0.53 0.0 0.464
0 0.295 0.543 0.288 0.537 0.273 0.514 0.26 0.504 0.246 0.5 0.223 0.501 0.214 0.504 0.205 0.512 0.22 0.477 0.225 0.439 0.255 0.459 0.29 0.472 0.315 0.469 0.352 0.453 0.342 0.5 0.33 0.503 0.315 0.514 0.303 0.526 0.295 0.543
0 0.334 0.694 0.332 0.693 0.336 0.677 0.336 0.654 0.333 0.624 0.328 0.601 0.318 0.572 0.296 0.539 0.3 0.53 0.317 0.513 0.342 0.501 0.341 0.528 0.343 0.553 0.354 0.582 0.365 0.597 0.386 0.616 0.402 0.625 0.412 0.626 0.393 0.633 0.374 0.646 0.352 0.667 0.334 0.694
0 0.444 0.999 0.282 0.998 0.284 0.96 0.281 0.934 0.276 0.91 0.296 0.895 0.308 0.89 0.342 0.882 0.355 0.901 0.369 0.914 0.402 0.935 0.428 0.942 0.433 0.956 0.444 0.999
0 0.277 0.909 0.257 0.856 0.287 0.832 0.301 0.815 0.316 0.791 0.322 0.827 0.342 0.881 0.307 0.888 0.286 0.9 0.277 0.909
0 0.552 1.0 0.443 1.0 0.437 0.975 0.436 0.946 0.437 0.944 0.453 0.941 0.476 0.933 0.498 0.92 0.51 0.909 0.519 0.897 0.527 0.882 0.55 0.823 0.553 0.801 0.561 0.798 0.576 0.806 0.558 0.843 0.544 0.901 0.543 0.931 0.552 1.0
0 0.555 0.77 0.547 0.729 0.526 0.679 0.501 0.653 0.479 0.638 0.482 0.633 0.511 0.613 0.527 0.594 0.55 0.541 0.566 0.547 0.569 0.551 0.558 0.576 0.55 0.613 0.548 0.639 0.549 0.654 0.561 0.701 0.571 0.728 0.58 0.744 0.568 0.76 0.555 0.77
0 0.569 0.546 0.558 0.543 0.552 0.537 0.554 0.512 0.551 0.489 0.543 0.454 0.532 0.428 0.562 0.431 0.6 0.424 0.628 0.404 0.644 0.384 0.644 0.4 0.653 0.448 0.662 0.468 0.68 0.495 0.653 0.494 0.623 0.501 0.607 0.511 0.575 0.544 0.569 0.546
0 0.402 0.39 0.419 0.332 0.421 0.304 0.419 0.282 0.44 0.28 0.449 0.282 0.45 0.313 0.457 0.346 0.464 0.363 0.475 0.377 0.461 0.374 0.436 0.376 0.411 0.383 0.402 0.39
0 0.411 0.251 0.394 0.226 0.374 0.21 0.358 0.205 0.34 0.2 0.322 0.199 0.296 0.203 0.282 0.208 0.289 0.187 0.293 0.167 0.294 0.148 0.291 0.116 0.298 0.117 0.308 0.145 0.328 0.174 0.339 0.186 0.351 0.194 0.394 0.208 0.414 0.21 0.416 0.221 0.415 0.237 0.411 0.251
0 0.292 0.0 0.29 0.029 0.294 0.052 0.294 0.098 0.298 0.116 0.292 0.119 0.282 0.072 0.271 0.043 0.254 0.018 0.235 0.0
0 0.45 0.276 0.433 0.27 0.423 0.256 0.415 0.237 0.416 0.219 0.414 0.213 0.416 0.21 0.445 0.202 0.464 0.187 0.489 0.154 0.507 0.116 0.509 0.13 0.522 0.165 0.494 0.186 0.476 0.209 0.455 0.252 0.45 0.276
0 0.672 0.317 0.672 0.274 0.664 0.24 0.654 0.213 0.648 0.202 0.63 0.182 0.646 0.175 0.661 0.164 0.667 0.156 0.684 0.162 0.701 0.187 0.71 0.208 0.711 0.226 0.71 0.275 0.707 0.285 0.683 0.303 0.672 0.317
0 0.86 0.383 0.859 0.365 0.85 0.331 0.84 0.312 0.838 0.309 0.837 0.312 0.828 0.301 0.79 0.282 0.772 0.278 0.735 0.281 0.703 0.289 0.709 0.279 0.709 0.268 0.73 0.25 0.736 0.243 0.735 0.241 0.738 0.238 0.753 0.243 0.783 0.249 0.809 0.249 0.827 0.246 0.865 0.231 0.889 0.214 0.875 0.244 0.87 0.264 0.868 0.302 0.872 0.359 0.86 0.383
0 0.768 0.604 0.756 0.564 0.74 0.538 0.73 0.527 0.757 0.532 0.793 0.528 0.814 0.516 0.832 0.5 0.844 0.532 0.845 0.543 0.818 0.555 0.797 0.569 0.781 0.584 0.768 0.604
0 0.977 0.0 0.981 0.018 0.982 0.038 0.976 0.066 0.966 0.093 0.956 0.109 0.944 0.124 0.931 0.134 0.935 0.115 0.935 0.092 0.94 0.079 0.941 0.072 0.933 0.062 0.928 0.041 0.921 0.023 0.904 0.
