0 0.614 0.377 0.549 0.375 0.5 0.362 0.463 0.345 0.432 0.325 0.414 0.308 0.391 0.273 0.384 0.24 0.385 0.217 0.393 0.188 0.404 0.171 0.418 0.155 0.44 0.137 0.467 0.127 0.507 0.107 0.518 0.104 0.55 0.1 0.621 0.1 0.691 0.116 0.716 0.127 0.733 0.138 0.752 0.156 0.76 0.168 0.772 0.199 0.777 0.231 0.777 0.252 0.76 0.291 0.736 0.322 0.707 0.346 0.668 0.366 0.638 0.374 0.614 0.377
0 0.438 0.571 0.416 0.571 0.386 0.565 0.36 0.556 0.336 0.544 0.305 0.517 0.29 0.498 0.275 0.469 0.275 0.428 0.284 0.405 0.301 0.381 0.319 0.365 0.336 0.354 0.378 0.339 0.397 0.335 0.445 0.334 0.457 0.343 0.494 0.359 0.502 0.361 0.504 0.364 0.52 0.367 0.533 0.373 0.543 0.384 0.564 0.419 0.572 0.444 0.572 0.465 0.565 0.492 0.552 0.514 0.534 0.535 0.522 0.544 0.498 0.557 0.469 0.567 0.438 0.571
0 0.2 0.721 0.174 0.718 0.159 0.713 0.109 0.688 0.08 0.668 0.066 0.651 0.058 0.634 0.054 0.614 0.054 0.593 0.075 0.552 0.092 0.537 0.126 0.515 0.161 0.501 0.178 0.497 0.227 0.496 0.239 0.498 0.254 0.505 0.273 0.518 0.332 0.549 0.35 0.56 0.362 0.573 0.365 0.579 0.371 0.598 0.372 0.617 0.366 0.639 0.346 0.666 0.315 0.689 0.297 0.699 0.268 0.711 0.231 0.719 0.2 0.721
0 0.527 1.0 0.268 1.0 0.229 0.955 0.212 0.922 0.206 0.903 0.206 0.852 0.217 0.828 0.238 0.799 0.261 0.78 0.287 0.762 0.304 0.744 0.327 0.729 0.351 0.72 0.398 0.712 0.427 0.711 0.457 0.712 0.487 0.72 0.513 0.732 0.532 0.744 0.552 0.763 0.571 0.788 0.588 0.822 0.597 0.856 0.598 0.882 0.594 0.912 0.578 0.946 0.548 0.979 0.525 0.998 0.527 1.0
0 0.706 0.76 0.662 0.758 0.622 0.75 0.579 0.732 0.556 0.715 0.542 0.694 0.544 0.672 0.513 0.655 0.499 0.638 0.488 0.608 0.488 0.561 0.516 0.548 0.535 0.533 0.554 0.51 0.569 0.483 0.581 0.476 0.613 0.466 0.655 0.456 0.678 0.455 0.693 0.452 0.74 0.453 0.781 0.457 0.813 0.464 0.849 0.476 0.876 0.488 0.893 0.5 0.921 0.528 0.932 0.548 0.936 0.574 0.932 0.586 0.926 0.596 0.898 0.624 0.886 0.642 0.878 0.671 0.876 0.695 0.874 0.702 0.868 0.706 0.839 0.724 0.781 0.746 0.742 0.756 0.706 0.76
0 0.998 0.814 0.979 0.808 0.947 0.793 0.944 0.788 0.932 0.782 0.912 0.765 0.907 0.756 0.888 0.729 0.878 0.71 0.876 0.704 0.876 0.678 0.88 0.668 0.882 0.652 0.891 0.634 0.902 0.619 0.922 0.602 0.93 0.59 0.966 0.568 0.999 0.56 0.998 0.814
0 0.597 0.908 0.595 0.905 0.598 0.884 0.598 0.866 0.584 0.813 0.572 0.79 0.559 0.772 0.533 0.745 0.518 0.735 0.522 0.734 0.538 0.731 0.585 0.734 0.604 0.742 0.621 0.752 0.63 0.762 0.647 0.781 0.659 0.802 0.664 0.818 0.664 0.832 0.66 0.85 0.654 0.864 0.634 0.888 0.62 0.897 0.597 0.908
0 0.438 0.0 0.462 0.023 0.485 0.053 0.499 0.08 0.507 0.106 0.504 0.11 0.486 0.117 0.47 0.127 0.45 0.133 0.436 0.14 0.431 0.147 0.412 0.163 0.394 0.191 0.385 0.22 0.384 0.239 0.39 0.272 0.373 0.275 0.356 0.285 0.343 0.289 0.321 0.293 0.278 0.293 0.25 0.287 0.221 0.28 0.185 0.265 0.164 0.249 0.104 0.191 0.094 0.178 0.079 0.137 0.074 0.103 0.076 0.078 0.082 0.057 0.095 0.036 0.115 0.017 0.14 0.006 0.178 0.0
0 0.87 0.448 0.808 0.446 0.726 0.422 0.696 0.407 0.679 0.392 0.665 0.373 0.668 0.368 0.705 0.348 0.733 0.325 0.751 0.304 0.762 0.286 0.774 0.256 0.777 0.234 0.772 0.197 0.748 0.157 0.732 0.142 0.732 0.134 0.743 0.123 0.769 0.106 0.795 0.097 0.82 0.092 0.842 0.094 0.868 0.106 0.892 0.121 0.906 0.135 0.937 0.186 0.978 0.24 0.985 0.254 0.992 0.282 0.992 0.315 0.99 0.326 0.981 0.348 0.967 0.373 0.92 0.422 0.88 0.444 0.87 0.448
0 0.605 0.465 0.587 0.462 0.573 0.454 0.568 0.429 0.542 0.381 0.543 0.373 0.606 0.377 0.654 0.37 0.673 0.407 0.67 0.422 0.662 0.432 0.641 0.451 0.605 0.465
0 0.807 0.921 0.776 0.918 0.756 0.913 0.73 0.9 0.723 0.894 0.697 0.861 0.65 0.786 0.629 0.762 0.615 0.752 0.615 0.747 0.653 0.757 0.675 0.759 0.703 0.76 0.742 0.755 0.781 0.744 0.829 0.727 0.876 0.702 0.879 0.711 0.896 0.738 0.9 0.754 0.902 0.783 0.896 0.81 0.895 0.857 0.886 0.874 0.858 0.904 0.843 0.913 0.825 0.918 0.807 0.92
