0 0.272 0.431 0.234 0.429 0.214 0.42 0.2 0.407 0.19 0.4 0.177 0.385 0.169 0.37 0.164 0.354 0.162 0.337 0.162 0.317 0.167 0.289 0.172 0.273 0.187 0.249 0.206 0.23 0.222 0.219 0.235 0.216 0.27 0.216 0.29 0.223 0.303 0.234 0.323 0.257 0.331 0.272 0.336 0.288 0.341 0.323 0.337 0.341 0.33 0.356 0.328 0.371 0.323 0.387 0.315 0.402 0.302 0.417 0.288 0.427 0.272 0.431
0 0.386 0.481 0.366 0.471 0.35 0.456 0.344 0.449 0.335 0.429 0.33 0.41 0.326 0.372 0.329 0.353 0.337 0.331 0.345 0.315 0.358 0.3 0.372 0.291 0.384 0.287 0.43 0.29 0.459 0.304 0.47 0.317 0.475 0.328 0.455 0.332 0.429 0.347 0.408 0.37 0.392 0.403 0.387 0.419 0.384 0.436 0.383 0.465 0.386 0.481
0 0.564 0.621 0.542 0.619 0.527 0.613 0.517 0.605 0.501 0.585 0.49 0.559 0.511 0.558 0.531 0.549 0.547 0.536 0.559 0.518 0.568 0.488 0.571 0.45 0.565 0.417 0.552 0.393 0.566 0.389 0.577 0.389 0.59 0.392 0.602 0.399 0.611 0.408 0.628 0.418 0.641 0.433 0.649 0.448 0.654 0.464 0.657 0.495 0.657 0.514 0.65 0.552 0.641 0.571 0.631 0.585 0.616 0.599 0.601 0.609 0.564 0.621
0 0.254 0.674 0.232 0.666 0.193 0.666 0.19 0.664 0.166 0.636 0.152 0.597 0.147 0.575 0.147 0.558 0.152 0.538 0.167 0.502 0.178 0.489 0.208 0.462 0.228 0.452 0.241 0.449 0.277 0.454 0.307 0.472 0.32 0.487 0.333 0.509 0.34 0.527 0.343 0.549 0.343 0.565 0.333 0.58 0.328 0.592 0.321 0.634 0.307 0.651 0.291 0.664 0.274 0.671 0.254 0.674
0 0.437 0.295 0.425 0.29 0.398 0.287 0.371 0.292 0.357 0.282 0.344 0.267 0.336 0.242 0.334 0.229 0.335 0.191 0.341 0.16 0.355 0.14 0.389 0.111 0.398 0.109 0.415 0.11 0.438 0.123 0.451 0.138 0.46 0.154 0.47 0.177 0.476 0.197 0.477 0.236 0.47 0.259 0.457 0.28 0.437 0.295
0 0.593 0.391 0.579 0.388 0.559 0.39 0.553 0.388 0.541 0.37 0.509 0.341 0.496 0.333 0.475 0.327 0.468 0.297 0.469 0.277 0.472 0.261 0.487 0.227 0.501 0.208 0.512 0.197 0.525 0.19 0.542 0.186 0.563 0.186 0.578 0.19 0.61 0.213 0.619 0.224 0.627 0.239 0.632 0.255 0.634 0.272 0.631 0.332 0.618 0.36 0.596 0.39 0.593 0.391
0 0.418 0.746 0.397 0.741 0.365 0.723 0.337 0.687 0.322 0.648 0.321 0.634 0.322 0.613 0.342 0.557 0.359 0.537 0.372 0.527 0.386 0.521 0.403 0.52 0.412 0.531 0.427 0.541 0.448 0.548 0.45 0.552 0.462 0.553 0.489 0.563 0.494 0.567 0.499 0.581 0.513 0.6 0.512 0.653 0.504 0.684 0.494 0.704 0.477 0.723 0.46 0.737 0.443 0.743 0.418 0.746
0 0.482 0.563 0.421 0.54 0.409 0.53 0.39 0.499 0.385 0.483 0.382 0.461 0.382 0.436 0.387 0.414 0.398 0.389 0.41 0.367 0.421 0.353 0.437 0.339 0.452 0.331 0.465 0.328 0.485 0.328 0.503 0.334 0.52 0.345 0.535 0.359 0.553 0.382 0.561 0.398 0.567 0.416 0.572 0.453 0.571 0.48 0.566 0.5 0.558 0.518 0.542 0.543 0.536 0.548 0.517 0.557 0.482 0.563
0 0.62 0.889 0.605 0.889 0.589 0.885 0.558 0.87 0.54 0.857 0.526 0.84 0.519 0.827 0.508 0.801 0.502 0.775 0.5 0.753 0.5 0.729 0.503 0.714 0.51 0.695 0.522 0.678 0.553 0.645 0.575 0.632 0.594 0.631 0.614 0.634 0.635 0.643 0.653 0.656 0.67 0.677 0.677 0.689 0.687 0.713 0.695 0.748 0.697 0.765 0.696 0.795 0.69 0.818 0.683 0.839 0.674 0.853 0.659 0.871 0.638 0.884 0.62 0.889
0 0.714 0.517 0.698 0.516 0.686 0.512 0.662 0.493 0.654 0.482 0.651 0.461 0.644 0.442 0.637 0.43 0.635 0.416 0.635 0.397 0.638 0.38 0.643 0.364 0.651 0.349 0.66 0.337 0.673 0.327 0.687 0.319 0.704 0.315 0.72 0.315 0.735 0.319 0.75 0.327 0.761 0.338 0.777 0.363 0.783 0.384 0.787 0.406 0.787 0.424 0.784 0.441 0.776 0.467 0.768 0.482 0.755 0.498 0.742 0.507 0.714 0.51
