0 0.118 0.624 0.107 0.624 0.08 0.611 0.068 0.6 0.055 0.578 0.049 0.553 0.051 0.525 0.06 0.505 0.075 0.487 0.054 0.48 0.055 0.474 0.08 0.484 0.105 0.47 0.127 0.47 0.154 0.485 0.165 0.499 0.17 0.509 0.175 0.527 0.175 0.548 0.171 0.579 0.165 0.597 0.153 0.614 0.118 0.624
0 0.272 0.781 0.259 0.78 0.245 0.77 0.228 0.752 0.215 0.733 0.207 0.714 0.203 0.7 0.202 0.687 0.203 0.663 0.208 0.642 0.216 0.625 0.225 0.61 0.238 0.596 0.251 0.589 0.264 0.585 0.301 0.584 0.32 0.592 0.33 0.602 0.338 0.615 0.344 0.632 0.348 0.651 0.347 0.688 0.341 0.715 0.327 0.748 0.303 0.77 0.272 0.781
0 0.479 0.842 0.468 0.842 0.453 0.836 0.442 0.826 0.431 0.813 0.421 0.797 0.415 0.783 0.411 0.762 0.411 0.742 0.413 0.723 0.418 0.706 0.429 0.682 0.437 0.67 0.448 0.659 0.46 0.65 0.474 0.646 0.486 0.645 0.501 0.65 0.515 0.659 0.535 0.683 0.545 0.709 0.547 0.746 0.541 0.779 0.536 0.796 0.525 0.814 0.513 0.826 0.498 0.836 0.479 0.842
0 0.679 0.781 0.664 0.78 0.647 0.776 0.626 0.758 0.606 0.731 0.598 0.707 0.595 0.683 0.595 0.666 0.602 0.631 0.618 0.602 0.629 0.592 0.64 0.586 0.66 0.584 0.676 0.586 0.69 0.59 0.708 0.6 0.72 0.612 0.733 0.632 0.746 0.669 0.746 0.706 0.74 0.724 0.732 0.74 0.717 0.76 0.704 0.77 0.679 0.781
0 0.877 0.784 0.848 0.782 0.812 0.762 0.798 0.746 0.79 0.732 0.785 0.715 0.782 0.691 0.773 0.691 0.772 0.689 0.772 0.682 0.78 0.682 0.781 0.653 0.79 0.623 0.798 0.61 0.811 0.598 0.826 0.592 0.844 0.591 0.86 0.595 0.882 0.606 0.9 0.619 0.922 0.644 0.939 0.669 0.945 0.684 0.948 0.696 0.948 0.71 0.941 0.742 0.933 0.761 0.926 0.768 0.916 0.774 0.877 0.784
0 0.51 0.502 0.486 0.501 0.47 0.496 0.454 0.481 0.445 0.461 0.445 0.441 0.456 0.414 0.441 0.407 0.441 0.402 0.444 0.4 0.457 0.409 0.467 0.383 0.473 0.376 0.483 0.37 0.5 0.37 0.519 0.382 0.535 0.404 0.544 0.43 0.543 0.447 0.537 0.459 0.534 0.479 0.52 0.498 0.51 0.502
0 0.6 0.41 0.593 0.409 0.584 0.403 0.568 0.379 0.559 0.355 0.557 0.325 0.563 0.299 0.578 0.277 0.599 0.263 0.614 0.26 0.633 0.269 0.649 0.286 0.656 0.297 0.659 0.308 0.661 0.331 0.658 0.348 0.653 0.363 0.637 0.392 0.626 0.402 0.6 0.41
0 0.747 0.478 0.737 0.476 0.727 0.471 0.713 0.458 0.702 0.442 0.694 0.419 0.693 0.393 0.699 0.368 0.71 0.353 0.722 0.344 0.736 0.337 0.76 0.336 0.78 0.345 0.792 0.361 0.801 0.389 0.801 0.417 0.796 0.439 0.784 0.46 0.766 0.473 0.747 0.478
0 0.852 0.393 0.832 0.392 0.82 0.388 0.798 0.372 0.786 0.352 0.784 0.342 0.785 0.327 0.79 0.309 0.774 0.309 0.776 0.303 0.791 0.303 0.805 0.267 0.816 0.257 0.828 0.251 0.85 0.252 0.871 0.264 0.891 0.286 0.897 0.295 0.903 0.314 0.901 0.353 0.896 0.367 0.88 0.384 0.865 0.391 0.852 0.393
0 0.283 0.37 0.276 0.37 0.271 0.365 0.259 0.346 0.253 0.32 0.254 0.294 0.265 0.272 0.282 0.259 0.303 0.252 0.321 0.257 0.335 0.27 0.347 0.288 0.354 0.315 0.355 0.338 0.327 0.331 0.308 0.333 0.29 0.347 0.283 0.37
0 0.338 0.473 0.313 0.47 0.3 0.464 0.29 0.451 0.282 0.431 0.281 0.408 0.286 0.355 0.291 0.345 0.306 0.333 0.328 0.331 0.352 0.338 0.372 0.356 0.381 0.373 0.385 0.422 0.383 0.435 0.373 0.452 0.364 0.462 0.352 0.47 0.338 0.47
