0 0.13 0.71 0.118 0.71 0.103 0.706 0.08 0.689 0.061 0.658 0.046 0.61 0.046 0.574 0.054 0.55 0.064 0.531 0.074 0.516 0.096 0.501 0.111 0.496 0.151 0.497 0.175 0.505 0.189 0.513 0.196 0.519 0.217 0.549 0.222 0.572 0.221 0.615 0.213 0.65 0.201 0.67 0.192 0.681 0.168 0.699 0.13 0.71
0 0.606 0.734 0.581 0.734 0.565 0.723 0.546 0.704 0.527 0.667 0.52 0.636 0.52 0.62 0.524 0.591 0.532 0.571 0.55 0.548 0.572 0.533 0.58 0.53 0.597 0.53 0.616 0.534 0.642 0.55 0.657 0.569 0.667 0.598 0.67 0.618 0.668 0.648 0.663 0.675 0.658 0.689 0.641 0.708 0.606 0.734
0 0.848 0.844 0.816 0.844 0.773 0.822 0.764 0.813 0.754 0.795 0.736 0.737 0.735 0.724 0.736 0.698 0.74 0.678 0.748 0.659 0.755 0.647 0.772 0.63 0.787 0.619 0.806 0.611 0.842 0.612 0.872 0.628 0.89 0.646 0.9 0.662 0.907 0.682 0.912 0.709 0.914 0.723 0.913 0.762 0.907 0.787 0.899 0.809 0.878 0.834 0.864 0.841 0.848 0.844
0 0.711 0.551 0.686 0.548 0.677 0.541 0.664 0.524 0.642 0.487 0.638 0.464 0.636 0.437 0.64 0.424 0.653 0.402 0.661 0.378 0.672 0.364 0.684 0.355 0.7 0.348 0.731 0.346 0.757 0.356 0.767 0.364 0.778 0.377 0.792 0.411 0.796 0.428 0.796 0.445 0.79 0.481 0.78 0.51 0.773 0.522 0.732 0.548 0.711 0.551
0 0.856 0.326 0.831 0.325 0.819 0.32 0.804 0.308 0.8 0.303 0.791 0.277 0.788 0.259 0.788 0.238 0.795 0.214 0.803 0.202 0.824 0.181 0.851 0.17 0.87 0.168 0.887 0.173 0.896 0.18 0.91 0.196 0.918 0.217 0.921 0.248 0.918 0.266 0.91 0.284 0.905 0.291 0.882 0.314 0.856 0.326
0 0.68 0.33 0.654 0.328 0.646 0.325 0.631 0.314 0.618 0.293 0.611 0.271 0.611 0.252 0.615 0.229 0.624 0.203 0.635 0.188 0.654 0.174 0.664 0.17 0.68 0.171 0.693 0.176 0.715 0.191 0.724 0.202 0.733 0.232 0.733 0.261 0.726 0.29 0.711 0.312 0.701 0.321 0.68 0.33
0 0.494 0.457 0.485 0.457 0.475 0.453 0.461 0.442 0.453 0.431 0.446 0.414 0.444 0.384 0.448 0.359 0.459 0.34 0.479 0.324 0.49 0.32 0.496 0.312 0.501 0.31 0.502 0.314 0.497 0.32 0.507 0.319 0.513 0.322 0.527 0.333 0.531 0.34 0.541 0.363 0.543 0.393 0.538 0.419 0.526 0.445 0.511 0.454 0.494 0.457
0 0.418 0.608 0.389 0.606 0.368 0.595 0.342 0.563 0.334 0.539 0.332 0.507 0.338 0.47 0.346 0.451 0.355 0.436 0.372 0.418 0.404 0.414 0.415 0.414 0.428 0.419 0.445 0.432 0.463 0.451 0.472 0.466 0.482 0.493 0.483 0.525 0.482 0.541 0.478 0.557 0.464 0.58 0.452 0.59 0.43 0.604 0.418 0.608
0 0.342 0.399 0.316 0.399 0.309 0.39 0.3 0.369 0.279 0.341 0.276 0.314 0.284 0.288 0.302 0.254 0.315 0.241 0.332 0.232 0.349 0.231 0.364 0.236 0.377 0.244 0.392 0.262 0.394 0.259 0.397 0.261 0.397 0.272 0.405 0.291 0.409 0.31 0.41 0.339 0.398 0.368 0.389 0.378 0.371 0.39 0.342 0.399
0 0.495 0.276 0.479 0.276 0.468 0.271 0.453 0.255 0.445 0.234 0.443 0.202 0.446 0.189 0.454 0.174 0.47 0.16 0.496 0.157 0.507 0.162 0.517 0.174 0.527 0.201 0.527 0.222 0.52 0.247 0.509 0.266 0.495 0.276
0 0.618 0.218 0.605 0.204 0.597 0.174 0.598 0.141 0.601 0.132 0.61 0.116 0.626 0.104 0.651 0.101 0.658 0.103 0.664 0.099 0.668 0.101 0.663 0.106 0.674 0.105 0.69 0.114 0.696 0.124 0.699 0.135 0.7 0.16 0.697 0.176 0.694 0.178 0.679 0.171 0.662 0.171 0.653 0.175 0.638 0.186 0.628 0.196 0.618 0.21
