0 0.0 0.002 0.156 0.002 0.156 0.005 0.154 0.033 0.143 0.07 0.132 0.089 0.112 0.107 0.091 0.115 0.068 0.12 0.056 0.12 0.05 0.119 0.038 0.111 0.032 0.114 0.0 0.099
0 0.233 0.192 0.215 0.191 0.194 0.179 0.175 0.16 0.155 0.13 0.15 0.116 0.146 0.094 0.147 0.059 0.153 0.039 0.17 0.002 0.299 0.002 0.306 0.018 0.309 0.051 0.308 0.085 0.304 0.103 0.281 0.158 0.273 0.172 0.256 0.186 0.233 0.192
0 0.109 0.353 0.088 0.337 0.067 0.326 0.044 0.319 0.023 0.32 0.003 0.295 0.003 0.166 0.021 0.139 0.042 0.119 0.057 0.121 0.076 0.12 0.104 0.112 0.123 0.1 0.13 0.1 0.133 0.106 0.14 0.109 0.148 0.118 0.177 0.168 0.184 0.189 0.189 0.212 0.193 0.249 0.182 0.257 0.169 0.276 0.155 0.309 0.145 0.339 0.131 0.347 0.109 0.353
0 0.0 0.329 0.024 0.321 0.035 0.319 0.05 0.321 0.074 0.329 0.091 0.339 0.116 0.361 0.132 0.385 0.135 0.398 0.134 0.404 0.123 0.403 0.118 0.407 0.112 0.408 0.075 0.398 0.065 0.393 0.042 0.392 0.026 0.398 0.0 0.416
0 0.108 0.664 0.066 0.663 0.042 0.657 0.022 0.644 0.0 0.619 0.0 0.418 0.018 0.403 0.042 0.393 0.057 0.393 0.097 0.403 0.117 0.412 0.135 0.415 0.164 0.425 0.187 0.435 0.198 0.444 0.21 0.459 0.22 0.479 0.227 0.512 0.226 0.543 0.215 0.584 0.203 0.61 0.193 0.624 0.182 0.636 0.162 0.652 0.141 0.66 0.108 0.664
0 0.001 0.789 0.0 0.621 0.029 0.649 0.041 0.657 0.055 0.662 0.104 0.664 0.138 0.661 0.147 0.717 0.143 0.743 0.138 0.758 0.122 0.755 0.084 0.756 0.046 0.768 0.017 0.78 0.001 0.789
0 0.0 0.789 0.032 0.773 0.083 0.756 0.128 0.755 0.151 0.765 0.173 0.784 0.193 0.814 0.201 0.829 0.208 0.847 0.212 0.867 0.217 0.924 0.215 0.951 0.202 0.977 0.196 0.997 0.151 0.997 0.171 0.993 0.175 0.982 0.17 0.98 0.167 0.974 0.152 0.977 0.146 0.974 0.126 0.983 0.123 0.987 0.123 0.995 0.134 0.997 0.0 0.997
0 0.229 0.514 0.227 0.513 0.219 0.477 0.21 0.459 0.199 0.445 0.186 0.436 0.14 0.418 0.135 0.414 0.146 0.336 0.16 0.295 0.171 0.271 0.183 0.256 0.206 0.246 0.224 0.245 0.244 0.25 0.261 0.26 0.285 0.282 0.294 0.294 0.302 0.308 0.31 0.33 0.313 0.35 0.312 0.375 0.307 0.407 0.305 0.432 0.302 0.449 0.296 0.463 0.282 0.485 0.263 0.504 0.229 0.514
0 0.202 0.773 0.186 0.765 0.166 0.743 0.148 0.715 0.136 0.673 0.126 0.671 0.124 0.667 0.127 0.665 0.131 0.668 0.134 0.664 0.133 0.662 0.153 0.656 0.166 0.649 0.182 0.637 0.194 0.623 0.201 0.607 0.214 0.586 0.218 0.573 0.225 0.547 0.228 0.513 0.255 0.505 0.285 0.509 0.297 0.513 0.312 0.529 0.328 0.555 0.308 0.559 0.288 0.568 0.27 0.584 0.247 0.614 0.226 0.658 0.218 0.692 0.217 0.729 0.224 0.771 0.202 0.773
0 0.217 0.944 0.216 0.939 0.217 0.927 0.217 0.906 0.213 0.874 0.208 0.85 0.198 0.822 0.174 0.787 0.189 0.776 0.208 0.77 0.224 0.771 0.234 0.801 0.247 0.823 0.266 0.849 0.295 0.874 0.268 0.891 0.25 0.907 0.217 0.944
0 0.302 0.872 0.293 0.872 0.294 0.87 0.293 0.868 0.29 0.869 0.267 0.849 0.248 0.826 0.234 0.803 0.223 0.767 0.218 0.742 0.217 0.728 0.218 0.691 0.223 0.668 0.23 0.649 0.253 0.602 0.26 0.593 0.282 0.572 0.302 0.56 0.328 0.555 0.345 0.556 0.359 0.56 0.371 0.569 0.399 0.578 0.411 0.588 0.421 0.599 0.443 0.643 0.453 0.676 0.455 0.704 0.452 0.734 0.442 0.773 0.425 0.816 0.408 0.841 0.393 0.857 0.382 0.864 0.359 0.863 0.34 0.868 0.32 0.866 0.302 0.872
0 0.487 0.995 0.197 0.995 0.196 0.992 0.214 0.953 0.227 0.933 0.251 0.906 0.278 0.883 0.292 0.876 0.313 0.869 0.339 0.869 0.361 0.864 0.382 0.864 0.421 0.881 0.441 0.9 0.463 0.933 0.476 0.958 0.483 0.974 0.488 0.992 0.487 0.995
0 0.484 0.966 0.478 0.961 0.462 0.93 0.453 0.919 0.44 0.898 0.423 0.882 0.397 0.869 0.395 0.864 0.398 0.854 0.425 0.815 0.435 0.784 0.443 0.77 0.463 0.772 0.483 0.777 0.516 0.793 0.532 0.81 0.55 0.846 0.55 0.851 0.538 0.863 0.529 0.876 0.526 0.877 0.52 0.886 0.516 0.885 0.513 0.887 0.512 0.893 0.508 0.897 0.506 0.904 0.507 0.91 0.504 0.921 0.505 0.927 0.5 0.945 0.488 0.964 0.484 0.966
0 0.455 0.736 0.451 0.736 0.453 0.696 0.45 0.671 0.441 0.641 0.422 0.601 0.403 0.582 0.37 0.569 0.347 0.557 0.355 0.535 0.367 0.517 0.394 0.524 0.428 0.524 0.447 0.521 0.461 0.516 0.485 0.502 0.492 0.508 0.505 0.511 0.523 0.521 0.54 0.544 0.548 0.56 0.556 0.59 0.556 0.62 0.55 0.65 0.542 0.673 0.526 0.697 0.51 0.716 0.498 0.725 0.478 0.734 0.455 0.736
0 0.417 0.526 0.387 0.524 0.357 0.511 0.348 0.504 0.34 0.495 0.329 0.477 0.319 0.453 0.313 0.43 0.312 0.403 0.314 0.384 0.319 0.361 0.328 0.34 0.344 0.316 0.355 0.304 0.371 0.293 0.38 0.29 0.43 0.287 0.443 0.291 0.458 0.302 0.472 0.316 0.487 0.34 0.497 0.367 0.504 0.4 0.506 0.424 0.505 0.452 0.499 0.476 0.489 0.495 0.477 0.508 0.466 0.515 0.448 0.521 0.417 0.526
0 0.324 0.349 0.312 0.339 0.303 0.311 0.289 0.287 0.282 0.267 0.281 0.24 0.285 0.211 0.296 0.183 0.304 0.169 0.315 0.155 0.331 0.146 0.35 0.141 0.374 0.14 0.387 0.143 0.412 0.154 0.428 0.166 0.444 0.183 0.457 0.204 0.466 0.233 0.471 0.278 0.47 0.298 0.467 0.31 0.448 0.294 0.436 0.288 0.405 0.287 0.379 0.29 0.366 0.296 0.35 0.309 0.333 0.331 0.324 0.349
0 0.438 0.176 0.408 0.153 0.379 0.142 0.352 0.141 0.331 0.146 0.322 0.13 0.315 0.111 0.309 0.078 0.311 0.045 0.316 0.023 0.324 0.003 0.455 0.004 0.465 0.03 0.47 0.048 0.472 0.065 0.472 0.1 0.467 0.126 0.46 0.143 0.45 0.162 0.438 0.176
0 0.642 0.0 0.647 0.017 0.65 0.038 0.648 0.076 0.641 0.124 0.634 0.142 0.623 0.16 0.609 0.145 0.593 0.134 0.584 0.13 0.567 0.128 0.555 0.128 0.544 0.132 0.528 0.141 0.504 0.16 0.492 0.143 0.484 0.126 0.475 0.098 0.473 0.085 0.473 0.064 0.475 0.05 0.481 0.025 0.491 0.0
0 0.52 0.35 0.501 0.337 0.492 0.327 0.483 0.315 0.474 0.297 0.471 0.286 0.467 0.245 0.468 0.222 0.472 0.207 0.479 0.19 0.493 0.17 0.516 0.15 0.537 0.135 0.547 0.13 0.567 0.128 0.593 0.134 0.611 0.147 0.624 0.163 0.633 0.179 0.641 0.202 0.646 0.225 0.648 0.25 0.645 0.271 0.638 0.298 0.627 0.321 0.61 0.342 0.589 0.331 0.564 0.329 0.541 0.335 0.52 0.35
0 0.594 0.578 0.571 0.576 0.56 0.57 0.549 0.561 0.541 0.545 0.524 0.521 0.502 0.467 0.506 0.441 0.506 0.416 0.503 0.388 0.506 0.372 0.513 0.36 0.528 0.343 0.548 0.332 0.566 0.329 0.588 0.33 0.61 0.343 0.632 0.368 0.646 0.387 0.662 0.418 0.668 0.437 0.669 0.464 0.666 0.489 0.662 0.508 0.65 0.534 0.64 0.55 0.629 0.561 0.594 0.578
0 0.621 0.805 0.599 0.803 0.585 0.796 0.578 0.791 0.563 0.77 0.554 0.751 0.545 0.716 0.543 0.687 0.545 0.664 0.559 0.62 0.573 0.598 0.589 0.581 0.626 0.562 0.643 0.556 0.668 0.554 0.683 0.558 0.7 0.568 0.719 0.584 0.733 0.602 0.744 0.62 0.751 0.639 0.758 0.666 0.76 0.698 0.758 0.717 0.75 0.743 0.745 0.752 0.727 0.772 0.699 0.787 0.664 0.789 0.643 0.8 0.621 0.805
0 0.715 1.0 0.488 1.0 0.487 0.987 0.493 0.96 0.503 0.939 0.51 0.911 0.52 0.889 0.529 0.879 0.54 0.861 0.571 0.829 0.59 0.819 0.608 0.818 0.63 0.826 0.653 0.841 0.662 0.85 0.686 0.881 0.699 0.906 0.71 0.939 0.714 0.966 0.715 1.0
0 0.701 0.911 0.686 0.881 0.659 0.847 0.633 0.828 0.603 0.817 0.613 0.808 0.64 0.803 0.667 0.789 0.693 0.789 0.72 0.807 0.727 0.814 0.714 0.844 0.709 0.865 0.707 0.891 0.701 0.911
0 0.998 0.993 0.715 0.993 0.712 0.952 0.703 0.914 0.705 0.892 0.713 0.844 0.727 0.814 0.737 0.8 0.769 0.772 0.783 0.765 0.801 0.759 0.823 0.757 0.854 0.763 0.873 0.769 0.931 0.806 0.97 0.848 0.996 0.886 0.998 0.89 0.998 0.993
0 0.965 0.843 0.931 0.807 0.914 0.796 0.873 0.77 0.834 0.758 0.814 0.757 0.791 0.762 0.77 0.772 0.745 0.793 0.748 0.762 0.761 0.701 0.769 0.684 0.78 0.668 0.796 0.655 0.811 0.648 0.829 0.647 0.85 0.65 0.865 0.655 0.883 0.665 0.9 0.678 0.929 0.708 0.942 0.725 0.948 0.737 0.957 0.758 0.963 0.787 0.966 0.809 0.965 0.843
0 0.782 0.664 0.757 0.661 0.748 0.63 0.735 0.605 0.714 0.579 0.69 0.561 0.686 0.539 0.686 0.519 0.689 0.504 0.7 0.461 0.712 0.441 0.723 0.426 0.733 0.417 0.747 0.409 0.774 0.401 0.792 0.4 0.812 0.404 0.822 0.425 0.839 0.449 0.854 0.461 0.878 0.475 0.886 0.505 0.889 0.537 0.886 0.554 0.877 0.586 0.856 0.618 0.842 0.632 0.823 0.647 0.805 0.651 0.782 0.664
0 0.731 0.418 0.708 0.416 0.685 0.403 0.677 0.396 0.656 0.369 0.643 0.346 0.636 0.328 0.635 0.31 0.646 0.266 0.647 0.228 0.66 0.201 0.669 0.188 0.683 0.174 0.699 0.164 0.717 0.161 0.746 0.161 0.775 0.166 0.798 0.174 0.813 0.184 0.824 0.196 0.831 0.209 0.835 0.22 0.833 0.228 0.816 0.256 0.808 0.282 0.805 0.315 0.806 0.387 0.789 0.4 0.755 0.407 0.731 0.418
0 0.788 0.0 0.783 0.021 0.783 0.063 0.787 0.084 0.802 0.122 0.802 0.129 0.799 0.136 0.786 0.15 0.775 0.157 0.743 0.155 0.731 0.158 0.71 0.159 0.691 0.164 0.677 0.157 0.664 0.143 0.655 0.123 0.649 0.1 0.648 0.077 0.651 0.049 0.654 0.035 0.662 0.017 0.674 0.0
0 0.888 0.177 0.865 0.175 0.844 0.166 0.823 0.147 0.807 0.125 0.795 0.104 0.782 0.075 0.776 0.031 0.783 0.017 0.783 0.01 0.781 0.008 0.782 0.004 0.785 0.004 0.788 0.0 1.0 0.0 1.0 0.151 0.981 0.161 0.961 0.168 0.925 0.17 0.888 0.177
0 0.931 0.484 0.9 0.48 0.863 0.467 0.844 0.454 0.827 0.434 0.812 0.406 0.806 0.383 0.807 0.29 0.812 0.268 0.82 0.249 0.836 0.223 0.854 0.204 0.875 0.19 0.901 0.178 0.92 0.174 0.965 0.174 0.99 0.182 1.0 0.188 1.0 0.46 0.99 0.469 0.976 0.476 0.961 0.48 0.931 0.484
0 0.988 0.742 0.968 0.741 0.947 0.734 0.935 0.715 0.895 0.674 0.887 0.658 0.879 0.631 0.877 0.612 0.877 0.595 0.878 0.584 0.894 0.533 0.903 0.518 0.918 0.5 0.935 0.486 0.979 0.475 1.0 0.46 1.0 0.741 0.988 0.742
0 1.0 0.892 0.985 0.868 0.966 0.842 0.966 0.814 0.965 0.795 0.968 0.783 0.972 0.776 0.985 0.762 1.0 0.75 1.0 0.89
