0 0.117 0.194 0.08 0.188 0.061 0.179 0.043 0.164 0.031 0.14 0.025 0.115 0.027 0.083 0.038 0.072 0.072 0.056 0.109 0.047 0.142 0.047 0.172 0.062 0.191 0.079 0.204 0.086 0.194 0.116 0.163 0.131 0.148 0.149 0.137 0.169 0.138 0.191 0.117 0.194
0 0.205 0.084 0.195 0.082 0.165 0.058 0.138 0.044 0.137 0.028 0.151 0.0 0.262 0.0 0.275 0.006 0.283 0.004 0.289 0.009 0.296 0.04 0.287 0.057 0.275 0.067 0.239 0.066 0.224 0.07 0.205 0.084
0 0.322 0.144 0.316 0.143 0.301 0.132 0.285 0.125 0.254 0.116 0.222 0.111 0.195 0.116 0.203 0.088 0.216 0.074 0.241 0.067 0.281 0.069 0.289 0.067 0.29 0.062 0.297 0.061 0.296 0.067 0.318 0.075 0.322 0.084 0.319 0.093 0.324 0.103 0.334 0.107 0.337 0.117 0.333 0.134 0.328 0.142 0.322 0.144
0 0.241 0.27 0.207 0.261 0.183 0.25 0.155 0.225 0.143 0.206 0.137 0.188 0.136 0.168 0.155 0.138 0.174 0.124 0.212 0.112 0.251 0.115 0.301 0.132 0.312 0.14 0.327 0.159 0.337 0.178 0.332 0.21 0.317 0.221 0.312 0.235 0.295 0.246 0.287 0.258 0.288 0.263 0.278 0.267 0.241 0.27
0 0.456 0.0 0.472 0.014 0.482 0.033 0.486 0.077 0.479 0.084 0.472 0.086 0.466 0.095 0.432 0.09 0.41 0.09 0.38 0.099 0.367 0.096 0.344 0.079 0.33 0.065 0.323 0.049 0.323 0.019 0.338 0.0
0 0.529 0.1 0.52 0.098 0.492 0.08 0.486 0.053 0.49 0.025 0.522 0.001 0.589 0.001 0.602 0.028 0.617 0.043 0.644 0.058 0.642 0.064 0.624 0.083 0.596 0.099 0.539 0.093 0.529 0.1
0 0.665 0.061 0.643 0.059 0.615 0.043 0.593 0.02 0.588 0.001 0.773 0.001 0.773 0.021 0.751 0.035 0.729 0.046 0.696 0.056 0.665 0.061
0 0.808 0.0 0.832 0.016 0.843 0.036 0.829 0.105 0.808 0.127 0.782 0.139 0.766 0.144 0.731 0.144 0.713 0.139 0.692 0.124 0.669 0.084 0.668 0.061 0.697 0.054 0.742 0.036 0.768 0.017 0.773 0.0
0 0.9 0.143 0.875 0.141 0.839 0.115 0.832 0.103 0.832 0.09 0.834 0.076 0.842 0.066 0.861 0.054 0.886 0.048 0.913 0.05 0.953 0.059 0.978 0.058 0.976 0.071 0.967 0.083 0.964 0.106 0.955 0.12 0.934 0.135 0.917 0.142 0.9 0.143
0 0.585 0.202 0.545 0.197 0.53 0.191 0.518 0.182 0.517 0.151 0.508 0.126 0.527 0.103 0.531 0.093 0.539 0.09 0.59 0.098 0.61 0.105 0.624 0.116 0.629 0.125 0.641 0.165 0.615 0.18 0.592 0.201 0.585 0.202
0 0.497 0.203 0.452 0.19 0.415 0.186 0.398 0.187 0.353 0.199 0.343 0.184 0.337 0.153 0.346 0.128 0.366 0.106 0.377 0.099 0.411 0.088 0.432 0.089 0.447 0.091 0.468 0.098 0.496 0.114 0.513 0.14 0.517 0.16 0.514 0.178 0.497 0.203
0 0.431 0.339 0.386 0.339 0.354 0.332 0.314 0.311 0.304 0.3 0.298 0.284 0.298 0.262 0.327 0.218 0.363 0.197 0.401 0.186 0.453 0.19 0.477 0.199 0.497 0.215 0.516 0.241 0.52 0.251 0.518 0.278 0.5 0.307 0.471 0.327 0.431 0.339
0 0.154 0.332 0.14 0.329 0.12 0.314 0.09 0.305 0.082 0.29 0.087 0.278 0.116 0.254 0.138 0.243 0.17 0.238 0.205 0.26 0.241 0.271 0.244 0.294 0.239 0.307 0.208 0.314 0.183 0.328 0.154 0.332
0 0.052 0.397 0.041 0.397 0.042 0.382 0.02 0.362 0.016 0.35 0.018 0.337 0.024 0.327 0.039 0.315 0.065 0.307 0.083 0.307 0.127 0.321 0.153 0.343 0.153 0.349 0.14 0.364 0.142 0.37 0.137 0.381 0.146 0.389 0.113 0.387 0.052 0.397
0 0.674 0.335 0.653 0.331 0.632 0.322 0.609 0.301 0.585 0.288 0.574 0.272 0.584 0.255 0.579 0.234 0.582 0.215 0.6 0.192 0.623 0.174 0.649 0.161 0.674 0.153 0.705 0.147 0.733 0.146 0.79 0.154 0.818 0.163 0.824 0.168 0.85 0.174 0.856 0.18 0.877 0.183 0.885 0.189 0.911 0.186 0.92 0.192 0.923 0.205 0.909 0.206 0.9 0.222 0.864 0.25 0.854 0.271 0.84 0.287 0.804 0.317 0.786 0.326 0.761 0.332 0.715 0.328 0.674 0.335
0 0.3 0.441 0.29 0.437 0.285 0.429 0.287 0.426 0.273 0.41 0.253 0.395 0.231 0.393 0.217 0.394 0.206 0.403 0.169 0.413 0.158 0.394 0.138 0.382 0.139 0.363 0.153 0.347 0.174 0.339 0.188 0.324 0.212 0.313 0.256 0.303 0.282 0.303 0.3 0.305 0.342 0.329 0.357 0.346 0.366 0.366 0.367 0.406 0.327 0.43 0.3 0.441
0 0.093 0.476 0.063 0.471 0.053 0.466 0.026 0.438 0.014 0.43 0.011 0.409 0.035 0.399 0.077 0.394 0.112 0.386 0.153 0.392 0.16 0.397 0.167 0.416 0.147 0.428 0.139 0.437 0.135 0.449 0.137 0.464 0.093 0.476
0 0.331 0.582 0.288 0.581 0.267 0.574 0.255 0.565 0.238 0.543 0.237 0.513 0.249 0.483 0.275 0.457 0.319 0.442 0.348 0.441 0.401 0.451 0.428 0.461 0.446 0.479 0.457 0.506 0.457 0.513 0.448 0.533 0.423 0.557 0.377 0.577 0.331 0.582
0 0.216 0.495 0.184 0.493 0.152 0.48 0.137 0.465 0.134 0.446 0.142 0.431 0.157 0.42 0.209 0.401 0.214 0.394 0.226 0.394 0.245 0.397 0.262 0.412 0.275 0.431 0.271 0.437 0.278 0.455 0.256 0.474 0.242 0.494 0.216 0.495
0 0.838 0.43 0.825 0.425 0.803 0.408 0.808 0.39 0.806 0.373 0.793 0.352 0.774 0.338 0.774 0.33 0.796 0.32 0.825 0.302 0.878 0.286 0.919 0.285 0.948 0.292 0.971 0.305 0.997 0.343 0.997 0.359 0.98 0.391 0.961 0.407 0.936 0.421 0.904 0.428 0.864 0.425 0.838 0.43
0 0.725 0.443 0.69 0.44 0.67 0.434 0.647 0.416 0.638 0.397 0.642 0.367 0.653 0.351 0.676 0.335 0.718 0.328 0.746 0.329 0.78 0.341 0.796 0.355 0.808 0.38 0.806 0.398 0.794 0.412 0.76 0.434 0.725 0.443
0 0.654 0.436 0.609 0.408 0.591 0.402 0.562 0.397 0.51 0.396 0.488 0.436 0.463 0.424 0.445 0.409 0.441 0.399 0.441 0.383 0.453 0.359 0.477 0.328 0.511 0.31 0.533 0.306 0.569 0.31 0.609 0.327 0.63 0.347 0.649 0.352 0.64 0.377 0.639 0.398 0.645 0.414 0.657 0.426 0.657 0.436 0.654 0.436
0 0.589 0.514 0.574 0.514 0.563 0.508 0.528 0.5 0.513 0.492 0.497 0.474 0.489 0.454 0.489 0.435 0.507 0.4 0.515 0.396 0.56 0.397 0.597 0.404 0.629 0.419 0.654 0.442 0.66 0.459 0.656 0.479 0.645 0.488 0.618 0.499 0.6 0.511 0.589 0.514
0 0.899 0.567 0.846 0.551 0.81 0.555 0.797 0.528 0.769 0.494 0.769 0.48 0.779 0.465 0.792 0.457 0.807 0.452 0.823 0.435 0.85 0.426 0.884 0.425 0.906 0.429 0.999 0.466 0.999 0.519 0.955 0.547 0.899 0.567
0 0.825 0.695 0.773 0.693 0.757 0.688 0.741 0.657 0.729 0.645 0.703 0.629 0.703 0.62 0.716 0.595 0.756 0.567 0.781 0.559 0.815 0.557 0.826 0.553 0.847 0.551 0.873 0.559 0.887 0.574 0.927 0.6 0.934 0.614 0.935 0.63 0.925 0.653 0.897 0.677 0.864 0.689 0.825 0.695
0 0.506 0.575 0.474 0.566 0.457 0.557 0.413 0.564 0.434 0.549 0.452 0.526 0.456 0.506 0.441 0.473 0.444 0.472 0.472 0.469 0.496 0.474 0.523 0.498 0.542 0.505 0.564 0.508 0.573 0.514 0.578 0.531 0.576 0.547 0.555 0.557 0.536 0.572 0.506 0.575
0 0.493 0.473 0.47 0.469 0.441 0.472 0.427 0.46 0.41 0.453 0.346 0.44 0.346 0.412 0.37 0.402 0.383 0.406 0.399 0.4 0.418 0.4 0.439 0.405 0.467 0.426 0.487 0.437 0.493 0.473
0 0.703 0.603 0.68 0.602 0.679 0.589 0.673 0.577 0.641 0.556 0.62 0.548 0.591 0.545 0.584 0.542 0.579 0.537 0.576 0.52 0.577 0.516 0.6 0.511 0.617 0.499 0.642 0.489 0.656 0.477 0.661 0.466 0.685 0.46 0.705 0.462 0.769 0.482 0.772 0.499 0.797 0.529 0.809 0.555 0.774 0.56 0.754 0.567 0.731 0.582 0.71 0.601 0.703 0.603
0 0.212 0.594 0.17 0.577 0.126 0.579 0.094 0.593 0.077 0.581 0.069 0.564 0.072 0.536 0.081 0.514 0.105 0.493 0.126 0.486 0.155 0.483 0.188 0.498 0.208 0.501 0.232 0.518 0.248 0.566 0.231 0.584 0.212 0.594
0 0.572 0.638 0.553 0.634 0.543 0.627 0.532 0.605 0.53 0.591 0.535 0.577 0.547 0.562 0.573 0.549 0.591 0.545 0.623 0.548 0.671 0.576 0.679 0.593 0.674 0.612 0.672 0.615 0.657 0.611 0.643 0.618 0.601 0.627 0.572 0.638
0 0.445 0.663 0.375 0.653 0.361 0.658 0.367 0.645 0.356 0.631 0.354 0.611 0.361 0.594 0.379 0.577 0.409 0.565 0.455 0.557 0.494 0.572 0.513 0.584 0.518 0.591 0.521 0.613 0.516 0.629 0.497 0.648 0.486 0.654 0.445 0.663
0 0.166 0.687 0.146 0.686 0.097 0.671 0.082 0.657 0.07 0.637 0.071 0.619 0.082 0.602 0.111 0.585 0.132 0.578 0.158 0.577 0.178 0.579 0.222 0.601 0.241 0.622 0.24 0.641 0.225 0.659 0.193 0.68 0.166 0.687
0 0.067 0.558 0.051 0.555 0.036 0.547 0.016 0.524 0.01 0.509 0.012 0.497 0.028 0.482 0.044 0.474 0.061 0.471 0.092 0.476 0.112 0.49 0.091 0.503 0.079 0.516 0.067 0.558
0 0.334 0.686 0.327 0.686 0.32 0.675 0.291 0.657 0.26 0.652 0.232 0.654 0.24 0.642 0.241 0.625 0.234 0.611 0.219 0.597 0.243 0.573 0.253 0.567 0.276 0.578 0.29 0.581 0.337 0.583 0.375 0.578 0.356 0.601 0.354 0.622 0.366 0.646 0.36 0.658 0.374 0.654 0.384 0.658 0.353 0.673 0.334 0.686
0 0.874 0.737 0.848 0.733 0.839 0.726 0.837 0.719 0.824 0.711 0.822 0.713 0.822 0.696 0.867 0.687 0.897 0.676 0.919 0.658 0.933 0.634 0.966 0.633 0.982 0.636 0.988 0.642 0.988 0.648 0.999 0.657 0.998 0.714 0.984 0.723 0.958 0.73 0.938 0.728 0.9 0.736 0.874 0.737
0 0.125 0.845 0.092 0.833 0.069 0.829 0.061 0.829 0.053 0.833 0.031 0.834 0.027 0.808 0.041 0.782 0.05 0.773 0.086 0.756 0.133 0.759 0.14 0.766 0.14 0.77 0.121 0.794 0.118 0.805 0.118 0.819 0.125 0.845
0 0.072 0.997 0.001 0.997 0.001 0.843 0.059 0.832 0.092 0.833 0.125 0.845 0.163 0.88 0.172 0.901 0.171 0.906 0.13 0.921 0.113 0.943 0.103 0.964 0.102 0.997 0.072 0.997
0 0.304 0.998 0.107 0.998 0.101 0.984 0.104 0.959 0.127 0.927 0.158 0.911 0.207 0.898 0.236 0.898 0.268 0.901 0.291 0.908 0.305 0.921 0.314 0.935 0.329 0.996 0.304 0.998
0 0.077 0.728 0.057 0.726 0.033 0.716 0.012 0.701 0.004 0.687 0.006 0.662 0.01 0.653 0.028 0.636 0.051 0.625 0.07 0.627 0.067 0.659 0.08 0.682 0.094 0.693 0.132 0.709 0.124 0.72 0.077 0.728
0 0.453 0.984 0.431 0.982 0.417 0.976 0.393 0.958 0.382 0.943 0.4 0.923 0.402 0.915 0.42 0.901 0.444 0.872 0.469 0.883 0.5 0.89 0.507 0.899 0.511 0.919 0.509 0.941 0.497 0.961 0.483 0.973 0.453 0.984
0 0.57 0.982 0.549 0.982 0.532 0.977 0.516 0.969 0.502 0.956 0.51 0.935 0.506 0.89 0.545 0.886 0.594 0.872 0.615 0.862 0.623 0.852 0.644 0.863 0.657 0.883 0.664 0.907 0.66 0.927 0.641 0.953 0.62 0.969 0.593 0.98 0.57 0.982
0 0.262 0.77 0.233 0.768 0.199 0.761 0.186 0.751 0.169 0.725 0.169 0.713 0.177 0.694 0.228 0.656 0.253 0.652 0.277 0.654 0.297 0.66 0.316 0.675 0.321 0.676 0.327 0.69 0.32 0.71 0.324 0.731 0.319 0.739 0.282 0.766 0.262 0.77
0 0.248 0.877 0.163 0.877 0.148 0.867 0.132 0.851 0.118 0.82 0.12 0.796 0.13 0.779 0.156 0.758 0.187 0.755 0.21 0.765 0.262 0.772 0.287 0.791 0.287 0.816 0.28 0.823 0.275 0.839 0.254 0.86 0.248 0.877
0 0.756 0.87 0.707 0.865 0.681 0.857 0.653 0.84 0.642 0.824 0.651 0.788 0.648 0.772 0.639 0.758 0.667 0.749 0.702 0.744 0.733 0.728 0.764 0.731 0.805 0.746 0.832 0.763 0.847 0.787 0.848 0.803 0.842 0.825 0.789 0.861 0.756 0.87
0 0.582 0.873 0.543 0.872 0.522 0.868 0.479 0.85 0.458 0.835 0.441 0.811 0.434 0.781 0.444 0.762 0.47 0.741 0.512 0.73 0.548 0.737 0.582 0.737 0.616 0.745 0.644 0.763 0.652 0.782 0.65 0.81 0.641 0.825 0.626 0.84 0.623 0.861 0.596 0.872 0.582 0.873
0 0.677 0.75 0.63 0.746 0.571 0.734 0.544 0.716 0.534 0.695 0.539 0.668 0.568 0.641 0.603 0.626 0.646 0.617 0.657 0.611 0.665 0.612 0.675 0.618 0.698 0.626 0.73 0.646 0.748 0.668 0.754 0.682 0.751 0.705 0.735 0.725 0.707 0.743 0.677 0.75
0 0.428 0.778 0.408 0.777 0.398 0.763 0.388 0.762 0.379 0.767 0.375 0.766 0.364 0.754 0.349 0.749 0.335 0.739 0.321 0.722 0.321 0.705 0.337 0.684 0.363 0.667 0.384 0.659 0.412 0.659 0.44 0.665 0.461 0.679 0.478 0.701 0.479 0.713 0.474 0.733 0.428 0.778
0 0.373 0.941 0.357 0.937 0.336 0.921 0.336 0.916 0.326 0.91 0.312 0.892 0.3 0.883 0.287 0.864 0.285 0.841 0.295 0.816 0.314 0.797 0.34 0.783 0.368 0.775 0.391 0.762 0.4 0.765 0.401 0.775 0.426 0.79 0.435 0.8 0.439 0.813 0.45 0.827 0.453 0.856 0.423 0.898 0.401 0.914 0.399 0.923 0.387 0.936 0.373 0.94
