0 0.249 0.521 0.225 0.519 0.206 0.511 0.187 0.5 0.166 0.48 0.147 0.453 0.131 0.417 0.121 0.368 0.121 0.343 0.128 0.301 0.139 0.265 0.158 0.245 0.182 0.213 0.191 0.206 0.218 0.197 0.271 0.2 0.285 0.207 0.308 0.224 0.331 0.248 0.345 0.269 0.359 0.302 0.364 0.33 0.364 0.367 0.362 0.392 0.351 0.427 0.337 0.455 0.304 0.497 0.27 0.516 0.249 0.521
0 0.492 0.623 0.48 0.616 0.458 0.596 0.44 0.569 0.427 0.537 0.424 0.515 0.425 0.496 0.443 0.453 0.454 0.437 0.454 0.427 0.458 0.416 0.467 0.405 0.482 0.395 0.503 0.388 0.527 0.387 0.542 0.391 0.558 0.4 0.575 0.415 0.584 0.428 0.601 0.456 0.61 0.476 0.619 0.501 0.622 0.52 0.622 0.537 0.604 0.538 0.589 0.541 0.553 0.559 0.544 0.567 0.526 0.57 0.517 0.576 0.508 0.587 0.492 0.623
0 0.719 0.539 0.705 0.538 0.682 0.526 0.664 0.511 0.652 0.495 0.637 0.467 0.629 0.444 0.626 0.428 0.627 0.403 0.631 0.385 0.645 0.345 0.66 0.313 0.673 0.294 0.689 0.28 0.704 0.271 0.726 0.266 0.754 0.267 0.772 0.274 0.785 0.283 0.803 0.303 0.814 0.321 0.823 0.342 0.828 0.363 0.829 0.391 0.827 0.417 0.823 0.443 0.817 0.463 0.808 0.48 0.793 0.503 0.773 0.523 0.762 0.53 0.742 0.538 0.719 0.539
0 0.63 0.866 0.606 0.866 0.593 0.861 0.568 0.845 0.541 0.819 0.521 0.793 0.503 0.757 0.493 0.727 0.488 0.692 0.487 0.661 0.49 0.636 0.496 0.611 0.508 0.587 0.517 0.575 0.526 0.569 0.535 0.566 0.544 0.567 0.552 0.559 0.58 0.544 0.605 0.537 0.62 0.537 0.643 0.547 0.661 0.563 0.679 0.585 0.695 0.613 0.705 0.639 0.713 0.667 0.721 0.719 0.721 0.748 0.718 0.768 0.703 0.809 0.689 0.831 0.669 0.849 0.655 0.859 0.63 0.866
0 0.265 0.719 0.24 0.716 0.222 0.708 0.205 0.695 0.195 0.679 0.181 0.649 0.177 0.631 0.175 0.604 0.18 0.572 0.192 0.533 0.205 0.511 0.237 0.52 0.237 0.523 0.24 0.52 0.266 0.517 0.303 0.496 0.325 0.47 0.331 0.47 0.344 0.479 0.359 0.494 0.369 0.509 0.377 0.528 0.384 0.556 0.385 0.582 0.384 0.602 0.379 0.63 0.376 0.638 0.363 0.656 0.353 0.679 0.334 0.696 0.32 0.706 0.295 0.716 0.265 0.719
0 0.105 0.612 0.076 0.61 0.053 0.601 0.038 0.59 0.02 0.57 0.008 0.547 0.0 0.525 0.0 0.433 0.006 0.414 0.017 0.391 0.035 0.365 0.049 0.35 0.065 0.338 0.083 0.329 0.098 0.325 0.117 0.325 0.124 0.327 0.121 0.351 0.122 0.378 0.131 0.414 0.139 0.434 0.149 0.455 0.165 0.478 0.185 0.498 0.201 0.509 0.202 0.512 0.191 0.535 0.18 0.57 0.176 0.576 0.16 0.59 0.141 0.602 0.12 0.61 0.105 0.612
0 0.376 0.269 0.355 0.264 0.329 0.245 0.313 0.221 0.296 0.179 0.287 0.147 0.283 0.108 0.283 0.06 0.29 0.023 0.301 0.0 0.457 0.0 0.478 0.05 0.488 0.095 0.493 0.144 0.491 0.166 0.487 0.185 0.475 0.215 0.457 0.236 0.415 0.262 0.376 0.269
0 0.801 0.291 0.793 0.289 0.773 0.273 0.753 0.266 0.733 0.265 0.711 0.267 0.701 0.253 0.687 0.22 0.679 0.18 0.68 0.142 0.686 0.121 0.694 0.104 0.735 0.058 0.748 0.05 0.773 0.041 0.784 0.04 0.802 0.043 0.824 0.055 0.839 0.068 0.865 0.107 0.876 0.138 0.879 0.159 0.88 0.179 0.874 0.218 0.864 0.242 0.854 0.253 0.847 0.256 0.828 0.275 0.816 0.28 0.801 0.291
0 0.392 0.497 0.37 0.495 0.358 0.491 0.329 0.469 0.33 0.464 0.35 0.428 0.362 0.387 0.364 0.369 0.363 0.325 0.359 0.302 0.35 0.278 0.351 0.275 0.36 0.271 0.379 0.27 0.399 0.274 0.413 0.282 0.428 0.294 0.441 0.31 0.451 0.33 0.461 0.366 0.465 0.406 0.455 0.422 0.454 0.437 0.443 0.452 0.43 0.48 0.407 0.493 0.392 0.497
0 0.876 0.776 0.852 0.774 0.834 0.766 0.807 0.746 0.793 0.728 0.779 0.698 0.773 0.676 0.769 0.639 0.771 0.605 0.779 0.577 0.791 0.552 0.817 0.516 0.829 0.504 0.842 0.495 0.867 0.486 0.887 0.484 0.918 0.486 0.939 0.495 0.967 0.52 0.987 0.547 0.997 0.569 0.999 0.579 0.999 0.676 0.988 0.701 0.975 0.723 0.942 0.754 0.918 0.768 0.876 0.776
0 0.053 0.851 0.035 0.848 0.019 0.843 0.0 0.829 0.0 0.643 0.031 0.618 0.061 0.606 0.08 0.611 0.128 0.616 0.141 0.626 0.153 0.641 0.171 0.687 0.174 0.707 0.175 0.726 0.173 0.743 0.169 0.764 0.161 0.78 0.146 0.803 0.116 0.832 0.085 0.847 0.053 0.85
