0 0.427 0.481 0.391 0.477 0.357 0.453 0.329 0.417 0.314 0.37 0.31 0.32 0.321 0.272 0.345 0.236 0.378 0.216 0.417 0.214 0.458 0.235 0.485 0.268 0.5 0.309 0.502 0.366 0.488 0.421 0.46 0.463 0.427 0.481
0 0.174 0.477 0.139 0.473 0.11 0.459 0.082 0.419 0.072 0.39 0.069 0.347 0.086 0.285 0.108 0.25 0.133 0.233 0.178 0.228 0.22 0.246 0.242 0.27 0.261 0.324 0.257 0.381 0.234 0.436 0.201 0.468 0.174 0.477
0 0.559 0.644 0.53 0.641 0.491 0.606 0.471 0.574 0.46 0.527 0.467 0.465 0.489 0.416 0.518 0.389 0.546 0.378 0.583 0.386 0.617 0.417 0.639 0.455 0.65 0.502 0.649 0.531 0.639 0.568 0.607 0.592 0.578 0.639 0.559 0.644
0 0.673 0.88 0.634 0.87 0.603 0.843 0.58 0.806 0.564 0.752 0.565 0.692 0.582 0.63 0.609 0.587 0.64 0.567 0.684 0.567 0.728 0.589 0.768 0.646 0.785 0.705 0.779 0.774 0.753 0.835 0.72 0.863 0.673 0.88
0 0.22 0.817 0.173 0.812 0.137 0.78 0.121 0.733 0.118 0.644 0.127 0.583 0.145 0.55 0.179 0.521 0.227 0.511 0.273 0.526 0.304 0.568 0.32 0.625 0.321 0.688 0.309 0.744 0.288 0.778 0.255 0.806 0.22 0.817
0 0.414 0.936 0.375 0.923 0.345 0.897 0.331 0.873 0.311 0.819 0.307 0.75 0.322 0.675 0.354 0.625 0.396 0.594 0.443 0.588 0.481 0.607 0.514 0.653 0.529 0.709 0.529 0.772 0.511 0.845 0.485 0.892 0.452 0.925 0.414 0.936
0 0.911 0.75 0.862 0.745 0.813 0.713 0.775 0.663 0.759 0.61 0.757 0.542 0.768 0.497 0.795 0.455 0.841 0.423 0.917 0.42 0.964 0.441 0.999 0.473 0.999 0.687 0.968 0.726 0.911 0.75
0 0.722 0.518 0.688 0.517 0.649 0.492 0.616 0.413 0.619 0.364 0.635 0.32 0.658 0.287 0.691 0.265 0.73 0.27 0.761 0.293 0.786 0.336 0.795 0.38 0.79 0.437 0.775 0.475 0.745 0.507 0.722 0.518
0 0.505 0.311 0.462 0.24 0.408 0.209 0.411 0.162 0.428 0.106 0.442 0.085 0.472 0.069 0.508 0.07 0.544 0.09 0.569 0.123 0.579 0.16 0.579 0.203 0.55 0.283 0.53 0.304 0.505 0.311
0 0.148 0.0 0.174 0.05 0.18 0.105 0.168 0.168 0.142 0.208 0.114 0.224 0.084 0.222 0.052 0.202 0.025 0.174 0.027 0.16 0.012 0.157 0.0 0.142
0 0.091 0.986 0.033 0.978 0.03 0.961 0.015 0.961 0.005 0.946 0.004 0.73 0.024 0.693 0.049 0.664 0.08 0.65 0.117 0.645 0.123 0.736 0.137 0.775 0.16 0.801 0.22 0.815 0.223 0.822 0.207 0.884 0.167 0.945 0.13 0.976 0.091 0.98
