0 0.211 0.169 0.165 0.156 0.135 0.152 0.096 0.154 0.061 0.163 0.033 0.144 0.011 0.118 0.003 0.1 0.001 0.082 0.004 0.073 0.012 0.063 0.023 0.045 0.044 0.029 0.083 0.015 0.124 0.015 0.15 0.02 0.176 0.029 0.2 0.04 0.219 0.052 0.245 0.083 0.253 0.104 0.254 0.118 0.252 0.131 0.241 0.149 0.229 0.16 0.211 0.169
0 0.402 0.164 0.367 0.155 0.33 0.153 0.302 0.134 0.29 0.121 0.28 0.105 0.277 0.083 0.288 0.045 0.316 0.021 0.352 0.007 0.45 0.007 0.464 0.013 0.481 0.026 0.503 0.056 0.505 0.074 0.502 0.09 0.483 0.096 0.467 0.104 0.429 0.134 0.421 0.145 0.416 0.16 0.402 0.164
0 0.744 0.186 0.725 0.181 0.706 0.172 0.69 0.158 0.683 0.149 0.67 0.117 0.67 0.1 0.675 0.083 0.686 0.064 0.712 0.037 0.757 0.009 0.781 0.003 0.819 0.005 0.844 0.011 0.864 0.019 0.877 0.028 0.889 0.041 0.903 0.068 0.903 0.095 0.899 0.109 0.889 0.125 0.862 0.153 0.832 0.153 0.807 0.158 0.777 0.169 0.744 0.186
0 0.165 0.331 0.126 0.328 0.1 0.323 0.08 0.315 0.044 0.289 0.031 0.275 0.02 0.258 0.012 0.228 0.014 0.212 0.019 0.202 0.033 0.184 0.048 0.171 0.064 0.162 0.082 0.157 0.111 0.153 0.139 0.153 0.159 0.155 0.197 0.164 0.225 0.176 0.244 0.187 0.265 0.206 0.275 0.222 0.282 0.244 0.281 0.265 0.274 0.285 0.261 0.3 0.254 0.306 0.214 0.322 0.179 0.33 0.165 0.331
0 0.347 0.3 0.313 0.297 0.279 0.287 0.277 0.282 0.282 0.247 0.278 0.228 0.266 0.208 0.247 0.189 0.26 0.176 0.284 0.163 0.306 0.157 0.334 0.153 0.375 0.156 0.395 0.161 0.414 0.169 0.427 0.205 0.453 0.231 0.449 0.258 0.442 0.267 0.428 0.279 0.398 0.292 0.347 0.3
0 0.519 0.251 0.495 0.247 0.471 0.239 0.455 0.231 0.438 0.218 0.426 0.203 0.418 0.182 0.416 0.163 0.418 0.152 0.424 0.14 0.434 0.129 0.479 0.097 0.493 0.092 0.516 0.088 0.535 0.083 0.571 0.081 0.594 0.087 0.613 0.095 0.631 0.105 0.651 0.122 0.66 0.136 0.666 0.156 0.667 0.171 0.663 0.192 0.651 0.213 0.628 0.231 0.594 0.231 0.57 0.233 0.545 0.239 0.519 0.251
0 0.798 0.33 0.778 0.328 0.756 0.323 0.738 0.316 0.718 0.302 0.71 0.281 0.697 0.267 0.699 0.242 0.705 0.225 0.718 0.208 0.735 0.193 0.753 0.182 0.781 0.168 0.808 0.158 0.834 0.153 0.861 0.153 0.89 0.158 0.909 0.164 0.934 0.176 0.961 0.202 0.966 0.212 0.968 0.228 0.958 0.262 0.932 0.294 0.903 0.314 0.859 0.324 0.798 0.33
0 0.249 0.186 0.243 0.186 0.213 0.17 0.24 0.151 0.252 0.13 0.254 0.112 0.249 0.092 0.229 0.061 0.217 0.051 0.195 0.037 0.196 0.035 0.218 0.034 0.241 0.038 0.284 0.052 0.277 0.079 0.281 0.107 0.287 0.118 0.3 0.132 0.33 0.153 0.301 0.158 0.281 0.164 0.259 0.177 0.249 0.186
0 0.682 0.146 0.664 0.146 0.655 0.127 0.643 0.114 0.622 0.1 0.596 0.088 0.576 0.082 0.556 0.081 0.535 0.083 0.509 0.089 0.513 0.076 0.507 0.071 0.505 0.06 0.516 0.047 0.54 0.036 0.563 0.031 0.581 0.029 0.629 0.032 0.652 0.038 0.663 0.044 0.686 0.064 0.673 0.089 0.67 0.101 0.671 0.12 0.682 0.146
0 0.0 0.367 0.001 0.363 0.038 0.337 0.055 0.33 0.077 0.324 0.097 0.322 0.11 0.326 0.137 0.33 0.183 0.331 0.199 0.338 0.222 0.356 0.24 0.382 0.247 0.403 0.242 0.43 0.226 0.452 0.212 0.461 0.196 0.468 0.176 0.475 0.153 0.479 0.11 0.481 0.067 0.474 0.042 0.465 0.024 0.457 0.009 0.445 0.0 0.434
0 0.272 0.416 0.248 0.415 0.245 0.392 0.231 0.368 0.212 0.347 0.183 0.33 0.223 0.319 0.252 0.306 0.276 0.287 0.3 0.295 0.323 0.3 0.336 0.308 0.345 0.319 0.335 0.33 0.328 0.347 0.328 0.362 0.335 0.387 0.314 0.405 0.272 0.416
0 0.445 0.429 0.41 0.426 0.375 0.416 0.352 0.403 0.334 0.384 0.33 0.37 0.328 0.349 0.338 0.326 0.365 0.306 0.395 0.296 0.439 0.296 0.479 0.308 0.481 0.322 0.498 0.351 0.515 0.369 0.534 0.383 0.522 0.401 0.507 0.412 0.485 0.422 0.468 0.426 0.445 0.429
0 0.587 0.391 0.561 0.391 0.551 0.389 0.536 0.382 0.519 0.371 0.499 0.351 0.482 0.324 0.48 0.301 0.485 0.287 0.495 0.273 0.512 0.257 0.528 0.247 0.544 0.24 0.57 0.233 0.619 0.231 0.639 0.234 0.656 0.24 0.697 0.267 0.713 0.286 0.717 0.299 0.717 0.311 0.711 0.329 0.698 0.351 0.689 0.361 0.675 0.37 0.643 0.384 0.616 0.389 0.587 0.391
0 0.969 0.213 0.953 0.192 0.931 0.174 0.899 0.16 0.862 0.153 0.887 0.128 0.901 0.127 0.947 0.13 0.965 0.136 0.976 0.146 0.988 0.165 0.99 0.174 0.983 0.197 0.969 0.213
0 0.479 0.307 0.434 0.295 0.399 0.295 0.399 0.291 0.426 0.279 0.443 0.265 0.45 0.253 0.453 0.235 0.46 0.235 0.487 0.245 0.518 0.252 0.491 0.277 0.484 0.291 0.479 0.307
0 0.0 0.527 0.011 0.512 0.025 0.5 0.043 0.491 0.067 0.482 0.083 0.478 0.112 0.481 0.153 0.479 0.196 0.494 0.217 0.507 0.229 0.521 0.233 0.538 0.233 0.549 0.229 0.559 0.201 0.588 0.162 0.606 0.121 0.613 0.09 0.612 0.053 0.601 0.016 0.577 0.0 0.559
0 0.309 0.546 0.286 0.54 0.27 0.531 0.24 0.502 0.231 0.489 0.229 0.469 0.232 0.458 0.243 0.441 0.259 0.426 0.278 0.415 0.298 0.408 0.315 0.405 0.345 0.403 0.355 0.404 0.378 0.417 0.416 0.428 0.434 0.435 0.44 0.435 0.446 0.438 0.456 0.436 0.458 0.449 0.419 0.449 0.383 0.453 0.351 0.464 0.333 0.475 0.319 0.489 0.308 0.51 0.305 0.527 0.309 0.546
0 0.43 0.602 0.404 0.598 0.395 0.599 0.371 0.592 0.359 0.585 0.352 0.585 0.339 0.577 0.323 0.565 0.312 0.551 0.306 0.535 0.306 0.515 0.31 0.502 0.32 0.487 0.335 0.473 0.353 0.463 0.386 0.453 0.424 0.449 0.452 0.449 0.479 0.453 0.494 0.458 0.511 0.466 0.527 0.479 0.543 0.503 0.546 0.537 0.54 0.557 0.529 0.571 0.5 0.589 0.468 0.598 0.459 0.6 0.453 0.598 0.43 0.602
0 0.672 0.556 0.657 0.556 0.632 0.551 0.606 0.545 0.592 0.539 0.554 0.505 0.542 0.479 0.543 0.464 0.549 0.442 0.565 0.422 0.582 0.409 0.614 0.394 0.648 0.389 0.695 0.391 0.741 0.403 0.779 0.429 0.789 0.444 0.792 0.457 0.793 0.475 0.787 0.492 0.774 0.513 0.761 0.526 0.742 0.54 0.726 0.548 0.7 0.554 0.672 0.556
0 0.885 0.495 0.847 0.492 0.817 0.484 0.796 0.475 0.793 0.472 0.791 0.448 0.785 0.436 0.774 0.425 0.751 0.407 0.763 0.389 0.783 0.375 0.809 0.351 0.826 0.34 0.845 0.332 0.871 0.326 0.917 0.325 0.938 0.327 0.961 0.334 0.985 0.346 0.999 0.356 0.999 0.428 0.986 0.455 0.96 0.476 0.925 0.49 0.885 0.495
0 0.559 0.426 0.558 0.424 0.542 0.426 0.542 0.386 0.56 0.391 0.587 0.392 0.627 0.388 0.657 0.38 0.673 0.372 0.694 0.357 0.704 0.342 0.716 0.317 0.733 0.323 0.755 0.338 0.767 0.354 0.774 0.381 0.76 0.393 0.751 0.408 0.731 0.399 0.702 0.392 0.676 0.39 0.646 0.39 0.613 0.395 0.582 0.41 0.559 0.426
0 0.563 0.559 0.549 0.559 0.54 0.557 0.546 0.541 0.546 0.52 0.541 0.5 0.532 0.484 0.513 0.467 0.478 0.452 0.492 0.442 0.509 0.434 0.533 0.429 0.556 0.426 0.559 0.427 0.548 0.442 0.542 0.468 0.542 0.48 0.549 0.498 0.554 0.506 0.574 0.523 0.586 0.537 0.613 0.548 0.591 0.556 0.563 0.559
0 0.233 0.635 0.199 0.619 0.167 0.614 0.167 0.605 0.19 0.595 0.204 0.586 0.219 0.573 0.232 0.553 0.233 0.54 0.23 0.524 0.224 0.513 0.209 0.501 0.212 0.494 0.233 0.494 0.27 0.53 0.287 0.54 0.309 0.546 0.315 0.556 0.294 0.566 0.242 0.601 0.234 0.616 0.233 0.635
0 0.418 0.689 0.396 0.667 0.355 0.647 0.332 0.643 0.289 0.64 0.244 0.646 0.235 0.637 0.234 0.616 0.241 0.602 0.291 0.568 0.308 0.559 0.316 0.557 0.337 0.576 0.357 0.589 0.378 0.596 0.418 0.603 0.459 0.6 0.466 0.615 0.468 0.625 0.462 0.652 0.448 0.673 0.418 0.689
0 0.755 0.593 0.717 0.589 0.691 0.582 0.663 0.57 0.657 0.564 0.65 0.563 0.649 0.556 0.703 0.554 0.72 0.55 0.738 0.543 0.756 0.53 0.773 0.514 0.784 0.498 0.794 0.475 0.845 0.493 0.858 0.512 0.858 0.534 0.851 0.547 0.834 0.566 0.81 0.568 0.792 0.572 0.755 0.593
0 0.128 0.771 0.099 0.771 0.073 0.765 0.052 0.754 0.042 0.744 0.032 0.728 0.026 0.704 0.026 0.691 0.032 0.664 0.04 0.651 0.055 0.636 0.071 0.626 0.092 0.618 0.134 0.613 0.187 0.616 0.201 0.619 0.223 0.629 0.236 0.637 0.244 0.645 0.206 0.659 0.177 0.678 0.169 0.686 0.155 0.704 0.149 0.719 0.148 0.747 0.155 0.768 0.128 0.771
0 0.285 0.812 0.237 0.81 0.214 0.807 0.186 0.795 0.17 0.785 0.156 0.771 0.149 0.75 0.15 0.713 0.156 0.702 0.173 0.681 0.198 0.663 0.221 0.652 0.244 0.646 0.281 0.641 0.308 0.641 0.343 0.644 0.361 0.649 0.379 0.657 0.396 0.666 0.406 0.676 0.423 0.701 0.426 0.717 0.423 0.734 0.41 0.762 0.398 0.775 0.383 0.786 0.363 0.796 0.34 0.804 0.311 0.81 0.285 0.812
0 0.563 0.746 0.528 0.741 0.494 0.729 0.465 0.704 0.454 0.678 0.458 0.664 0.477 0.639 0.484 0.619 0.491 0.612 0.508 0.603 0.536 0.595 0.55 0.594 0.569 0.594 0.596 0.598 0.617 0.604 0.641 0.614 0.663 0.632 0.677 0.657 0.681 0.671 0.681 0.688 0.677 0.698 0.665 0.713 0.649 0.726 0.631 0.735 0.611 0.741 0.563 0.746
0 0.69 0.677 0.681 0.677 0.677 0.658 0.662 0.632 0.64 0.614 0.618 0.604 0.595 0.598 0.566 0.594 0.541 0.595 0.545 0.588 0.564 0.578 0.599 0.569 0.623 0.568 0.647 0.574 0.657 0.583 0.672 0.605 0.696 0.618 0.705 0.63 0.705 0.646 0.692 0.666 0.69 0.677
0 0.87 0.733 0.851 0.733 0.824 0.73 0.781 0.713 0.765 0.703 0.742 0.685 0.729 0.669 0.725 0.66 0.724 0.652 0.729 0.639 0.731 0.622 0.743 0.605 0.757 0.592 0.778 0.579 0.791 0.572 0.808 0.568 0.829 0.566 0.861 0.567 0.89 0.573 0.916 0.582 0.931 0.589 0.969 0.614 0.985 0.629 0.992 0.642 0.995 0.668 0.991 0.679 0.962 0.707 0.943 0.718 0.926 0.725 0.896 0.731 0.87 0.733
0 0.199 0.848 0.193 0.845 0.173 0.829 0.158 0.822 0.142 0.818 0.108 0.816 0.108 0.8 0.114 0.788 0.129 0.773 0.155 0.769 0.162 0.779 0.174 0.788 0.188 0.797 0.212 0.807 0.236 0.811 0.262 0.811 0.277 0.813 0.274 0.821 0.23 0.832 0.199 0.848
0 0.405 0.863 0.38 0.844 0.333 0.824 0.312 0.82 0.274 0.822 0.274 0.812 0.303 0.811 0.34 0.804 0.369 0.793 0.389 0.782 0.409 0.762 0.42 0.743 0.425 0.726 0.42 0.695 0.424 0.694 0.462 0.704 0.496 0.73 0.515 0.758 0.52 0.788 0.511 0.81 0.498 0.824 0.488 0.832 0.456 0.842 0.422 0.861 0.405 0.863
0 0.0 0.849 0.018 0.838 0.035 0.834 0.05 0.833 0.078 0.82 0.119 0.816 0.149 0.818 0.164 0.823 0.184 0.835 0.196 0.85 0.17 0.875 0.157 0.901 0.156 0.923 0.16 0.943 0.173 0.971 0.144 0.981 0.1 0.986 0.069 0.985 0.032 0.977 0.0 0.96
0 0.347 1.0 0.212 1.0 0.186 0.981 0.169 0.965 0.156 0.921 0.164 0.885 0.178 0.865 0.201 0.847 0.223 0.835 0.249 0.827 0.274 0.822 0.298 0.82 0.316 0.821 0.335 0.825 0.377 0.843 0.389 0.85 0.403 0.862 0.419 0.884 0.425 0.899 0.427 0.915 0.424 0.935 0.416 0.953 0.392 0.979 0.347 1.0
0 0.514 0.995 0.492 0.994 0.463 0.987 0.43 0.972 0.413 0.958 0.424 0.936 0.428 0.915 0.425 0.895 0.414 0.876 0.417 0.868 0.437 0.853 0.457 0.843 0.485 0.837 0.504 0.836 0.527 0.836 0.544 0.84 0.559 0.845 0.586 0.861 0.606 0.888 0.612 0.914 0.605 0.947 0.588 0.969 0.571 0.98 0.557 0.986 0.537 0.992 0.514 0.995
0 0.614 0.923 0.611 0.923 0.611 0.907 0.605 0.887 0.585 0.86 0.559 0.845 0.538 0.838 0.515 0.836 0.486 0.837 0.486 0.832 0.497 0.825 0.508 0.813 0.52 0.791 0.535 0.79 0.576 0.777 0.603 0.773 0.633 0.774 0.649 0.777 0.67 0.784 0.692 0.797 0.698 0.804 0.695 0.82 0.699 0.835 0.717 0.864 0.705 0.875 0.676 0.887 0.642 0.915 0.629 0.921 0.614 0.923
0 0.831 0.902 0.81 0.901 0.781 0.896 0.739 0.879 0.714 0.861 0.699 0.834 0.696 0.811 0.709 0.784 0.736 0.763 0.772 0.751 0.797 0.748 0.815 0.749 0.861 0.76 0.893 0.779 0.904 0.79 0.911 0.804 0.921 0.83 0.922 0.842 0.918 0.856 0.908 0.872 0.897 0.883 0.883 0.891 0.856 0.899 0.831 0.902
0 0.063 0.825 0.056 0.817 0.049 0.799 0.051 0.775 0.055 0.762 0.058 0.76 0.077 0.767 0.105 0.772 0.116 0.78 0.107 0.803 0.107 0.815 0.078 0.819 0.063 0.825
0 0.519 0.788 0.515 0.761 0.496 0.73 0.516 0.737 0.551 0.746 0.594 0.744 0.586 0.76 0.575 0.773 0.554 0.783 0.542 0.783 0.519 0.788
0 0.693 0.704 0.677 0.701 0.682 0.681 0.694 0.681 0.693 0.704
0 0.808 0.748 0.766 0.748 0.75 0.745 0.727 0.736 0.702 0.717 0.702 0.713 0.709 0.712 0.745 0.724 0.778 0.73 0.782 0.732 0.779 0.739 0.784 0.738 0.785 0.733 0.781 0.728 0.744 0.721 0.735 0.715 0.698 0.706 0.692 0.7 0.69 0.674 0.697 0.656 0.708 0.642 0.728 0.63 0.73 0.636 0.724 0.651 0.725 0.662 0.732 0.673 0.747 0.689 0.775 0.71 0.794 0.72 0.82 0.729 0.854 0.733 0.835 0.742 0.808 0.748
0 0.729 0.624 0.706 0.619 0.684 0.608 0.671 0.591 0.651 0.575 0.649 0.558 0.656 0.558 0.67 0.571 0.691 0.582 0.713 0.588 0.744 0.592 0.75 0.595 0.729 0.624
0 0.47 0.631 0.46 0.6 0.488 0.594 0.51 0.585 0.525 0.575 0.539 0.558 0.582 0.558 0.586 0.563 0.579 0.571 0.554 0.581 0.54 0.594 0.495 0.608 0.47 0.631
0 0.212 0.499 0.205 0.498 0.155 0.479 0.182 0.473 0.214 0.461 0.232 0.448 0.244 0.428 0.256 0.428 0.24 0.444 0.231 0.459 0.228 0.471 0.231 0.494 0.212 0.499
0 0.477 0.452 0.453 0.449 0.433 0.448 0.432 0.428 0.46 0.427 0.488 0.42 0.517 0.406 0.534 0.385 0.541 0.385 0.559 0.39 0.56 0.426 0.533 0.429 0.517 0.433 0.497 0.44 0.477 0.452
0 0.784 0.375 0.772 0.375 0.765 0.352 0.753 0.337 0.733 0.323 0.716 0.316 0.719 0.303 0.739 0.316 0.76 0.324 0.776 0.328 0.801 0.329 0.859 0.324 0.893 0.317 0.911 0.31 0.933 0.294 0.932 0.309 0.925 0.326 0.876 0.326 0.839 0.335 0.811 0.35 0.784 0.37
