0 0.437 0.463 0.411 0.463 0.395 0.459 0.384 0.454 0.369 0.44 0.362 0.429 0.356 0.413 0.333 0.375 0.326 0.355 0.322 0.33 0.32 0.326 0.323 0.297 0.327 0.28 0.335 0.256 0.342 0.243 0.36 0.22 0.379 0.206 0.418 0.192 0.454 0.202 0.477 0.219 0.492 0.236 0.501 0.251 0.51 0.273 0.517 0.3 0.521 0.324 0.521 0.352 0.518 0.37 0.515 0.386 0.505 0.406 0.485 0.434 0.47 0.448 0.455 0.458 0.437 0.463
0 0.565 0.651 0.555 0.649 0.534 0.639 0.527 0.597 0.514 0.56 0.497 0.534 0.475 0.511 0.474 0.492 0.478 0.471 0.488 0.442 0.507 0.41 0.518 0.398 0.529 0.392 0.545 0.387 0.561 0.389 0.57 0.382 0.586 0.375 0.612 0.377 0.636 0.386 0.651 0.395 0.664 0.41 0.675 0.429 0.688 0.459 0.693 0.484 0.694 0.504 0.693 0.529 0.689 0.554 0.677 0.586 0.67 0.598 0.656 0.618 0.643 0.63 0.627 0.639 0.584 0.645 0.565 0.651
0 0.445 0.809 0.423 0.807 0.406 0.801 0.391 0.79 0.383 0.78 0.371 0.758 0.365 0.739 0.339 0.683 0.332 0.662 0.33 0.646 0.33 0.631 0.335 0.607 0.343 0.585 0.356 0.563 0.389 0.525 0.411 0.511 0.427 0.506 0.463 0.507 0.475 0.513 0.495 0.531 0.509 0.551 0.519 0.571 0.529 0.602 0.534 0.635 0.534 0.666 0.529 0.706 0.522 0.729 0.51 0.757 0.496 0.778 0.482 0.792 0.465 0.803 0.445 0.809
0 0.831 0.529 0.792 0.529 0.777 0.522 0.772 0.515 0.764 0.511 0.755 0.499 0.738 0.483 0.692 0.46 0.685 0.451 0.671 0.418 0.667 0.402 0.666 0.366 0.675 0.329 0.686 0.302 0.702 0.277 0.711 0.264 0.728 0.251 0.75 0.242 0.78 0.239 0.827 0.253 0.841 0.261 0.86 0.277 0.866 0.277 0.87 0.285 0.876 0.289 0.886 0.3 0.902 0.33 0.908 0.352 0.912 0.392 0.91 0.418 0.9 0.46 0.891 0.48 0.876 0.502 0.86 0.516 0.831 0.529
0 0.59 0.914 0.576 0.911 0.556 0.902 0.538 0.882 0.527 0.864 0.516 0.831 0.511 0.811 0.507 0.78 0.509 0.757 0.524 0.722 0.534 0.679 0.549 0.661 0.567 0.651 0.599 0.644 0.621 0.642 0.649 0.648 0.665 0.657 0.683 0.674 0.693 0.686 0.709 0.719 0.718 0.747 0.724 0.774 0.724 0.802 0.721 0.827 0.712 0.851 0.694 0.871 0.639 0.892 0.615 0.897 0.59 0.914
0 0.804 0.812 0.772 0.809 0.751 0.795 0.747 0.796 0.738 0.784 0.725 0.775 0.717 0.743 0.696 0.692 0.693 0.673 0.691 0.647 0.696 0.615 0.701 0.597 0.708 0.583 0.721 0.567 0.745 0.546 0.763 0.535 0.776 0.53 0.832 0.531 0.853 0.539 0.87 0.55 0.893 0.577 0.912 0.612 0.92 0.639 0.924 0.662 0.923 0.703 0.916 0.73 0.9 0.775 0.886 0.794 0.873 0.8 0.804 0.812
0 0.218 0.857 0.196 0.853 0.17 0.84 0.145 0.818 0.133 0.804 0.124 0.788 0.099 0.719 0.1 0.682 0.108 0.646 0.123 0.606 0.133 0.589 0.153 0.565 0.174 0.549 0.202 0.536 0.22 0.531 0.25 0.531 0.266 0.536 0.283 0.548 0.295 0.562 0.302 0.575 0.313 0.611 0.319 0.655 0.326 0.671 0.339 0.717 0.34 0.738 0.335 0.764 0.327 0.782 0.313 0.803 0.297 0.821 0.275 0.839 0.261 0.846 0.245 0.853 0.218 0.857
0 0.22 0.269 0.182 0.266 0.15 0.25 0.12 0.23 0.104 0.212 0.094 0.195 0.076 0.146 0.065 0.09 0.066 0.061 0.07 0.042 0.075 0.027 0.089 0.003 0.276 0.003 0.302 0.049 0.315 0.099 0.313 0.119 0.315 0.151 0.307 0.19 0.296 0.214 0.279 0.238 0.243 0.262 0.22 0.269
0 0.476 0.217 0.455 0.203 0.436 0.196 0.41 0.196 0.393 0.2 0.378 0.207 0.369 0.208 0.347 0.176 0.337 0.144 0.334 0.12 0.335 0.096 0.349 0.036 0.365 0.0 0.488 0.0 0.504 0.023 0.506 0.077 0.519 0.123 0.518 0.142 0.514 0.164 0.507 0.181 0.498 0.194 0.476 0.217
0 0.726 0.0 0.727 0.034 0.722 0.077 0.719 0.097 0.708 0.121 0.686 0.157 0.676 0.168 0.661 0.18 0.641 0.19 0.615 0.2 0.592 0.198 0.567 0.188 0.543 0.166 0.526 0.14 0.513 0.107 0.505 0.07 0.505 0.025 0.509 0.0
0 0.839 0.251 0.806 0.25 0.791 0.244 0.777 0.233 0.758 0.207 0.745 0.174 0.728 0.15 0.72 0.12 0.72 0.091 0.728 0.043 0.742 0.004 0.744 0.001 0.953 0.001 0.961 0.017 0.967 0.036 0.971 0.06 0.971 0.075 0.964 0.124 0.952 0.155 0.935 0.18 0.901 0.219 0.873 0.238 0.839 0.251
0 0.098 0.583 0.062 0.577 0.04 0.567 0.0 0.542 0.0 0.232 0.002 0.23 0.024 0.22 0.042 0.215 0.07 0.216 0.101 0.224 0.126 0.234 0.136 0.241 0.152 0.256 0.164 0.274 0.18 0.278 0.192 0.285 0.212 0.303 0.224 0.322 0.234 0.361 0.238 0.393 0.236 0.448 0.23 0.474 0.224 0.49 0.21 0.517 0.193 0.538 0.161 0.557 0.145 0.574 0.13 0.579 0.098 0.583
0 0.307 0.514 0.285 0.512 0.263 0.501 0.24 0.481 0.236 0.465 0.238 0.421 0.237 0.375 0.229 0.337 0.219 0.311 0.219 0.305 0.224 0.294 0.237 0.278 0.252 0.266 0.269 0.258 0.305 0.254 0.329 0.263 0.33 0.269 0.324 0.292 0.322 0.317 0.323 0.339 0.327 0.359 0.342 0.392 0.356 0.414 0.363 0.431 0.382 0.454 0.37 0.476 0.354 0.495 0.33 0.509 0.307 0.514
0 0.0 0.611 0.017 0.59 0.045 0.57 0.062 0.576 0.086 0.581 0.124 0.58 0.128 0.582 0.13 0.586 0.13 0.592 0.116 0.617 0.104 0.654 0.1 0.677 0.099 0.705 0.101 0.722 0.105 0.739 0.128 0.797 0.107 0.791 0.088 0.791 0.066 0.797 0.045 0.811 0.04 0.812 0.02 0.8 0.0 0.779
0 0.0 0.863 0.022 0.831 0.041 0.813 0.055 0.803 0.089 0.79 0.111 0.792 0.131 0.801 0.177 0.85 0.206 0.859 0.231 0.858 0.247 0.865 0.253 0.874 0.259 0.89 0.265 0.921 0.27 0.931 0.269 0.935 0.268 0.933 0.269 0.941 0.265 0.966 0.266 0.995 0.264 0.998 0.0 0.999
0 0.452 1.0 0.265 1.0 0.266 0.957 0.271 0.938 0.279 0.923 0.279 0.897 0.282 0.863 0.293 0.824 0.336 0.775 0.353 0.769 0.377 0.77 0.389 0.788 0.399 0.796 0.441 0.813 0.45 0.827 0.46 0.853 0.467 0.88 0.47 0.913 0.47 0.938 0.467 0.963 0.452 1.0
0 0.792 0.998 0.596 0.998 0.561 0.997 0.561 0.994 0.568 0.96 0.574 0.945 0.591 0.913 0.596 0.907 0.615 0.897 0.642 0.891 0.665 0.88 0.68 0.877 0.71 0.885 0.735 0.899 0.753 0.914 0.773 0.941 0.787 0.979 0.792 0.998
0 0.942 0.994 0.791 0.994 0.771 0.938 0.761 0.923 0.734 0.896 0.734 0.868 0.743 0.842 0.759 0.818 0.775 0.809 0.8 0.811 0.828 0.806 0.863 0.805 0.872 0.806 0.888 0.815 0.901 0.826 0.905 0.854 0.912 0.877 0.924 0.9 0.946 0.935 0.947 0.964 0.942 0.994
0 0.998 0.975 0.988 0.97 0.963 0.951 0.94 0.928 0.922 0.896 0.91 0.872 0.906 0.855 0.902 0.827 0.903 0.792 0.91 0.747 0.921 0.711 0.929 0.693 0.938 0.681 0.953 0.668 0.972 0.657 0.997 0.648 1.0 0.655 1.0 0.968 0.998 0.975
0 0.669 0.418 0.65 0.395 0.635 0.386 0.613 0.379 0.586 0.375 0.569 0.383 0.56 0.39 0.557 0.388 0.552 0.372 0.552 0.34 0.559 0.317 0.576 0.284 0.623 0.254 0.646 0.249 0.666 0.253 0.701 0.278 0.681 0.314 0.67 0.348 0.666 0.38 0.666 0.402 0.669 0.418
0 0.532 0.305 0.521 0.302 0.517 0.298 0.501 0.25 0.477 0.218 0.51 0.173 0.516 0.156 0.52 0.128 0.542 0.165 0.557 0.179 0.574 0.191 0.594 0.199 0.613 0.2 0.641 0.191 0.641 0.207 0.634 0.213 0.618 0.244 0.602 0.265 0.599 0.268 0.592 0.269 0.588 0.275 0.576 0.282 0.566 0.296 0.545 0.303 0.532 0.305
0 0.7 0.277 0.69 0.273 0.662 0.252 0.641 0.214 0.637 0.21 0.641 0.203 0.639 0.191 0.667 0.176 0.689 0.153 0.709 0.118 0.719 0.095 0.721 0.125 0.73 0.151 0.746 0.174 0.761 0.211 0.777 0.232 0.791 0.243 0.772 0.239 0.742 0.245 0.716 0.26 0.7 0.277
0 0.993 0.624 0.978 0.616 0.957 0.596 0.931 0.556 0.92 0.53 0.915 0.509 0.914 0.468 0.919 0.439 0.932 0.41 0.965 0.363 0.999 0.337 1.0 0.619 0.993 0.624
0 0.475 0.511 0.451 0.505 0.415 0.508 0.383 0.474 0.379 0.459 0.382 0.454 0.41 0.463 0.439 0.462 0.463 0.453 0.478 0.442 0.499 0.416 0.514 0.387 0.521 0.352 0.519 0.312 0.525 0.311 0.532 0.318 0.547 0.347 0.553 0.376 0.559 0.388 0.543 0.387 0.531 0.391 0.519 0.398 0.507 0.41 0.483 0.453 0.474 0.489 0.475 0.511
0 0.116 0.229 0.082 0.218 0.046 0.214 0.031 0.217 0.004 0.228 0.003 0.223 0.003 0.121 0.028 0.12 0.048 0.13 0.058 0.131 0.061 0.138 0.072 0.149 0.078 0.159 0.097 0.2 0.115 0.225 0.116 0.229
0 0.502 0.995 0.455 0.995 0.467 0.963 0.47 0.945 0.471 0.92 0.468 0.885 0.462 0.858 0.453 0.835 0.447 0.824 0.44 0.815 0.436 0.814 0.433 0.808 0.454 0.806 0.471 0.799 0.486 0.787 0.506 0.763 0.508 0.765 0.509 0.799 0.513 0.824 0.519 0.847 0.526 0.864 0.536 0.879 0.555 0.9 0.589 0.914 0.575 0.941 0.566 0.964 0.557 0.975 0.532 0.993 0.502 0.995
0 0.329 0.646 0.321 0.636 0.303 0.578 0.287 0.546 0.288 0.538 0.292 0.528 0.302 0.516 0.33 0.509 0.358 0.498 0.378 0.5 0.395 0.507 0.402 0.516 0.386 0.527 0.371 0.542 0.358 0.56 0.343 0.584 0.333 0.614 0.329 0.646
0 0.08 0.162 0.071 0.148 0.055 0.131 0.03 0.121 0.01 0.117 0.018 0.106 0.042 0.084 0.064 0.077 0.067 0.108 0.08 0.162
0 0.332 0.265 0.317 0.257 0.291 0.252 0.286 0.229 0.299 0.208 0.31 0.18 0.316 0.145 0.314 0.118 0.315 0.098 0.326 0.085 0.335 0.08 0.335 0.123 0.338 0.153 0.349 0.178 0.371 0.21 0.344 0.24 0.335 0.254 0.332 0.265
0 0.697 0.692 0.677 0.667 0.661 0.654 0.639 0.645 0.615 0.642 0.632 0.636 0.649 0.624 0.667 0.601 0.681 0.573 0.689 0.552 0.694 0.524 0.693 0.487 0.688 0.458 0.739 0.485 0.775 0.516 0.779 0.524 0.777 0.528 0.749 0.543 0.724 0.563 0.71 0.579 0.703 0.592 0.696 0.612 0.691 0.649 0.693 0.675 0.697 0.692
0 0.935 0.679 0.928 0.677 0.925 0.674 0.918 0.628 0.912 0.613 0.9 0.589 0.878 0.558 0.852 0.536 0.849 0.527 0.852 0.52 0.866 0.51 0.884 0.49 0.892 0.484 0.912 0.476 0.913 0.477 0.914 0.506 0.917 0.522 0.927 0.549 0.936 0.565 0.954 0.592 0.97 0.61 0.991 0.625 1.0 0.623 1.0 0.647 0.968 0.659 0.942 0.676 0.935 0.679
0 0.938 0.385 0.923 0.382 0.912 0.375 0.905 0.342 0.897 0.321 0.879 0.295 0.86 0.276 0.86 0.256 0.867 0.242 0.902 0.216 0.936 0.178 0.95 0.157 0.965 0.115 1.0 0.115 1.0 0.337 0.974 0.356 0.951 0.382 0.938 0.385
0 0.283 0.545 0.263 0.535 0.243 0.53 0.22 0.531 0.191 0.539 0.211 0.513 0.233 0.47 0.261 0.501 0.291 0.516 0.291 0.527 0.283 0.54
