0 0.371 0.572 0.342 0.569 0.327 0.562 0.306 0.557 0.282 0.545 0.269 0.534 0.231 0.492 0.221 0.458 0.217 0.437 0.216 0.419 0.217 0.376 0.221 0.35 0.234 0.31 0.245 0.293 0.265 0.272 0.288 0.256 0.3 0.25 0.339 0.245 0.361 0.247 0.378 0.25 0.382 0.254 0.395 0.257 0.406 0.265 0.416 0.268 0.499 0.341 0.52 0.374 0.529 0.38 0.54 0.395 0.553 0.422 0.555 0.436 0.538 0.441 0.517 0.464 0.507 0.5 0.492 0.524 0.485 0.531 0.451 0.555 0.438 0.561 0.433 0.56 0.41 0.568 0.399 0.566 0.394 0.57 0.371 0.572
0 0.651 0.726 0.598 0.715 0.555 0.692 0.548 0.685 0.536 0.678 0.528 0.67 0.524 0.659 0.52 0.655 0.507 0.622 0.504 0.616 0.503 0.609 0.501 0.607 0.497 0.595 0.495 0.569 0.492 0.555 0.495 0.533 0.499 0.514 0.509 0.491 0.516 0.465 0.537 0.44 0.543 0.436 0.582 0.427 0.617 0.429 0.653 0.441 0.657 0.441 0.661 0.437 0.669 0.436 0.674 0.443 0.675 0.451 0.678 0.454 0.694 0.467 0.724 0.501 0.735 0.521 0.739 0.524 0.751 0.548 0.755 0.562 0.762 0.571 0.768 0.592 0.773 0.622 0.773 0.63 0.771 0.645 0.756 0.675 0.744 0.689 0.732 0.695 0.719 0.707 0.707 0.71 0.699 0.716 0.689 0.715 0.684 0.719 0.673 0.719 0.666 0.724 0.655 0.724 0.651 0.726
0 0.517 1.0 0.396 0.998 0.389 0.96 0.388 0.936 0.365 0.899 0.359 0.892 0.357 0.884 0.352 0.878 0.35 0.869 0.347 0.865 0.341 0.852 0.341 0.844 0.332 0.816 0.325 0.771 0.326 0.734 0.329 0.718 0.338 0.682 0.346 0.663 0.35 0.648 0.372 0.616 0.389 0.6 0.42 0.591 0.428 0.591 0.444 0.593 0.469 0.607 0.489 0.626 0.495 0.636 0.5 0.64 0.506 0.65 0.511 0.654 0.522 0.67 0.535 0.685 0.547 0.703 0.558 0.731 0.56 0.752 0.563 0.766 0.563 0.777 0.559 0.82 0.555 0.838 0.553 0.868 0.548 0.887 0.547 0.909 0.54 0.938 0.529 0.978 0.517 1.0
0 0.237 0.644 0.191 0.641 0.156 0.621 0.135 0.599 0.128 0.588 0.123 0.574 0.114 0.529 0.113 0.514 0.117 0.461 0.128 0.428 0.148 0.405 0.161 0.395 0.2 0.381 0.21 0.38 0.216 0.382 0.217 0.424 0.221 0.457 0.231 0.486 0.237 0.496 0.283 0.543 0.309 0.557 0.326 0.559 0.342 0.567 0.354 0.568 0.357 0.57 0.353 0.581 0.345 0.588 0.338 0.601 0.319 0.613 0.315 0.619 0.303 0.628 0.279 0.639 0.25 0.641 0.237 0.644
0 0.546 0.378 0.53 0.376 0.519 0.369 0.499 0.341 0.477 0.324 0.465 0.311 0.447 0.297 0.43 0.281 0.419 0.264 0.408 0.233 0.403 0.211 0.399 0.182 0.4 0.142 0.405 0.106 0.418 0.076 0.427 0.067 0.439 0.048 0.458 0.035 0.473 0.033 0.491 0.034 0.512 0.044 0.531 0.05 0.556 0.066 0.572 0.082 0.589 0.106 0.604 0.148 0.61 0.185 0.609 0.216 0.603 0.235 0.602 0.255 0.595 0.277 0.585 0.341 0.582 0.351 0.571 0.367 0.56 0.375 0.546 0.378
0 0.755 0.365 0.738 0.363 0.724 0.365 0.704 0.361 0.701 0.359 0.693 0.363 0.681 0.36 0.678 0.355 0.674 0.355 0.672 0.349 0.668 0.347 0.666 0.342 0.662 0.342 0.66 0.334 0.654 0.325 0.654 0.32 0.653 0.308 0.642 0.288 0.636 0.267 0.631 0.229 0.632 0.219 0.634 0.209 0.634 0.198 0.637 0.182 0.65 0.146 0.66 0.132 0.667 0.118 0.696 0.092 0.718 0.08 0.74 0.073 0.758 0.073 0.78 0.082 0.816 0.104 0.829 0.117 0.841 0.138 0.845 0.148 0.853 0.181 0.854 0.198 0.856 0.208 0.853 0.237 0.847 0.259 0.835 0.29 0.824 0.311 0.813 0.325 0.789 0.346 0.78 0.349 0.773 0.355 0.759 0.361 0.755 0.365
0 0.71 0.483 0.706 0.482 0.692 0.466 0.677 0.454 0.67 0.438 0.66 0.438 0.654 0.441 0.628 0.432 0.605 0.427 0.584 0.427 0.563 0.431 0.565 0.427 0.564 0.425 0.561 0.423 0.557 0.426 0.553 0.422 0.543 0.39 0.54 0.387 0.552 0.38 0.559 0.379 0.571 0.368 0.582 0.35 0.587 0.333 0.593 0.32 0.599 0.311 0.611 0.305 0.627 0.3 0.638 0.299 0.65 0.302 0.657 0.308 0.665 0.324 0.675 0.339 0.69 0.353 0.704 0.362 0.711 0.37 0.722 0.388 0.725 0.425 0.724 0.45 0.714 0.478 0.71 0.483
0 0.808 0.593 0.797 0.586 0.791 0.585 0.774 0.569 0.756 0.561 0.742 0.535 0.739 0.526 0.711 0.486 0.723 0.452 0.723 0.446 0.728 0.443 0.731 0.431 0.747 0.402 0.754 0.381 0.758 0.38 0.771 0.36 0.781 0.35 0.788 0.348 0.799 0.337 0.813 0.328 0.855 0.316 0.919 0.316 0.942 0.326 0.967 0.342 0.983 0.362 0.984 0.368 0.988 0.376 0.993 0.4 0.993 0.424 0.996 0.429 0.993 0.429 0.984 0.421 0.964 0.41 0.949 0.41 0.929 0.404 0.916 0.405 0.895 0.41 0.876 0.424 0.854 0.445 0.846 0.458 0.843 0.458 0.829 0.485 0.813 0.534 0.809 0.562 0.81 0.59 0.808 0.593
0 1.0 0.83 0.97 0.826 0.957 0.817 0.94 0.809 0.928 0.796 0.919 0.792 0.909 0.781 0.9 0.768 0.887 0.756 0.882 0.746 0.868 0.73 0.866 0.726 0.852 0.709 0.83 0.67 0.821 0.646 0.815 0.627 0.809 0.595 0.808 0.562 0.815 0.526 0.827 0.489 0.84 0.461 0.854 0.443 0.863 0.432 0.892 0.41 0.926 0.402 0.945 0.404 0.949 0.408 0.961 0.407 0.971 0.412 0.977 0.412 0.979 0.415 0.987 0.419 0.994 0.432 1.0 0.432 1.0 0.83
0 0.819 0.88 0.797 0.879 0.794 0.876 0.787 0.84 0.782 0.831 0.778 0.818 0.764 0.791 0.749 0.768 0.742 0.758 0.735 0.754 0.729 0.744 0.721 0.742 0.714 0.734 0.707 0.733 0.703 0.727 0.703 0.717 0.705 0.714 0.72 0.708 0.729 0.698 0.746 0.689 0.755 0.678 0.771 0.644 0.773 0.624 0.768 0.596 0.763 0.574 0.755 0.559 0.756 0.556 0.774 0.564 0.79 0.581 0.796 0.582 0.808 0.592 0.811 0.601 0.818 0.638 0.832 0.672 0.855 0.713 0.869 0.732 0.882 0.746 0.887 0.757 0.886 0.769 0.887 0.773 0.879 0.815 0.868 0.837 0.863 0.835 0.86 0.84 0.863 0.845 0.86 0.855 0.85 0.866 0.84 0.871 0.835 0.875 0.827 0.879 0.819 0.88
0 0.781 0.998 0.569 0.997 0.559 0.968 0.558 0.951 0.558 0.892 0.561 0.855 0.565 0.826 0.571 0.814 0.576 0.792 0.581 0.784 0.604 0.751 0.613 0.743 0.638 0.729 0.656 0.728 0.675 0.723 0.691 0.725 0.696 0.729 0.714 0.733 0.721 0.741 0.73 0.745 0.734 0.752 0.739 0.755 0.747 0.765 0.771 0.804 0.779 0.819 0.781 0.832 0.786 0.839 0.792 0.859 0.794 0.879 0.793 0.938 0.788 0.984 0.784 0.991 0.784 0.997 0.781 0.998
0 0.338 0.862 0.325 0.859 0.308 0.859 0.299 0.856 0.276 0.842 0.268 0.839 0.263 0.831 0.256 0.831 0.253 0.827 0.253 0.822 0.25 0.823 0.248 0.821 0.246 0.812 0.23 0.797 0.219 0.778 0.212 0.747 0.212 0.726 0.21 0.705 0.213 0.692 0.217 0.686 0.225 0.662 0.237 0.645 0.245 0.642 0.258 0.643 0.279 0.638 0.3 0.629 0.315 0.619 0.354 0.614 0.367 0.621 0.367 0.624 0.351 0.648 0.347 0.663 0.342 0.672 0.333 0.701 0.328 0.727 0.325 0.765 0.331 0.817 0.334 0.827 0.335 0.835 0.341 0.854 0.341 0.86 0.338 0.86
