0 0.027 0.0 0.025 0.032 0.027 0.059 0.037 0.1 0.049 0.125 0.033 0.135 0.015 0.138 0.0 0.136 0.0 0.0
0 0.0 0.16 0.045 0.141 0.062 0.139 0.081 0.155 0.105 0.165 0.119 0.168 0.151 0.166 0.137 0.179 0.126 0.195 0.111 0.23 0.103 0.256 0.102 0.28 0.106 0.306 0.126 0.355 0.107 0.384 0.08 0.405 0.054 0.416 0.049 0.386 0.034 0.345 0.017 0.322 0.0 0.309
0 0.0 0.548 0.022 0.526 0.044 0.492 0.054 0.457 0.054 0.42 0.083 0.41 0.096 0.409 0.086 0.422 0.074 0.451 0.068 0.47 0.064 0.492 0.054 0.519 0.053 0.529 0.061 0.555 0.077 0.567 0.091 0.589 0.111 0.608 0.102 0.631 0.077 0.657 0.054 0.666 0.044 0.632 0.033 0.607 0.019 0.587 0.0 0.571
0 0.056 0.767 0.046 0.766 0.045 0.763 0.056 0.719 0.056 0.679 0.064 0.678 0.076 0.683 0.09 0.696 0.093 0.723 0.078 0.765 0.056 0.767
0 0.094 0.723 0.09 0.692 0.095 0.65 0.106 0.618 0.112 0.608 0.136 0.623 0.158 0.63 0.177 0.629 0.201 0.621 0.21 0.656 0.18 0.655 0.139 0.675 0.113 0.696 0.094 0.723
0 0.0 0.822 0.022 0.803 0.045 0.766 0.077 0.767 0.072 0.796 0.071 0.828 0.078 0.86 0.09 0.889 0.114 0.924 0.13 0.934 0.154 0.944 0.177 0.947 0.157 0.98 0.138 0.999 0.019 0.999 0.0 0.985
0 0.368 0.893 0.363 0.855 0.355 0.833 0.346 0.817 0.312 0.779 0.319 0.767 0.34 0.749 0.359 0.744 0.387 0.744 0.408 0.782 0.428 0.81 0.444 0.823 0.415 0.833 0.4 0.844 0.388 0.858 0.368 0.893
0 0.488 0.827 0.447 0.825 0.437 0.82 0.408 0.783 0.392 0.752 0.385 0.718 0.382 0.669 0.388 0.645 0.398 0.621 0.411 0.64 0.425 0.651 0.441 0.66 0.465 0.666 0.458 0.699 0.461 0.744 0.477 0.804 0.488 0.827
0 0.272 0.999 0.221 0.998 0.201 0.967 0.192 0.945 0.229 0.927 0.244 0.914 0.258 0.896 0.271 0.872 0.282 0.845 0.287 0.815 0.287 0.78 0.297 0.78 0.32 0.791 0.351 0.825 0.362 0.853 0.367 0.896 0.36 0.923 0.354 0.967 0.341 0.992 0.331 0.998 0.272 0.999
0 0.546 0.999 0.367 0.999 0.359 0.968 0.358 0.951 0.36 0.928 0.367 0.898 0.39 0.856 0.415 0.834 0.441 0.825 0.472 0.824 0.494 0.83 0.514 0.845 0.528 0.862 0.548 0.902 0.552 0.92 0.553 0.953 0.551 0.977 0.546 0.999
0 0.74 0.999 0.557 0.999 0.554 0.972 0.555 0.931 0.565 0.901 0.584 0.867 0.621 0.863 0.642 0.854 0.67 0.835 0.68 0.838 0.706 0.851 0.724 0.875 0.731 0.888 0.741 0.917 0.745 0.941 0.745 0.956 0.74 0.999
0 0.553 0.938 0.547 0.899 0.535 0.873 0.52 0.849 0.583 0.868 0.563 0.903 0.553 0.938
0 0.747 0.958 0.742 0.916 0.728 0.879 0.731 0.872 0.748 0.852 0.792 0.829 0.814 0.825 0.839 0.832 0.797 0.852 0.783 0.868 0.762 0.91 0.747 0.958
0 0.721 0.87 0.705 0.85 0.679 0.836 0.675 0.832 0.697 0.802 0.71 0.774 0.716 0.752 0.716 0.701 0.704 0.654 0.725 0.655 0.736 0.664 0.752 0.694 0.76 0.712 0.766 0.748 0.766 0.778 0.758 0.816 0.741 0.847 0.721 0.87
0 0.998 0.999 0.961 0.998 0.959 0.954 0.95 0.914 0.941 0.895 0.929 0.878 0.938 0.86 0.953 0.842 0.964 0.833 0.983 0.824 1.0 0.825 0.998 0.999
0 0.978 0.825 0.944 0.809 0.929 0.807 0.946 0.779 0.951 0.761 0.955 0.744 0.954 0.713 0.972 0.757 1.0 0.791 1.0 0.823 0.978 0.825
0 0.929 0.877 0.899 0.847 0.874 0.834 0.903 0.83 0.93 0.806 0.962 0.814 0.977 0.824 0.951 0.844 0.929 0.877
0 0.728 0.878 0.722 0.87 0.736 0.855 0.748 0.836 0.758 0.816 0.762 0.799 0.766 0.773 0.764 0.725 0.771 0.762 0.78 0.786 0.809 0.818 0.838 0.831 0.811 0.827 0.789 0.832 0.75 0.852 0.728 0.878
0 0.874 0.833 0.843 0.831 0.811 0.819 0.782 0.788 0.776 0.777 0.771 0.76 0.765 0.728 0.766 0.699 0.768 0.664 0.775 0.631 0.8 0.608 0.82 0.575 0.837 0.613 0.854 0.635 0.869 0.649 0.901 0.668 0.923 0.673 0.949 0.673 0.955 0.74 0.946 0.778 0.934 0.798 0.916 0.819 0.899 0.831 0.874 0.833
0 0.999 0.789 0.991 0.783 0.981 0.769 0.965 0.742 0.953 0.707 0.95 0.684 0.95 0.672 0.981 0.657 0.998 0.642 0.999 0.789
0 0.998 0.451 0.957 0.421 0.966 0.4 0.97 0.381 0.998 0.399 0.998 0.451
0 0.998 0.4 0.97 0.381 0.973 0.35 0.972 0.308 0.966 0.267 0.956 0.23 0.963 0.209 0.976 0.185 0.995 0.172 0.999 0.173 1.0 0.179 0.998 0.4
0 1.0 0.0 0.999 0.154 0.987 0.142 0.985 0.09 0.973 0.054 0.959 0.027 0.956 0.016 0.96 0.0
0 0.942 0.0 0.956 0.018 0.96 0.029 0.974 0.055 0.983 0.082 0.987 0.106 0.988 0.13 0.982 0.169 0.976 0.187 0.955 0.228 0.943 0.204 0.925 0.179 0.912 0.169 0.886 0.16 0.859 0.157 0.844 0.15 0.835 0.154 0.814 0.177 0.795 0.19 0.779 0.205 0.775 0.2 0.771 0.174 0.773 0.139 0.794 0.118 0.81 0.093 0.82 0.062 0.825 0.018 0.838 0.006 0.854 0.0
0 0.824 0.0 0.825 0.032 0.822 0.054 0.816 0.081 0.806 0.102 0.784 0.13 0.769 0.141 0.746 0.151 0.723 0.156 0.704 0.153 0.68 0.136 0.661 0.127 0.652 0.115 0.637 0.087 0.627 0.057 0.623 0.035 0.623 0.0
0 0.553 0.356 0.511 0.347 0.52 0.326 0.521 0.295 0.509 0.233 0.536 0.239 0.534 0.265 0.536 0.301 0.54 0.321 0.553 0.356
0 0.312 0.235 0.298 0.203 0.288 0.186 0.262 0.162 0.241 0.152 0.259 0.102 0.286 0.067 0.305 0.052 0.323 0.07 0.336 0.079 0.372 0.096 0.405 0.103 0.448 0.097 0.447 0.122 0.454 0.164 0.432 0.151 0.418 0.15 0.368 0.169 0.343 0.188 0.323 0.216 0.312 0.235
0 0.287 0.0 0.296 0.034 0.304 0.051 0.265 0.088 0.244 0.095 0.226 0.096 0.224 0.094 0.234 0.067 0.238 0.047 0.24 0.0
0 0.24 0.0 0.238 0.046 0.235 0.064 0.223 0.098 0.214 0.115 0.188 0.149 0.167 0.161 0.136 0.169 0.106 0.167 0.081 0.156 0.057 0.135 0.044 0.117 0.037 0.102 0.026 0.061 0.024 0.028 0.027 0.0
0 0.218 0.413 0.201 0.413 0.177 0.406 0.148 0.386 0.124 0.351 0.108 0.312 0.102 0.282 0.102 0.261 0.108 0.237 0.123 0.2 0.134 0.183 0.151 0.166 0.185 0.151 0.204 0.146 0.221 0.146 0.245 0.152 0.271 0.168 0.293 0.192 0.312 0.235 0.309 0.305 0.312 0.325 0.298 0.363 0.282 0.387 0.263 0.401 0.237 0.41 0.218 0.413
0 0.0 0.308 0.024 0.329 0.035 0.346 0.051 0.39 0.056 0.434 0.052 0.469 0.04 0.501 0.024 0.525 0.0 0.547
0 0.169 0.629 0.138 0.623 0.1 0.598 0.089 0.586 0.078 0.568 0.062 0.556 0.053 0.529 0.054 0.518 0.064 0.492 0.069 0.464 0.087 0.42 0.111 0.392 0.141 0.378 0.154 0.392 0.178 0.407 0.203 0.414 0.244 0.413 0.261 0.444 0.238 0.473 0.22 0.504 0.207 0.533 0.198 0.578 0.201 0.619 0.185 0.626 0.169 0.629
0 0.0 0.572 0.006 0.574 0.019 0.587 0.041 0.621 0.051 0.659 0.057 0.694 0.055 0.722 0.043 0.771 0.022 0.804 0.0 0.821
0 0.18 0.946 0.156 0.946 0.132 0.938 0.11 0.92 0.097 0.903 0.083 0.875 0.075 0.846 0.071 0.82 0.072 0.796 0.076 0.773 0.088 0.735 0.097 0.717 0.113 0.695 0.136 0.676 0.175 0.657 0.201 0.653 0.21 0.655 0.243 0.699 0.275 0.724 0.281 0.742 0.286 0.772 0.288 0.815 0.279 0.854 0.263 0.887 0.247 0.912 0.223 0.932 0.196 0.943 0.18 0.946
0 0.295 0.725 0.273 0.723 0.246 0.705 0.23 0.687 0.211 0.658 0.206 0.648 0.198 0.609 0.197 0.58 0.201 0.556 0.211 0.523 0.225 0.494 0.247 0.459 0.264 0.443 0.293 0.428 0.329 0.427 0.351 0.421 0.366 0.424 0.376 0.43 0.383 0.442 0.373 0.468 0.368 0.49 0.366 0.51 0.367 0.549 0.372 0.564 0.398 0.622 0.374 0.671 0.353 0.697 0.329 0.716 0.295 0.725
0 0.6 0.866 0.567 0.863 0.527 0.85 0.509 0.84 0.49 0.824 0.478 0.805 0.468 0.769 0.461 0.743 0.458 0.704 0.466 0.666 0.503 0.659 0.539 0.643 0.579 0.603 0.601 0.573 0.618 0.579 0.639 0.591 0.667 0.614 0.697 0.643 0.708 0.666 0.715 0.694 0.717 0.731 0.716 0.752 0.711 0.77 0.697 0.802 0.685 0.819 0.665 0.838 0.642 0.853 0.62 0.863 0.6 0.866
0 0.962 0.999 0.744 0.999 0.744 0.98 0.746 0.961 0.76 0.913 0.776 0.88 0.787 0.863 0.797 0.852 0.818 0.841 0.838 0.834 0.859 0.831 0.869 0.833 0.899 0.848 0.923 0.872 0.94 0.893 0.95 0.912 0.959 0.947 0.963 0.977 0.962 0.999
0 0.939 0.673 0.904 0.668 0.878 0.655 0.852 0.633 0.833 0.607 0.82 0.574 0.829 0.547 0.833 0.498 0.833 0.481 0.828 0.464 0.887 0.483 0.891 0.502 0.897 0.507 0.901 0.505 0.902 0.483 0.92 0.461 0.944 0.44 0.957 0.423 0.971 0.43 1.0 0.453 1.0 0.642 0.97 0.663 0.939 0.673
0 0.731 0.649 0.72 0.648 0.693 0.638 0.657 0.606 0.645 0.59 0.629 0.559 0.625 0.544 0.621 0.482 0.63 0.448 0.639 0.431 0.664 0.432 0.694 0.422 0.723 0.398 0.734 0.384 0.738 0.384 0.762 0.389 0.789 0.406 0.807 0.436 0.829 0.465 0.833 0.48 0.834 0.499 0.827 0.559 0.805 0.603 0.795 0.615 0.775 0.63 0.753 0.642 0.731 0.649
0 0.897 0.508 0.891 0.503 0.887 0.484 0.835 0.468 0.822 0.459 0.813 0.447 0.799 0.424 0.781 0.388 0.769 0.356 0.764 0.331 0.759 0.28 0.763 0.248 0.769 0.227 0.784 0.199 0.814 0.177 0.828 0.16 0.839 0.151 0.908 0.166 0.924 0.179 0.946 0.208 0.953 0.224 0.966 0.266 0.97 0.289 0.974 0.344 0.971 0.378 0.966 0.4 0.951 0.432 0.933 0.451 0.92 0.459 0.901 0.483 0.901 0.506 0.897 0.508
0 0.618 0.0 0.622 0.006 0.624 0.042 0.632 0.073 0.646 0.104 0.66 0.125 0.625 0.124 0.574 0.153 0.554 0.179 0.543 0.21 0.537 0.237 0.533 0.239 0.509 0.233 0.488 0.198 0.454 0.164 0.446 0.113 0.446 0.096 0.474 0.079 0.5 0.042 0.509 0.0
0 0.51 0.0 0.501 0.042 0.494 0.055 0.474 0.079 0.449 0.096 0.408 0.103 0.359 0.092 0.322 0.07 0.309 0.058 0.298 0.04 0.287 0.0
0 0.66 0.432 0.639 0.43 0.643 0.402 0.64 0.393 0.632 0.384 0.611 0.376 0.582 0.375 0.554 0.357 0.54 0.323 0.534 0.293 0.534 0.259 0.537 0.232 0.543 0.209 0.554 0.178 0.578 0.149 0.608 0.131 0.628 0.123 0.642 0.122 0.665 0.127 0.694 0.143 0.708 0.156 0.728 0.183 0.743 0.21 0.75 0.234 0.757 0.267 0.758 0.297 0.754 0.336 0.745 0.362 0.735 0.383 0.721 0.4 0.695 0.421 0.66 0.432
0 0.397 0.417 0.36 0.395 0.321 0.346 0.31 0.308 0.312 0.239 0.32 0.219 0.349 0.181 0.369 0.168 0.404 0.153 0.417 0.149 0.43 0.15 0.464 0.171 0.488 0.197 0.502 0.219 0.513 0.248 0.52 0.293 0.52 0.324 0.513 0.349 0.482 0.352 0.45 0.366 0.421 0.389 0.397 0.417
0 0.477 0.664 0.457 0.664 0.44 0.659 0.413 0.641 0.395 0.614 0.372 0.566 0.366 0.544 0.365 0.506 0.373 0.465 0.388 0.432 0.404 0.407 0.433 0.378 0.468 0.357 0.493 0.349 0.513 0.348 0.539 0.353 0.558 0.36 0.584 0.375 0.615 0.377 0.631 0.383 0.638 0.39 0.644 0.404 0.642 0.422 0.631 0.448 0.628 0.464 0.622 0.479 0.623 0.497 0.619 0.525 0.597 0.578 0.577 0.606 0.539 0.642 0.509 0.657 0.477 0.66
