0 0.31 0.614 0.28 0.612 0.266 0.603 0.252 0.587 0.246 0.576 0.232 0.56 0.23 0.551 0.231 0.53 0.226 0.507 0.226 0.466 0.233 0.45 0.232 0.441 0.236 0.432 0.241 0.396 0.252 0.375 0.29 0.332 0.301 0.328 0.322 0.328 0.335 0.331 0.353 0.34 0.368 0.359 0.376 0.373 0.38 0.39 0.387 0.404 0.391 0.424 0.391 0.435 0.389 0.451 0.378 0.499 0.378 0.515 0.373 0.521 0.373 0.533 0.366 0.541 0.357 0.568 0.344 0.589 0.332 0.604 0.322 0.61 0.31 0.614
0 0.153 0.448 0.144 0.448 0.136 0.444 0.119 0.424 0.111 0.42 0.101 0.405 0.093 0.384 0.082 0.345 0.08 0.32 0.083 0.311 0.091 0.301 0.105 0.276 0.112 0.257 0.118 0.25 0.151 0.246 0.194 0.246 0.206 0.255 0.223 0.276 0.234 0.301 0.242 0.34 0.244 0.358 0.243 0.378 0.231 0.404 0.214 0.424 0.19 0.438 0.167 0.446 0.153 0.448
0 0.493 0.439 0.477 0.437 0.422 0.402 0.4 0.37 0.386 0.358 0.375 0.34 0.357 0.287 0.356 0.265 0.37 0.217 0.392 0.184 0.41 0.172 0.417 0.164 0.434 0.16 0.46 0.171 0.474 0.195 0.484 0.206 0.498 0.226 0.529 0.25 0.544 0.276 0.544 0.3 0.528 0.349 0.531 0.362 0.534 0.389 0.534 0.398 0.532 0.407 0.52 0.43 0.504 0.438 0.493 0.439
0 0.584 0.251 0.532 0.248 0.518 0.242 0.494 0.222 0.471 0.188 0.466 0.165 0.465 0.116 0.47 0.095 0.488 0.067 0.505 0.053 0.515 0.049 0.549 0.04 0.564 0.034 0.588 0.032 0.618 0.04 0.639 0.052 0.651 0.067 0.674 0.088 0.679 0.094 0.684 0.119 0.684 0.139 0.683 0.149 0.678 0.164 0.678 0.186 0.674 0.198 0.66 0.218 0.64 0.236 0.603 0.248 0.584 0.251
0 0.614 0.476 0.596 0.476 0.574 0.463 0.562 0.451 0.545 0.426 0.536 0.418 0.531 0.398 0.531 0.375 0.529 0.367 0.529 0.352 0.532 0.329 0.542 0.305 0.552 0.292 0.555 0.279 0.572 0.265 0.593 0.256 0.604 0.247 0.62 0.24 0.629 0.24 0.65 0.234 0.665 0.234 0.679 0.238 0.697 0.258 0.713 0.281 0.727 0.311 0.719 0.368 0.717 0.393 0.71 0.413 0.699 0.435 0.674 0.458 0.645 0.473 0.614 0.476
0 0.825 0.486 0.78 0.484 0.767 0.477 0.746 0.454 0.74 0.443 0.729 0.428 0.724 0.417 0.719 0.372 0.719 0.346 0.726 0.316 0.754 0.274 0.768 0.265 0.802 0.253 0.834 0.25 0.846 0.254 0.868 0.269 0.881 0.287 0.884 0.299 0.893 0.314 0.899 0.335 0.9 0.379 0.898 0.399 0.89 0.421 0.874 0.454 0.863 0.466 0.845 0.474 0.836 0.482 0.825 0.486
0 0.744 0.614 0.729 0.614 0.699 0.601 0.674 0.572 0.668 0.556 0.669 0.528 0.671 0.506 0.671 0.481 0.669 0.472 0.67 0.461 0.675 0.453 0.686 0.446 0.698 0.431 0.718 0.397 0.721 0.398 0.725 0.402 0.727 0.424 0.736 0.436 0.76 0.458 0.771 0.472 0.782 0.48 0.792 0.482 0.799 0.494 0.788 0.557 0.759 0.606 0.744 0.614
0 0.385 0.751 0.374 0.75 0.35 0.734 0.347 0.729 0.341 0.712 0.332 0.699 0.323 0.671 0.324 0.626 0.336 0.597 0.353 0.577 0.366 0.545 0.38 0.522 0.398 0.516 0.409 0.508 0.42 0.505 0.434 0.506 0.456 0.518 0.468 0.533 0.482 0.543 0.498 0.569 0.5 0.609 0.494 0.63 0.486 0.68 0.483 0.693 0.471 0.713 0.461 0.725 0.449 0.734 0.428 0.745 0.385 0.751
0 0.562 0.763 0.544 0.761 0.508 0.742 0.492 0.718 0.483 0.691 0.482 0.677 0.493 0.637 0.499 0.59 0.504 0.579 0.513 0.571 0.522 0.553 0.534 0.542 0.557 0.532 0.578 0.53 0.582 0.528 0.6 0.528 0.617 0.534 0.639 0.548 0.648 0.554 0.657 0.567 0.661 0.581 0.664 0.603 0.664 0.63 0.663 0.634 0.664 0.656 0.647 0.697 0.631 0.714 0.626 0.724 0.619 0.726 0.611 0.738 0.598 0.75 0.562 0.763
0 0.711 0.877 0.701 0.876 0.687 0.868 0.679 0.86 0.669 0.855 0.662 0.853 0.654 0.857 0.648 0.857 0.637 0.849 0.632 0.841 0.621 0.832 0.606 0.811 0.599 0.788 0.598 0.774 0.593 0.764 0.593 0.754 0.596 0.745 0.602 0.738 0.622 0.729 0.628 0.722 0.659 0.676 0.659 0.663 0.661 0.657 0.67 0.649 0.691 0.65 0.7 0.656 0.713 0.661 0.734 0.677 0.758 0.704 0.768 0.721 0.772 0.736 0.776 0.761 0.777 0.821 0.77 0.839 0.752 0.862 0.745 0.866 0.711 0.877
0 0.876 0.88 0.835 0.874 0.825 0.867 0.816 0.866 0.791 0.849 0.781 0.839 0.776 0.825 0.776 0.788 0.772 0.768 0.771 0.739 0.775 0.726 0.78 0.716 0.795 0.695 0.809 0.686 0.822 0.684 0.836 0.679 0.882 0.679 0.89 0.684 0.898 0.694 0.905 0.696 0.922 0.729 0.926 0.744 0.929 0.752 0.933 0.771 0.933 0.789 0.929 0.803 0.929 0.809 0.924 0.815 0.916 0.838 0.91 0.847 0.907 0.854 0.896 0.869 0.876 0.8
