0 0.446 0.785 0.427 0.782 0.413 0.774 0.405 0.767 0.385 0.736 0.381 0.719 0.38 0.703 0.382 0.69 0.388 0.677 0.41 0.644 0.434 0.626 0.461 0.622 0.477 0.628 0.498 0.651 0.51 0.679 0.512 0.703 0.505 0.737 0.487 0.765 0.467 0.78 0.446 0.785
0 0.352 0.688 0.34 0.687 0.323 0.682 0.313 0.675 0.303 0.663 0.297 0.652 0.294 0.636 0.294 0.602 0.305 0.563 0.316 0.545 0.333 0.53 0.342 0.525 0.372 0.524 0.389 0.533 0.402 0.551 0.407 0.563 0.411 0.584 0.411 0.606 0.402 0.641 0.391 0.661 0.378 0.676 0.362 0.685 0.352 0.688
0 0.537 0.695 0.528 0.693 0.522 0.678 0.512 0.67 0.502 0.655 0.496 0.634 0.497 0.609 0.505 0.583 0.519 0.564 0.532 0.554 0.542 0.549 0.551 0.547 0.567 0.549 0.576 0.553 0.583 0.56 0.594 0.574 0.6 0.584 0.604 0.605 0.602 0.632 0.596 0.65 0.584 0.666 0.562 0.681 0.546 0.684 0.537 0.695
0 0.474 0.625 0.463 0.621 0.446 0.623 0.433 0.617 0.427 0.612 0.417 0.596 0.412 0.573 0.415 0.551 0.419 0.54 0.426 0.531 0.446 0.514 0.466 0.505 0.48 0.507 0.493 0.516 0.503 0.532 0.509 0.56 0.509 0.577 0.501 0.59 0.496 0.606 0.487 0.617 0.474 0.625
0 0.613 0.562 0.603 0.562 0.593 0.557 0.581 0.544 0.576 0.535 0.573 0.522 0.573 0.508 0.579 0.482 0.584 0.471 0.602 0.444 0.616 0.43 0.623 0.427 0.638 0.422 0.657 0.423 0.674 0.429 0.683 0.436 0.696 0.456 0.7 0.473 0.698 0.498 0.69 0.52 0.678 0.534 0.661 0.546 0.646 0.553 0.613 0.562
0 0.544 0.536 0.53 0.534 0.516 0.527 0.509 0.521 0.499 0.504 0.494 0.479 0.496 0.457 0.507 0.432 0.525 0.412 0.538 0.407 0.558 0.409 0.576 0.421 0.588 0.439 0.591 0.456 0.591 0.46 0.583 0.471 0.575 0.49 0.572 0.509 0.573 0.524 0.562 0.531 0.544 0.536
0 0.415 0.521 0.396 0.52 0.383 0.515 0.365 0.493 0.355 0.471 0.353 0.459 0.353 0.438 0.357 0.418 0.363 0.405 0.37 0.396 0.378 0.389 0.396 0.384 0.404 0.384 0.422 0.391 0.44 0.411 0.453 0.435 0.456 0.448 0.456 0.466 0.45 0.488 0.446 0.496 0.433 0.511 0.424 0.518 0.415 0.521
0 0.527 0.404 0.509 0.402 0.496 0.394 0.484 0.378 0.474 0.351 0.473 0.332 0.479 0.308 0.489 0.292 0.502 0.283 0.521 0.281 0.533 0.285 0.543 0.294 0.55 0.303 0.557 0.32 0.561 0.341 0.561 0.351 0.557 0.376 0.545 0.394 0.536 0.401 0.527 0.404
0 0.605 0.44 0.59 0.438 0.581 0.424 0.57 0.416 0.564 0.401 0.562 0.389 0.563 0.37 0.57 0.353 0.582 0.34 0.595 0.335 0.614 0.336 0.627 0.344 0.642 0.366 0.646 0.383 0.645 0.402 0.638 0.419 0.635 0.422 0.627 0.423 0.617 0.427 0.605 0.44
0 0.67 0.388 0.658 0.387 0.646 0.381 0.639 0.358 0.627 0.342 0.628 0.323 0.635 0.306 0.649 0.29 0.662 0.285 0.68 0.287 0.693 0.296 0.704 0.315 0.708 0.332 0.706 0.351 0.7 0.368 0.688 0.381 0.67 0.388
0 0.725 0.501 0.711 0.499 0.7 0.492 0.701 0.476 0.698 0.459 0.692 0.446 0.682 0.436 0.685 0.42 0.691 0.406 0.702 0.393 0.715 0.388 0.729 0.39 0.742 0.399 0.752 0.414 0.757 0.429 0.759 0.441 0.758 0.46 0.749 0.483 0.738 0.496 0.725 0.50
