0 0.0 0.074 0.009 0.074 0.01 0.076 0.022 0.128 0.033 0.164 0.056 0.163 0.072 0.166 0.092 0.158 0.114 0.154 0.137 0.16 0.162 0.178 0.183 0.215 0.216 0.293 0.23 0.342 0.244 0.414 0.242 0.454 0.235 0.494 0.232 0.535 0.224 0.572 0.203 0.626 0.179 0.654 0.164 0.665 0.122 0.665 0.098 0.655 0.084 0.643 0.081 0.643 0.069 0.655 0.058 0.659 0.034 0.656 0.015 0.645 0.001 0.63 0.0 0.535
0 0.291 0.998 0.022 0.998 0.021 0.87 0.028 0.824 0.04 0.792 0.047 0.765 0.078 0.721 0.109 0.686 0.125 0.672 0.136 0.667 0.204 0.665 0.218 0.672 0.241 0.695 0.26 0.701 0.271 0.724 0.292 0.744 0.298 0.758 0.32 0.846 0.32 0.859 0.325 0.87 0.325 0.997 0.291 0.998
0 0.573 0.999 0.407 0.999 0.403 0.989 0.383 0.965 0.36 0.925 0.354 0.875 0.351 0.787 0.353 0.766 0.358 0.747 0.367 0.725 0.377 0.707 0.372 0.682 0.374 0.658 0.392 0.606 0.412 0.586 0.427 0.556 0.446 0.539 0.473 0.528 0.51 0.524 0.542 0.531 0.565 0.545 0.584 0.565 0.602 0.597 0.614 0.628 0.617 0.648 0.637 0.684 0.648 0.715 0.657 0.76 0.662 0.8 0.664 0.866 0.66 0.882 0.648 0.902 0.641 0.919 0.618 0.953 0.601 0.974 0.573 0.999
0 0.422 0.558 0.411 0.557 0.397 0.546 0.383 0.521 0.352 0.485 0.344 0.472 0.33 0.434 0.325 0.411 0.324 0.389 0.33 0.341 0.336 0.318 0.344 0.3 0.349 0.248 0.364 0.198 0.381 0.172 0.4 0.153 0.424 0.142 0.471 0.145 0.505 0.126 0.519 0.123 0.531 0.127 0.543 0.138 0.566 0.151 0.584 0.173 0.597 0.202 0.604 0.23 0.606 0.266 0.622 0.28 0.632 0.293 0.647 0.34 0.649 0.354 0.648 0.399 0.643 0.425 0.633 0.458 0.618 0.493 0.607 0.513 0.594 0.529 0.575 0.541 0.563 0.543 0.543 0.531 0.527 0.526 0.478 0.526 0.451 0.536 0.422 0.558
0 0.8 0.366 0.784 0.362 0.764 0.339 0.737 0.362 0.727 0.363 0.717 0.359 0.685 0.325 0.666 0.284 0.656 0.255 0.646 0.211 0.641 0.161 0.644 0.096 0.649 0.061 0.657 0.027 0.659 0.001 0.92 0.001 0.92 0.098 0.915 0.153 0.907 0.187 0.881 0.255 0.852 0.302 0.839 0.328 0.817 0.357 0.8 0.366
0 0.782 0.931 0.741 0.929 0.712 0.92 0.673 0.922 0.66 0.913 0.65 0.896 0.66 0.844 0.662 0.808 0.66 0.782 0.654 0.743 0.645 0.705 0.636 0.68 0.623 0.658 0.623 0.65 0.648 0.581 0.67 0.538 0.696 0.502 0.721 0.485 0.739 0.485 0.761 0.501 0.79 0.513 0.8 0.522 0.822 0.554 0.826 0.554 0.836 0.543 0.846 0.539 0.848 0.549 0.844 0.562 0.864 0.578 0.886 0.616 0.896 0.618 0.908 0.627 0.918 0.648 0.922 0.664 0.918 0.728 0.91 0.776 0.903 0.81 0.886 0.847 0.87 0.87 0.847 0.889 0.795 0.926 0.782 0.931
0 0.091 0.0 0.091 0.003 0.238 0.003 0.239 0.022 0.252 0.076 0.253 0.095 0.238 0.151 0.231 0.166 0.223 0.175 0.229 0.185 0.232 0.199 0.231 0.239 0.227 0.262 0.217 0.288 0.214 0.288 0.188 0.224 0.173 0.193 0.161 0.177 0.149 0.167 0.132 0.158 0.114 0.154 0.094 0.157 0.07 0.166 0.053 0.162 0.032 0.163 0.02 0.123 0.011 0.084 0.007 0.074 0.0 0.068
0 0.27 0.352 0.261 0.35 0.243 0.339 0.226 0.319 0.223 0.31 0.223 0.276 0.23 0.246 0.232 0.212 0.231 0.19 0.224 0.176 0.238 0.152 0.248 0.102 0.247 0.053 0.234 0.004 0.409 0.003 0.424 0.012 0.435 0.03 0.454 0.073 0.456 0.093 0.455 0.143 0.427 0.142 0.405 0.15 0.384 0.17 0.367 0.193 0.35 0.246 0.346 0.268 0.345 0.297 0.335 0.322 0.33 0.342 0.293 0.344 0.27 0.352
0 0.332 0.754 0.317 0.753 0.302 0.748 0.273 0.728 0.261 0.708 0.249 0.65 0.248 0.627 0.249 0.574 0.255 0.552 0.266 0.535 0.258 0.529 0.251 0.52 0.24 0.483 0.244 0.444 0.244 0.413 0.24 0.389 0.248 0.375 0.262 0.36 0.274 0.351 0.291 0.345 0.33 0.344 0.325 0.385 0.325 0.406 0.331 0.435 0.343 0.469 0.358 0.495 0.384 0.523 0.398 0.547 0.421 0.565 0.414 0.583 0.395 0.602 0.385 0.622 0.372 0.666 0.372 0.684 0.376 0.705 0.359 0.745 0.356 0.75 0.332 0.754
0 0.66 0.0 0.657 0.027 0.646 0.083 0.641 0.151 0.646 0.206 0.658 0.263 0.647 0.272 0.636 0.272 0.628 0.283 0.606 0.265 0.604 0.234 0.597 0.205 0.584 0.174 0.567 0.151 0.532 0.128 0.519 0.123 0.5 0.128 0.471 0.146 0.459 0.143 0.458 0.108 0.46 0.091 0.467 0.064 0.463 0.029 0.468 0.0
0 0.932 0.665 0.921 0.665 0.916 0.645 0.907 0.628 0.899 0.62 0.885 0.616 0.862 0.577 0.845 0.563 0.844 0.557 0.848 0.55 0.847 0.541 0.845 0.539 0.836 0.543 0.827 0.555 0.822 0.555 0.795 0.518 0.762 0.502 0.741 0.486 0.723 0.407 0.724 0.363 0.743 0.359 0.761 0.341 0.765 0.339 0.78 0.359 0.793 0.366 0.809 0.363 0.826 0.348 0.883 0.251 0.896 0.218 0.911 0.174 0.925 0.174 0.939 0.187 0.948 0.202 0.962 0.243 0.997 0.264 0.999 0.275 0.998 0.608 0.993 0.618 0.982 0.63 0.959 0.644 0.948 0.655 0.932 0.66
