0 0.834 0.992 0.659 0.992 0.647 0.991 0.646 0.972 0.668 0.948 0.7 0.885 0.754 0.87 0.779 0.88 0.802 0.906 0.829 0.955 0.839 0.987 0.834 0.992
0 0.826 0.945 0.788 0.887 0.746 0.867 0.737 0.853 0.736 0.743 0.747 0.7 0.781 0.643 0.808 0.628 0.848 0.625 0.88 0.646 0.905 0.691 0.921 0.75 0.921 0.803 0.912 0.86 0.885 0.913 0.855 0.941 0.826 0.945
0 0.867 0.992 0.838 0.991 0.822 0.943 0.862 0.939 0.875 0.982 0.867 0.992
0 0.616 0.99 0.573 0.98 0.527 0.907 0.514 0.866 0.512 0.803 0.519 0.758 0.532 0.718 0.56 0.674 0.611 0.702 0.657 0.686 0.682 0.727 0.693 0.779 0.697 0.854 0.684 0.918 0.655 0.966 0.616 0.99
0 0.58 0.998 0.408 0.997 0.449 0.919 0.471 0.901 0.503 0.898 0.538 0.919 0.58 0.998
0 0.41 0.998 0.327 0.998 0.29 0.954 0.304 0.836 0.294 0.766 0.274 0.709 0.274 0.685 0.298 0.713 0.34 0.736 0.384 0.734 0.418 0.702 0.443 0.734 0.461 0.798 0.464 0.865 0.453 0.918 0.41 0.998
0 0.257 0.998 0.08 0.992 0.061 0.953 0.05 0.892 0.059 0.791 0.083 0.723 0.112 0.677 0.159 0.643 0.208 0.645 0.26 0.685 0.293 0.758 0.302 0.807 0.303 0.857 0.289 0.936 0.267 0.99 0.257 0.998
0 0.455 0.92 0.449 0.919 0.452 0.886 0.462 0.862 0.463 0.841 0.46 0.796 0.446 0.739 0.485 0.749 0.527 0.731 0.514 0.836 0.528 0.908 0.489 0.902 0.455 0.92
0 0.701 0.887 0.695 0.883 0.696 0.797 0.678 0.713 0.713 0.717 0.746 0.702 0.736 0.786 0.746 0.866 0.701 0.887
0 0.479 0.752 0.447 0.741 0.422 0.701 0.441 0.661 0.458 0.588 0.461 0.523 0.452 0.465 0.522 0.464 0.519 0.531 0.525 0.576 0.536 0.623 0.558 0.67 0.519 0.739 0.479 0.752
0 0.365 0.736 0.322 0.727 0.28 0.693 0.25 0.637 0.233 0.57 0.232 0.501 0.248 0.424 0.275 0.368 0.314 0.339 0.372 0.339 0.411 0.371 0.438 0.417 0.46 0.502 0.461 0.572 0.443 0.658 0.404 0.721 0.365 0.736
0 0.278 0.716 0.246 0.67 0.199 0.642 0.159 0.643 0.117 0.67 0.113 0.595 0.124 0.54 0.155 0.493 0.203 0.474 0.236 0.474 0.23 0.522 0.236 0.584 0.252 0.641 0.279 0.691 0.278 0.716
0 0.173 0.494 0.141 0.492 0.095 0.462 0.061 0.412 0.043 0.366 0.034 0.267 0.043 0.217 0.07 0.155 0.126 0.126 0.159 0.136 0.203 0.176 0.243 0.257 0.256 0.331 0.243 0.43 0.223 0.467 0.173 0.494
0 0.28 0.308 0.254 0.307 0.225 0.214 0.198 0.17 0.162 0.136 0.201 0.099 0.227 0.098 0.245 0.109 0.262 0.199 0.3 0.248 0.3 0.28 0.28 0.308
0 0.282 0.361 0.266 0.356 0.281 0.307 0.3 0.276 0.35 0.251 0.38 0.263 0.38 0.343 0.323 0.337 0.282 0.361
0 0.33 0.257 0.298 0.248 0.268 0.213 0.254 0.179 0.246 0.139 0.246 0.072 0.26 0.003 0.408 0.001 0.418 0.082 0.41 0.156 0.373 0.23 0.33 0.257
0 0.448 0.454 0.419 0.386 0.375 0.344 0.375 0.266 0.392 0.2 0.421 0.154 0.466 0.129 0.505 0.129 0.557 0.213 0.564 0.243 0.566 0.325 0.558 0.363 0.53 0.429 0.493 0.45 0.448 0.454
0 0.488 0.079 0.447 0.077 0.417 0.055 0.405 0.001 0.544 0.001 0.52 0.054 0.488 0.079
0 0.509 0.141 0.468 0.13 0.411 0.141 0.409 0.125 0.415 0.083 0.48 0.083 0.502 0.111 0.509 0.141
0 0.626 0.704 0.596 0.702 0.562 0.675 0.532 0.619 0.519 0.558 0.518 0.497 0.526 0.444 0.553 0.374 0.567 0.357 0.62 0.358 0.658 0.387 0.687 0.434 0.708 0.522 0.711 0.58 0.702 0.626 0.669 0.679 0.626 0.704
0 0.64 0.365 0.562 0.364 0.562 0.234 0.589 0.232 0.618 0.258 0.64 0.365
0 0.719 0.421 0.676 0.412 0.65 0.382 0.628 0.33 0.623 0.28 0.629 0.218 0.644 0.174 0.671 0.134 0.715 0.115 0.752 0.129 0.773 0.151 0.796 0.229 0.795 0.3 0.782 0.352 0.755 0.398 0.719 0.421
0 0.665 0.081 0.628 0.08 0.612 0.069 0.592 0.032 0.585 0.001 0.723 0.001 0.702 0.049 0.68 0.077 0.665 0.081
0 0.622 0.257 0.585 0.217 0.584 0.154 0.593 0.121 0.62 0.08 0.684 0.08 0.698 0.094 0.707 0.114 0.655 0.156 0.639 0.189 0.622 0.257
0 0.813 0.234 0.796 0.228 0.786 0.182 0.76 0.137 0.708 0.114 0.708 0.033 0.721 0.002 0.854 0.007 0.866 0.053 0.872 0.139 0.852 0.202 0.834 0.226 0.813 0.234
0 0.716 0.717 0.701 0.714 0.667 0.68 0.7 0.623 0.71 0.58 0.708 0.526 0.697 0.471 0.671 0.404 0.709 0.418 0.761 0.404 0.789 0.537 0.788 0.599 0.775 0.647 0.749 0.697 0.716 0.717
0 0.881 0.602 0.84 0.593 0.805 0.561 0.783 0.515 0.771 0.452 0.776 0.395 0.799 0.332 0.828 0.291 0.862 0.276 0.891 0.282 0.937 0.322 0.962 0.367 0.971 0.416 0.964 0.492 0.946 0.544 0.915 0.585 0.881 0.60
