0 0.639 0.925 0.604 0.925 0.596 0.921 0.585 0.911 0.575 0.892 0.571 0.866 0.568 0.845 0.569 0.785 0.579 0.754 0.59 0.742 0.602 0.737 0.618 0.727 0.633 0.73 0.649 0.743 0.656 0.753 0.666 0.764 0.67 0.773 0.679 0.815 0.68 0.845 0.679 0.855 0.669 0.898 0.664 0.907 0.658 0.912 0.652 0.919 0.639 0.925
0 0.503 0.919 0.487 0.916 0.473 0.908 0.464 0.899 0.456 0.886 0.452 0.871 0.447 0.86 0.443 0.844 0.442 0.831 0.44 0.827 0.44 0.799 0.446 0.756 0.456 0.732 0.465 0.716 0.481 0.703 0.506 0.703 0.537 0.72 0.546 0.739 0.55 0.739 0.553 0.744 0.561 0.774 0.564 0.802 0.564 0.839 0.552 0.876 0.546 0.891 0.535 0.904 0.524 0.914 0.518 0.917 0.506 0.915 0.503 0.919
0 0.576 0.743 0.565 0.743 0.557 0.739 0.552 0.735 0.534 0.713 0.511 0.66 0.508 0.649 0.507 0.64 0.506 0.622 0.508 0.602 0.511 0.587 0.515 0.579 0.517 0.564 0.532 0.54 0.561 0.519 0.583 0.519 0.595 0.522 0.611 0.534 0.615 0.542 0.626 0.577 0.629 0.598 0.629 0.613 0.627 0.643 0.621 0.677 0.611 0.712 0.607 0.719 0.591 0.736 0.576 0.743
0 0.484 0.409 0.481 0.408 0.472 0.409 0.465 0.406 0.445 0.388 0.434 0.363 0.425 0.318 0.425 0.302 0.429 0.273 0.435 0.256 0.446 0.235 0.446 0.223 0.444 0.218 0.44 0.219 0.441 0.212 0.447 0.202 0.461 0.192 0.463 0.192 0.464 0.195 0.465 0.196 0.467 0.203 0.465 0.204 0.469 0.206 0.467 0.207 0.469 0.209 0.474 0.209 0.487 0.203 0.495 0.202 0.506 0.204 0.515 0.21 0.522 0.221 0.523 0.227 0.528 0.234 0.532 0.244 0.539 0.275 0.54 0.298 0.539 0.335 0.535 0.352 0.53 0.367 0.521 0.382 0.512 0.39 0.496 0.404 0.484 0.409
0 0.473 0.641 0.457 0.641 0.447 0.638 0.43 0.625 0.423 0.615 0.419 0.612 0.414 0.605 0.407 0.583 0.401 0.575 0.393 0.544 0.391 0.52 0.392 0.501 0.395 0.478 0.399 0.465 0.415 0.438 0.439 0.414 0.462 0.415 0.479 0.425 0.491 0.438 0.51 0.474 0.517 0.496 0.522 0.522 0.527 0.533 0.528 0.548 0.518 0.566 0.511 0.586 0.508 0.609 0.508 0.624 0.49 0.638 0.477 0.638 0.473 0.641
0 0.347 0.759 0.341 0.758 0.327 0.746 0.316 0.727 0.315 0.687 0.311 0.675 0.305 0.638 0.295 0.601 0.306 0.558 0.318 0.54 0.335 0.528 0.354 0.525 0.376 0.534 0.379 0.537 0.395 0.575 0.407 0.613 0.41 0.626 0.41 0.648 0.405 0.688 0.405 0.702 0.404 0.707 0.387 0.734 0.374 0.742 0.362 0.755 0.347 0.759
0 0.384 0.938 0.374 0.938 0.36 0.93 0.35 0.915 0.344 0.902 0.341 0.886 0.338 0.863 0.337 0.838 0.339 0.817 0.345 0.78 0.351 0.761 0.359 0.76 0.369 0.75 0.386 0.737 0.391 0.729 0.408 0.731 0.417 0.742 0.435 0.791 0.44 0.821 0.439 0.852 0.435 0.88 0.425 0.904 0.413 0.914 0.399 0.933 0.384 0.938
0 0.276 0.934 0.269 0.934 0.255 0.923 0.239 0.903 0.233 0.886 0.227 0.858 0.227 0.837 0.232 0.818 0.236 0.82 0.263 0.82 0.269 0.816 0.284 0.8 0.296 0.783 0.307 0.758 0.307 0.75 0.306 0.746 0.312 0.747 0.314 0.754 0.32 0.763 0.329 0.844 0.329 0.865 0.326 0.882 0.318 0.911 0.314 0.92 0.299 0.931 0.291 0.934 0.276 0.934
0 0.619 0.358 0.59 0.35 0.562 0.329 0.552 0.319 0.547 0.307 0.541 0.287 0.538 0.269 0.538 0.26 0.536 0.242 0.536 0.201 0.539 0.179 0.549 0.134 0.565 0.109 0.574 0.101 0.616 0.101 0.645 0.115 0.655 0.125 0.668 0.146 0.671 0.156 0.679 0.189 0.681 0.205 0.679 0.24 0.674 0.286 0.669 0.306 0.663 0.322 0.659 0.329 0.643 0.343 0.635 0.354 0.625 0.354 0.619 0.358
0 0.669 0.536 0.658 0.536 0.649 0.53 0.64 0.519 0.633 0.499 0.627 0.459 0.623 0.422 0.624 0.398 0.627 0.365 0.63 0.354 0.638 0.343 0.66 0.326 0.668 0.323 0.682 0.32 0.711 0.331 0.727 0.344 0.731 0.355 0.736 0.365 0.734 0.373 0.742 0.415 0.743 0.442 0.742 0.457 0.738 0.472 0.731 0.491 0.716 0.507 0.711 0.515 0.688 0.533 0.669 0.536
0 0.551 0.528 0.534 0.514 0.517 0.491 0.509 0.473 0.5 0.439 0.5 0.398 0.504 0.397 0.514 0.386 0.533 0.362 0.538 0.347 0.541 0.329 0.541 0.315 0.544 0.309 0.548 0.314 0.552 0.315 0.564 0.335 0.572 0.344 0.593 0.355 0.6 0.357 0.61 0.355 0.619 0.392 0.62 0.409 0.624 0.428 0.626 0.445 0.618 0.495 0.607 0.513 0.592 0.526 0.576 0.521 0.562 0.521 0.551 0.528
0 0.688 0.756 0.673 0.756 0.665 0.753 0.642 0.737 0.634 0.712 0.627 0.667 0.627 0.635 0.63 0.61 0.634 0.589 0.637 0.587 0.644 0.556 0.66 0.536 0.674 0.532 0.693 0.534 0.723 0.553 0.733 0.565 0.742 0.606 0.742 0.632 0.738 0.669 0.738 0.712 0.737 0.718 0.724 0.743 0.711 0.748 0.701 0.754 0.69 0.754 0.688 0.756
0 0.683 0.217 0.68 0.216 0.677 0.212 0.674 0.186 0.67 0.165 0.654 0.13 0.619 0.106 0.618 0.096 0.619 0.06 0.627 0.037 0.63 0.029 0.64 0.018 0.648 0.011 0.657 0.007 0.672 0.007 0.683 0.012 0.696 0.013 0.724 0.037 0.732 0.049 0.741 0.082 0.741 0.12 0.734 0.16 0.727 0.189 0.712 0.208 0.683 0.217
0 0.526 0.213 0.514 0.213 0.505 0.206 0.488 0.206 0.484 0.203 0.47 0.189 0.458 0.167 0.451 0.139 0.449 0.119 0.449 0.078 0.451 0.062 0.455 0.042 0.46 0.028 0.466 0.019 0.488 0.004 0.498 0.004 0.502 0.001 0.529 0.003 0.534 0.004 0.554 0.018 0.567 0.035 0.574 0.049 0.578 0.066 0.578 0.1 0.558 0.119 0.553 0.128 0.547 0.147 0.538 0.198 0.526 0.213
0 0.392 0.255 0.369 0.252 0.347 0.234 0.339 0.219 0.331 0.211 0.321 0.173 0.319 0.157 0.319 0.138 0.322 0.115 0.323 0.09 0.326 0.075 0.338 0.046 0.356 0.033 0.361 0.03 0.397 0.03 0.43 0.068 0.442 0.095 0.444 0.103 0.448 0.143 0.447 0.161 0.439 0.206 0.436 0.217 0.423 0.239 0.416 0.245 0.392 0.255
0 0.386 0.476 0.368 0.476 0.344 0.46 0.327 0.421 0.317 0.378 0.316 0.36 0.314 0.343 0.315 0.318 0.318 0.303 0.324 0.289 0.334 0.275 0.35 0.26 0.365 0.25 0.376 0.25 0.4 0.258 0.411 0.269 0.424 0.285 0.426 0.293 0.426 0.314 0.428 0.326 0.437 0.364 0.432 0.402 0.422 0.433 0.407 0.458 0.386 0.476
0 0.289 0.332 0.283 0.332 0.256 0.323 0.241 0.303 0.232 0.288 0.229 0.279 0.219 0.222 0.218 0.184 0.227 0.147 0.241 0.117 0.264 0.1 0.298 0.099 0.311 0.112 0.32 0.126 0.321 0.161 0.324 0.184 0.334 0.218 0.334 0.242 0.33 0.267 0.321 0.295 0.311 0.313 0.289 0.332
0 0.274 0.559 0.258 0.558 0.233 0.541 0.225 0.525 0.215 0.495 0.21 0.467 0.211 0.418 0.213 0.414 0.215 0.393 0.22 0.376 0.238 0.357 0.248 0.349 0.273 0.341 0.293 0.348 0.303 0.359 0.314 0.374 0.321 0.393 0.327 0.421 0.33 0.447 0.33 0.468 0.326 0.498 0.324 0.511 0.314 0.537 0.304 0.546 0.274 0.559
0 0.232 0.823 0.222 0.823 0.212 0.817 0.202 0.814 0.197 0.809 0.193 0.798 0.184 0.786 0.173 0.756 0.17 0.743 0.169 0.731 0.169 0.691 0.18 0.626 0.186 0.612 0.193 0.601 0.206 0.586 0.22 0.575 0.245 0.572 0.261 0.575 0.267 0.574 0.281 0.583 0.292 0.595 0.302 0.62 0.308 0.655 0.317 0.691 0.317 0.722 0.313 0.74 0.31 0.743 0.304 0.765 0.3 0.769 0.284 0.802 0.275 0.811 0.259 0.821 0.232 0.82
