0 0.506 0.88 0.483 0.879 0.465 0.872 0.441 0.856 0.429 0.844 0.416 0.828 0.405 0.807 0.398 0.783 0.394 0.762 0.393 0.735 0.396 0.708 0.401 0.688 0.412 0.662 0.435 0.624 0.457 0.61 0.476 0.603 0.5 0.602 0.514 0.606 0.534 0.616 0.553 0.632 0.573 0.657 0.582 0.674 0.594 0.704 0.599 0.727 0.599 0.758 0.597 0.778 0.591 0.799 0.576 0.832 0.562 0.851 0.545 0.865 0.522 0.877 0.506 0.88
0 0.658 0.751 0.633 0.746 0.607 0.726 0.566 0.648 0.566 0.629 0.568 0.61 0.581 0.578 0.593 0.562 0.606 0.55 0.628 0.54 0.662 0.541 0.675 0.546 0.688 0.556 0.706 0.575 0.716 0.591 0.723 0.607 0.727 0.623 0.728 0.668 0.718 0.707 0.704 0.728 0.69 0.742 0.675 0.748 0.658 0.751
0 0.75 0.608 0.734 0.606 0.72 0.599 0.704 0.574 0.686 0.555 0.67 0.544 0.668 0.537 0.667 0.511 0.676 0.482 0.695 0.458 0.716 0.444 0.726 0.442 0.742 0.442 0.756 0.446 0.77 0.455 0.789 0.477 0.8 0.507 0.802 0.521 0.801 0.542 0.798 0.558 0.79 0.577 0.773 0.599 0.761 0.606 0.75 0.608
0 0.424 0.64 0.411 0.632 0.4 0.621 0.389 0.604 0.381 0.585 0.376 0.561 0.375 0.54 0.376 0.523 0.382 0.505 0.388 0.492 0.403 0.476 0.432 0.46 0.457 0.455 0.468 0.456 0.483 0.46 0.498 0.47 0.507 0.478 0.518 0.496 0.524 0.509 0.528 0.53 0.528 0.567 0.519 0.597 0.514 0.606 0.488 0.602 0.462 0.608 0.442 0.621 0.424 0.64
0 0.579 0.566 0.55 0.554 0.534 0.544 0.526 0.512 0.513 0.483 0.513 0.47 0.517 0.447 0.525 0.425 0.544 0.393 0.556 0.382 0.57 0.372 0.585 0.368 0.597 0.367 0.612 0.371 0.626 0.38 0.646 0.403 0.66 0.437 0.661 0.476 0.651 0.516 0.644 0.531 0.633 0.54 0.608 0.55 0.592 0.565 0.579 0.566
0 0.3 0.585 0.27 0.579 0.248 0.565 0.23 0.543 0.219 0.519 0.211 0.488 0.209 0.452 0.208 0.45 0.201 0.461 0.202 0.473 0.206 0.476 0.206 0.48 0.2 0.477 0.198 0.469 0.203 0.446 0.21 0.436 0.215 0.409 0.223 0.391 0.232 0.379 0.256 0.358 0.272 0.348 0.287 0.344 0.308 0.342 0.338 0.352 0.354 0.362 0.369 0.381 0.389 0.429 0.392 0.449 0.393 0.478 0.375 0.534 0.364 0.548 0.338 0.573 0.319 0.582 0.3 0.585
0 0.412 0.47 0.401 0.464 0.392 0.45 0.385 0.415 0.386 0.393 0.39 0.374 0.395 0.357 0.401 0.348 0.42 0.33 0.434 0.326 0.448 0.326 0.475 0.332 0.498 0.351 0.512 0.379 0.516 0.393 0.517 0.41 0.518 0.423 0.511 0.451 0.502 0.466 0.496 0.47 0.488 0.463 0.474 0.457 0.446 0.456 0.434 0.459 0.412 0.47
0 0.381 0.39 0.372 0.388 0.36 0.369 0.35 0.359 0.325 0.346 0.32 0.329 0.321 0.302 0.329 0.28 0.346 0.26 0.362 0.252 0.382 0.252 0.4 0.262 0.413 0.278 0.422 0.302 0.422 0.327 0.41 0.336 0.401 0.348 0.393 0.363 0.387 0.386 0.381 0.39
0 0.51 0.374 0.502 0.357 0.489 0.342 0.472 0.33 0.461 0.326 0.455 0.302 0.457 0.28 0.467 0.253 0.48 0.24 0.492 0.233 0.509 0.23 0.52 0.231 0.538 0.243 0.547 0.254 0.556 0.277 0.557 0.302 0.554 0.332 0.547 0.345 0.531 0.363 0.51 0.374
0 0.658 0.4 0.648 0.399 0.629 0.381 0.614 0.372 0.596 0.368 0.583 0.368 0.578 0.364 0.568 0.349 0.558 0.316 0.557 0.275 0.56 0.255 0.568 0.231 0.584 0.204 0.604 0.186 0.638 0.176 0.634 0.168 0.625 0.168 0.618 0.172 0.612 0.18 0.608 0.18 0.616 0.169 0.624 0.165 0.639 0.164 0.65 0.176 0.674 0.183 0.68 0.176 0.691 0.176 0.691 0.193 0.714 0.214 0.732 0.223 0.742 0.239 0.744 0.248 0.744 0.253 0.742 0.256 0.741 0.244 0.736 0.233 0.733 0.23 0.725 0.228 0.736 0.256 0.739 0.287 0.734 0.319 0.718 0.359 0.708 0.372 0.697 0.382 0.678 0.394 0.658 0.4
0 0.46 0.269 0.444 0.265 0.415 0.245 0.399 0.221 0.394 0.204 0.392 0.18 0.393 0.163 0.405 0.116 0.411 0.108 0.422 0.103 0.425 0.094 0.434 0.092 0.433 0.084 0.421 0.065 0.422 0.062 0.436 0.066 0.45 0.09 0.451 0.082 0.459 0.077 0.468 0.063 0.474 0.064 0.475 0.066 0.471 0.082 0.477 0.079 0.484 0.08 0.514 0.104 0.528 0.123 0.536 0.146 0.539 0.167 0.538 0.188 0.531 0.217 0.525 0.231 0.505 0.229 0.489 0.234 0.468 0.252 0.46 0.26
