0 0.824 0.266 0.806 0.266 0.793 0.262 0.758 0.242 0.736 0.217 0.728 0.199 0.725 0.188 0.718 0.175 0.707 0.128 0.706 0.08 0.712 0.04 0.725 0.002 0.931 0.001 0.942 0.039 0.944 0.072 0.943 0.084 0.945 0.094 0.943 0.121 0.935 0.156 0.912 0.201 0.872 0.246 0.853 0.258 0.824 0.266
0 0.666 0.36 0.649 0.36 0.637 0.318 0.622 0.287 0.613 0.279 0.595 0.254 0.567 0.239 0.563 0.213 0.563 0.192 0.567 0.16 0.581 0.123 0.594 0.095 0.606 0.077 0.621 0.061 0.639 0.047 0.655 0.04 0.679 0.035 0.697 0.038 0.708 0.044 0.704 0.057 0.704 0.065 0.707 0.069 0.706 0.117 0.708 0.138 0.715 0.166 0.738 0.219 0.754 0.239 0.768 0.251 0.762 0.268 0.748 0.298 0.729 0.325 0.698 0.348 0.666 0.36
0 0.469 0.274 0.462 0.272 0.443 0.259 0.427 0.251 0.423 0.246 0.424 0.229 0.433 0.222 0.45 0.172 0.456 0.139 0.459 0.092 0.469 0.082 0.485 0.072 0.511 0.059 0.525 0.056 0.546 0.059 0.571 0.072 0.594 0.094 0.582 0.12 0.567 0.16 0.558 0.195 0.553 0.235 0.53 0.236 0.509 0.243 0.488 0.255 0.469 0.274
0 0.527 0.583 0.507 0.581 0.487 0.571 0.463 0.547 0.442 0.518 0.43 0.495 0.422 0.472 0.418 0.449 0.416 0.416 0.422 0.374 0.43 0.345 0.441 0.319 0.456 0.293 0.478 0.266 0.5 0.248 0.527 0.236 0.552 0.235 0.572 0.24 0.583 0.249 0.594 0.253 0.624 0.29 0.64 0.322 0.646 0.344 0.651 0.369 0.652 0.405 0.647 0.438 0.638 0.47 0.624 0.497 0.604 0.528 0.579 0.558 0.566 0.57 0.545 0.58 0.527 0.583
0 0.304 0.546 0.283 0.544 0.263 0.536 0.247 0.523 0.227 0.496 0.21 0.466 0.195 0.432 0.19 0.393 0.19 0.363 0.192 0.338 0.199 0.311 0.208 0.286 0.225 0.258 0.25 0.23 0.263 0.22 0.292 0.207 0.316 0.205 0.33 0.207 0.345 0.214 0.37 0.233 0.388 0.253 0.399 0.274 0.412 0.311 0.417 0.343 0.418 0.373 0.415 0.399 0.408 0.43 0.398 0.463 0.384 0.49 0.368 0.511 0.34 0.536 0.326 0.543 0.304 0.546
0 0.437 0.0 0.449 0.034 0.456 0.066 0.459 0.1 0.459 0.136 0.447 0.18 0.432 0.218 0.408 0.24 0.389 0.251 0.378 0.244 0.356 0.222 0.337 0.21 0.317 0.206 0.292 0.207 0.273 0.177 0.26 0.141 0.254 0.096 0.254 0.04 0.257 0.02 0.263 0.0
0 0.147 0.246 0.121 0.246 0.116 0.242 0.096 0.211 0.085 0.182 0.084 0.171 0.086 0.158 0.086 0.122 0.079 0.072 0.086 0.041 0.093 0.021 0.101 0.004 0.247 0.004 0.257 0.021 0.253 0.066 0.255 0.104 0.26 0.141 0.266 0.162 0.278 0.187 0.278 0.212 0.25 0.23 0.237 0.225 0.2 0.225 0.185 0.228 0.155 0.245 0.147 0.246
0 0.0 0.236 0.028 0.239 0.049 0.245 0.071 0.258 0.096 0.282 0.107 0.3 0.119 0.327 0.128 0.373 0.13 0.405 0.129 0.438 0.118 0.484 0.106 0.51 0.094 0.526 0.078 0.543 0.053 0.558 0.036 0.563 0.0 0.563
0 0.159 0.501 0.147 0.49 0.133 0.47 0.125 0.455 0.128 0.436 0.129 0.39 0.124 0.351 0.116 0.319 0.118 0.308 0.129 0.284 0.141 0.264 0.154 0.248 0.167 0.238 0.185 0.229 0.204 0.225 0.227 0.224 0.245 0.228 0.249 0.232 0.224 0.259 0.208 0.288 0.196 0.32 0.192 0.34 0.189 0.386 0.193 0.421 0.199 0.444 0.211 0.475 0.208 0.478 0.186 0.483 0.159 0.501
0 0.002 0.909 0.0 0.909 0.0 0.564 0.027 0.566 0.077 0.563 0.099 0.58 0.106 0.591 0.11 0.604 0.107 0.654 0.111 0.689 0.12 0.733 0.12 0.817 0.092 0.859 0.065 0.885 0.029 0.904 0.002 0.909
0 0.382 0.861 0.373 0.86 0.343 0.834 0.319 0.8 0.309 0.772 0.304 0.74 0.302 0.67 0.306 0.649 0.321 0.604 0.337 0.58 0.353 0.565 0.376 0.55 0.399 0.541 0.443 0.541 0.464 0.548 0.488 0.57 0.506 0.581 0.513 0.591 0.527 0.62 0.531 0.641 0.531 0.672 0.523 0.726 0.524 0.785 0.522 0.79 0.497 0.827 0.472 0.849 0.448 0.842 0.422 0.842 0.382 0.861
0 0.64 0.944 0.62 0.944 0.601 0.935 0.587 0.924 0.557 0.889 0.546 0.869 0.532 0.831 0.526 0.807 0.522 0.769 0.522 0.723 0.526 0.695 0.534 0.665 0.545 0.641 0.564 0.617 0.586 0.599 0.618 0.586 0.642 0.588 0.679 0.608 0.692 0.632 0.704 0.65 0.731 0.677 0.737 0.688 0.745 0.715 0.753 0.77 0.753 0.801 0.748 0.841 0.737 0.871 0.72 0.906 0.705 0.925 0.693 0.935 0.677 0.94 0.64 0.944
0 0.807 0.707 0.786 0.706 0.759 0.696 0.734 0.681 0.708 0.656 0.692 0.633 0.678 0.606 0.669 0.575 0.66 0.535 0.658 0.498 0.658 0.442 0.666 0.417 0.682 0.388 0.699 0.37 0.714 0.349 0.725 0.34 0.758 0.326 0.783 0.326 0.807 0.331 0.829 0.343 0.857 0.367 0.874 0.388 0.899 0.432 0.913 0.468 0.92 0.499 0.921 0.543 0.916 0.58 0.91 0.601 0.902 0.621 0.879 0.657 0.857 0.682 0.833 0.699 0.807 0.70
