0 0.25 0.0 0.269 0.044 0.274 0.085 0.272 0.13 0.267 0.152 0.258 0.174 0.24 0.202 0.221 0.224 0.222 0.249 0.217 0.262 0.213 0.263 0.215 0.255 0.21 0.25 0.201 0.257 0.191 0.258 0.179 0.272 0.151 0.275 0.129 0.283 0.101 0.303 0.087 0.317 0.058 0.317 0.039 0.321 0.02 0.328 0.0 0.339
0 0.334 0.0 0.33 0.031 0.325 0.095 0.327 0.154 0.336 0.214 0.333 0.217 0.294 0.213 0.282 0.208 0.26 0.205 0.244 0.197 0.259 0.173 0.267 0.152 0.272 0.131 0.274 0.102 0.27 0.061 0.257 0.016 0.249 0.0
0 0.625 0.0 0.618 0.021 0.608 0.042 0.578 0.085 0.606 0.15 0.612 0.192 0.612 0.231 0.606 0.281 0.598 0.309 0.59 0.322 0.576 0.34 0.535 0.375 0.515 0.386 0.493 0.39 0.459 0.385 0.433 0.371 0.415 0.357 0.398 0.338 0.368 0.291 0.352 0.258 0.332 0.197 0.326 0.149 0.326 0.078 0.33 0.028 0.335 0.0
0 0.751 0.0 0.755 0.017 0.723 0.076 0.711 0.104 0.698 0.145 0.692 0.182 0.696 0.248 0.685 0.262 0.672 0.269 0.66 0.28 0.641 0.276 0.607 0.276 0.613 0.224 0.61 0.173 0.602 0.141 0.577 0.087 0.611 0.036 0.618 0.021 0.624 0.0
0 1.0 0.0 1.0 0.312 0.98 0.326 0.955 0.338 0.922 0.321 0.904 0.316 0.876 0.312 0.747 0.32 0.729 0.305 0.707 0.273 0.699 0.254 0.693 0.216 0.693 0.185 0.698 0.145 0.704 0.123 0.717 0.089 0.745 0.033 0.766 0.0
0 0.41 0.552 0.404 0.502 0.391 0.457 0.368 0.416 0.355 0.399 0.337 0.383 0.32 0.374 0.291 0.365 0.268 0.364 0.244 0.367 0.225 0.383 0.211 0.411 0.206 0.396 0.195 0.374 0.181 0.358 0.159 0.341 0.169 0.31 0.183 0.281 0.195 0.265 0.209 0.253 0.215 0.255 0.214 0.263 0.216 0.264 0.223 0.242 0.25 0.225 0.27 0.218 0.288 0.215 0.338 0.219 0.364 0.286 0.398 0.337 0.421 0.363 0.458 0.385 0.458 0.422 0.448 0.454 0.444 0.489 0.435 0.509 0.41 0.552
0 0.0 0.341 0.032 0.324 0.059 0.318 0.089 0.319 0.118 0.329 0.139 0.332 0.166 0.345 0.184 0.36 0.201 0.383 0.21 0.409 0.212 0.409 0.224 0.383 0.243 0.368 0.264 0.364 0.284 0.364 0.323 0.375 0.341 0.385 0.356 0.399 0.37 0.418 0.383 0.439 0.398 0.477 0.404 0.499 0.409 0.533 0.408 0.565 0.399 0.619 0.382 0.651 0.37 0.678 0.349 0.716 0.33 0.737 0.303 0.754 0.28 0.762 0.259 0.767 0.22 0.769 0.148 0.78 0.11 0.78 0.09 0.775 0.063 0.763 0.032 0.742 0.0 0.71
0 0.0 0.795 0.001 0.797 0.025 0.792 0.067 0.791 0.11 0.792 0.14 0.8 0.143 0.804 0.181 0.824 0.221 0.86 0.239 0.879 0.252 0.897 0.274 0.948 0.285 0.991 0.285 1.0 0.0 1.0
0 0.0 0.709 0.031 0.738 0.063 0.76 0.08 0.769 0.112 0.777 0.133 0.779 0.134 0.775 0.136 0.779 0.135 0.799 0.105 0.792 0.071 0.791 0.029 0.793 0.0 0.799
0 0.326 1.0 0.285 1.0 0.277 0.962 0.268 0.934 0.259 0.914 0.24 0.883 0.221 0.862 0.18 0.825 0.144 0.805 0.14 0.801 0.121 0.796 0.12 0.778 0.129 0.78 0.156 0.779 0.223 0.767 0.274 0.762 0.307 0.75 0.346 0.727 0.329 0.795 0.321 0.855 0.319 0.897 0.32 0.939 0.322 0.978 0.326 1.0
0 0.583 0.998 0.327 0.998 0.325 0.995 0.321 0.965 0.319 0.91 0.322 0.847 0.328 0.797 0.349 0.721 0.386 0.64 0.405 0.608 0.436 0.569 0.464 0.546 0.483 0.536 0.505 0.53 0.542 0.53 0.578 0.542 0.602 0.558 0.629 0.584 0.663 0.63 0.684 0.676 0.696 0.711 0.701 0.747 0.7 0.794 0.696 0.834 0.687 0.876 0.685 0.893 0.697 0.907 0.698 0.914 0.697 0.921 0.69 0.926 0.687 0.924 0.686 0.918 0.682 0.922 0.68 0.92 0.654 0.976 0.653 0.997 0.583 0.998
0 0.624 0.578 0.581 0.544 0.566 0.537 0.538 0.531 0.517 0.529 0.497 0.532 0.477 0.54 0.458 0.55 0.449 0.52 0.445 0.491 0.448 0.458 0.452 0.438 0.458 0.424 0.482 0.391 0.506 0.388 0.525 0.381 0.568 0.348 0.592 0.319 0.598 0.307 0.605 0.279 0.608 0.277 0.636 0.276 0.655 0.279 0.689 0.298 0.738 0.314 0.744 0.318 0.746 0.32 0.745 0.323 0.708 0.336 0.676 0.357 0.659 0.374 0.638 0.407 0.626 0.441 0.622 0.47 0.622 0.549 0.624 0.578
0 0.881 0.791 0.87 0.788 0.821 0.789 0.784 0.781 0.752 0.768 0.724 0.751 0.699 0.729 0.69 0.692 0.674 0.651 0.661 0.626 0.624 0.576 0.621 0.543 0.621 0.502 0.622 0.466 0.625 0.444 0.63 0.427 0.641 0.401 0.66 0.373 0.679 0.354 0.711 0.334 0.747 0.322 0.848 0.313 0.886 0.313 0.922 0.322 0.948 0.334 0.971 0.354 0.997 0.387 0.997 0.737 0.987 0.753 0.973 0.768 0.956 0.781 0.951 0.782 0.95 0.778 0.946 0.777 0.934 0.785 0.881 0.791
0 1.0 0.999 0.689 0.998 0.689 0.949 0.693 0.927 0.697 0.918 0.697 0.91 0.711 0.872 0.728 0.846 0.758 0.821 0.797 0.805 0.848 0.801 0.89 0.79 0.914 0.789 0.961 0.793 0.987 0.792 1.0 0.786 1.0 0.999
0 0.968 0.793 0.947 0.792 0.945 0.788 0.964 0.777 0.976 0.766 1.0 0.734 1.0 0.786 0.987 0.792 0.968 0.79
