0 0.947 0.737 0.927 0.736 0.901 0.728 0.866 0.705 0.842 0.681 0.809 0.625 0.801 0.606 0.788 0.562 0.786 0.511 0.793 0.484 0.808 0.446 0.823 0.422 0.84 0.404 0.875 0.379 0.901 0.367 0.937 0.358 0.965 0.356 0.992 0.362 0.996 0.367 0.995 0.613 0.997 0.715 0.995 0.726 0.991 0.728 0.947 0.737
0 0.573 0.545 0.568 0.534 0.547 0.52 0.524 0.496 0.506 0.469 0.493 0.443 0.486 0.415 0.48 0.374 0.48 0.335 0.482 0.31 0.494 0.269 0.504 0.247 0.517 0.227 0.539 0.203 0.566 0.184 0.587 0.178 0.607 0.175 0.636 0.178 0.662 0.191 0.699 0.218 0.718 0.237 0.734 0.262 0.751 0.299 0.757 0.329 0.759 0.369 0.755 0.399 0.745 0.436 0.728 0.472 0.718 0.487 0.69 0.518 0.672 0.53 0.645 0.523 0.615 0.526 0.573 0.545
0 0.66 0.949 0.625 0.948 0.588 0.937 0.567 0.926 0.546 0.91 0.531 0.891 0.501 0.833 0.491 0.8 0.487 0.777 0.486 0.739 0.491 0.69 0.502 0.647 0.519 0.603 0.538 0.576 0.558 0.556 0.588 0.536 0.62 0.524 0.646 0.522 0.664 0.527 0.701 0.546 0.747 0.578 0.765 0.601 0.78 0.631 0.789 0.66 0.794 0.684 0.795 0.742 0.79 0.79 0.78 0.831 0.759 0.879 0.742 0.901 0.715 0.926 0.683 0.945 0.66 0.949
0 0.0 0.153 0.022 0.129 0.043 0.116 0.066 0.108 0.083 0.106 0.122 0.107 0.154 0.116 0.202 0.143 0.224 0.165 0.237 0.183 0.257 0.228 0.264 0.252 0.269 0.287 0.266 0.332 0.243 0.351 0.22 0.382 0.209 0.411 0.189 0.479 0.171 0.489 0.135 0.501 0.103 0.498 0.081 0.491 0.054 0.474 0.034 0.458 0.01 0.428 0.0 0.411
0 0.346 0.73 0.306 0.724 0.262 0.695 0.227 0.657 0.216 0.642 0.189 0.588 0.181 0.557 0.179 0.525 0.182 0.506 0.201 0.437 0.217 0.392 0.223 0.38 0.246 0.348 0.261 0.336 0.283 0.326 0.319 0.32 0.362 0.323 0.398 0.334 0.421 0.347 0.454 0.374 0.473 0.399 0.489 0.434 0.496 0.464 0.498 0.488 0.491 0.539 0.477 0.604 0.459 0.65 0.435 0.684 0.408 0.706 0.402 0.714 0.388 0.721 0.372 0.723 0.364 0.728 0.346 0.73
0 0.409 0.999 0.232 0.999 0.23 0.997 0.231 0.995 0.213 0.953 0.204 0.92 0.202 0.869 0.208 0.835 0.221 0.792 0.231 0.768 0.246 0.746 0.273 0.726 0.294 0.716 0.317 0.725 0.338 0.729 0.364 0.728 0.39 0.721 0.404 0.73 0.417 0.746 0.43 0.77 0.445 0.811 0.451 0.837 0.453 0.86 0.45 0.898 0.444 0.929 0.429 0.967 0.409 0.999
0 0.208 0.754 0.176 0.751 0.15 0.739 0.132 0.726 0.111 0.699 0.077 0.639 0.071 0.615 0.071 0.586 0.084 0.522 0.096 0.496 0.138 0.499 0.188 0.48 0.18 0.513 0.179 0.537 0.183 0.567 0.193 0.594 0.225 0.654 0.251 0.69 0.256 0.691 0.262 0.7 0.272 0.705 0.28 0.714 0.279 0.717 0.267 0.721 0.238 0.744 0.221 0.753 0.208 0.754
0 0.428 0.352 0.388 0.331 0.354 0.322 0.308 0.322 0.267 0.334 0.268 0.288 0.264 0.252 0.256 0.226 0.241 0.191 0.241 0.186 0.286 0.138 0.291 0.137 0.299 0.14 0.35 0.189 0.41 0.241 0.42 0.253 0.426 0.269 0.434 0.304 0.434 0.33 0.428 0.352
0 0.501 0.0 0.51 0.035 0.511 0.074 0.506 0.115 0.494 0.15 0.477 0.181 0.456 0.205 0.433 0.219 0.41 0.225 0.388 0.219 0.349 0.19 0.303 0.143 0.289 0.125 0.278 0.098 0.272 0.061 0.272 0.033 0.279 0.0
0 0.494 0.269 0.483 0.254 0.477 0.24 0.473 0.222 0.472 0.197 0.474 0.186 0.488 0.161 0.498 0.136 0.509 0.098 0.524 0.078 0.546 0.057 0.566 0.046 0.587 0.04 0.591 0.09 0.601 0.127 0.625 0.166 0.645 0.178 0.646 0.181 0.625 0.176 0.605 0.175 0.586 0.178 0.562 0.187 0.538 0.204 0.516 0.229 0.494 0.269
0 0.896 0.0 0.896 0.017 0.893 0.05 0.883 0.087 0.863 0.128 0.843 0.159 0.819 0.184 0.79 0.204 0.76 0.216 0.731 0.219 0.694 0.216 0.66 0.191 0.63 0.176 0.609 0.146 0.594 0.11 0.587 0.066 0.588 0.033 0.594 0.0
0 0.457 0.741 0.418 0.736 0.395 0.718 0.412 0.707 0.438 0.679 0.457 0.65 0.471 0.62 0.479 0.594 0.495 0.508 0.497 0.479 0.491 0.442 0.492 0.44 0.506 0.466 0.527 0.498 0.553 0.523 0.569 0.533 0.573 0.545 0.55 0.564 0.538 0.577 0.516 0.613 0.5 0.656 0.486 0.725 0.457 0.741
0 0.738 0.538 0.706 0.534 0.692 0.528 0.689 0.524 0.729 0.47 0.745 0.434 0.755 0.397 0.759 0.367 0.757 0.33 0.749 0.294 0.737 0.266 0.745 0.261 0.768 0.256 0.802 0.256 0.822 0.26 0.843 0.27 0.861 0.287 0.875 0.307 0.883 0.333 0.888 0.372 0.866 0.384 0.841 0.404 0.813 0.437 0.802 0.458 0.791 0.488 0.785 0.51 0.783 0.533 0.772 0.537 0.738 0.538
0 0.695 0.999 0.514 0.998 0.491 0.996 0.479 0.99 0.473 0.981 0.464 0.948 0.459 0.919 0.458 0.895 0.465 0.843 0.485 0.793 0.489 0.789 0.502 0.836 0.53 0.89 0.549 0.913 0.57 0.929 0.614 0.945 0.645 0.951 0.679 0.946 0.711 0.93 0.708 0.957 0.695 0.999
0 0.786 0.885 0.768 0.883 0.76 0.877 0.779 0.832 0.791 0.777 0.795 0.722 0.791 0.671 0.78 0.633 0.762 0.598 0.748 0.58 0.716 0.556 0.718 0.554 0.745 0.548 0.784 0.549 0.807 0.62 0.835 0.667 0.858 0.696 0.896 0.723 0.899 0.728 0.898 0.768 0.89 0.793 0.873 0.825 0.852 0.853 0.835 0.869 0.806 0.882 0.786 0.88
