0 0.385 0.71 0.364 0.707 0.345 0.697 0.331 0.684 0.292 0.636 0.282 0.61 0.279 0.595 0.281 0.56 0.288 0.53 0.3 0.505 0.309 0.492 0.318 0.482 0.333 0.473 0.425 0.444 0.442 0.446 0.455 0.456 0.474 0.443 0.484 0.44 0.485 0.437 0.489 0.437 0.496 0.444 0.494 0.463 0.483 0.472 0.468 0.477 0.459 0.484 0.456 0.489 0.463 0.509 0.466 0.528 0.466 0.604 0.464 0.624 0.458 0.643 0.445 0.669 0.424 0.692 0.403 0.706 0.385 0.71
0 0.538 0.47 0.52 0.468 0.498 0.457 0.494 0.453 0.492 0.441 0.483 0.436 0.472 0.423 0.463 0.398 0.458 0.369 0.458 0.339 0.46 0.321 0.465 0.304 0.48 0.273 0.491 0.259 0.501 0.25 0.545 0.229 0.565 0.229 0.591 0.236 0.609 0.246 0.616 0.252 0.623 0.263 0.631 0.282 0.642 0.332 0.642 0.351 0.638 0.378 0.634 0.391 0.622 0.413 0.6 0.437 0.557 0.466 0.538 0.47
0 0.503 0.821 0.493 0.821 0.476 0.812 0.457 0.797 0.443 0.776 0.428 0.744 0.421 0.71 0.422 0.693 0.437 0.678 0.448 0.664 0.46 0.638 0.464 0.614 0.473 0.608 0.531 0.59 0.561 0.593 0.575 0.599 0.583 0.605 0.599 0.604 0.607 0.608 0.613 0.616 0.604 0.63 0.583 0.632 0.587 0.648 0.587 0.659 0.572 0.734 0.562 0.768 0.552 0.784 0.531 0.807 0.519 0.816 0.503 0.821
0 0.089 0.8 0.078 0.799 0.066 0.79 0.059 0.791 0.055 0.789 0.04 0.771 0.032 0.749 0.029 0.724 0.03 0.658 0.027 0.638 0.017 0.601 0.015 0.579 0.018 0.542 0.029 0.508 0.04 0.486 0.06 0.464 0.08 0.45 0.109 0.442 0.126 0.443 0.148 0.451 0.161 0.453 0.187 0.467 0.228 0.485 0.242 0.501 0.244 0.513 0.252 0.532 0.257 0.556 0.257 0.579 0.254 0.607 0.242 0.647 0.225 0.675 0.203 0.7 0.164 0.73 0.113 0.789 0.102 0.796 0.089 0.8
0 0.223 0.476 0.207 0.475 0.193 0.47 0.156 0.451 0.141 0.434 0.129 0.416 0.12 0.396 0.114 0.372 0.118 0.31 0.122 0.297 0.126 0.275 0.131 0.264 0.148 0.236 0.159 0.224 0.182 0.213 0.206 0.207 0.231 0.208 0.265 0.221 0.28 0.232 0.298 0.255 0.312 0.279 0.32 0.299 0.328 0.327 0.348 0.37 0.354 0.389 0.357 0.408 0.357 0.426 0.354 0.436 0.344 0.452 0.332 0.46 0.309 0.466 0.294 0.466 0.271 0.461 0.24 0.473 0.223 0.476
0 0.0 0.319 0.027 0.302 0.036 0.299 0.046 0.3 0.054 0.297 0.075 0.297 0.118 0.309 0.118 0.34 0.114 0.362 0.116 0.382 0.129 0.415 0.143 0.435 0.157 0.451 0.149 0.451 0.125 0.442 0.111 0.442 0.076 0.452 0.056 0.467 0.044 0.482 0.023 0.521 0.0 0.502
0 0.238 0.0 0.254 0.019 0.265 0.04 0.272 0.06 0.276 0.087 0.276 0.112 0.272 0.139 0.266 0.159 0.255 0.18 0.241 0.196 0.227 0.207 0.215 0.207 0.188 0.211 0.162 0.223 0.152 0.232 0.137 0.254 0.127 0.257 0.113 0.256 0.095 0.241 0.065 0.278 0.051 0.298 0.047 0.301 0.04 0.301 0.032 0.294 0.034 0.282 0.058 0.261 0.081 0.226 0.066 0.198 0.062 0.178 0.062 0.149 0.065 0.124 0.065 0.109 0.057 0.071 0.055 0.045 0.057 0.026 0.065 0.0
0 0.629 0.641 0.624 0.639 0.62 0.628 0.625 0.609 0.608 0.59 0.599 0.574 0.581 0.551 0.57 0.53 0.562 0.508 0.557 0.472 0.555 0.467 0.591 0.444 0.609 0.428 0.622 0.412 0.636 0.384 0.671 0.39 0.675 0.427 0.688 0.459 0.698 0.475 0.721 0.498 0.717 0.517 0.708 0.538 0.688 0.566 0.673 0.598 0.659 0.615 0.642 0.617 0.637 0.636 0.629 0.641
0 0.785 0.51 0.771 0.51 0.756 0.504 0.73 0.502 0.715 0.494 0.698 0.476 0.685 0.455 0.674 0.423 0.671 0.387 0.675 0.364 0.683 0.338 0.697 0.307 0.724 0.267 0.749 0.244 0.768 0.235 0.765 0.231 0.766 0.227 0.782 0.215 0.818 0.172 0.851 0.149 0.863 0.143 0.868 0.143 0.873 0.149 0.866 0.158 0.848 0.166 0.834 0.176 0.817 0.192 0.805 0.209 0.837 0.231 0.844 0.241 0.852 0.26 0.876 0.335 0.882 0.349 0.886 0.372 0.886 0.395 0.882 0.42 0.867 0.454 0.852 0.475 0.826 0.495 0.805 0.505 0.785 0.51
0 0.799 0.0 0.794 0.008 0.804 0.025 0.81 0.04 0.822 0.099 0.824 0.125 0.824 0.15 0.822 0.169 0.782 0.215 0.767 0.226 0.765 0.23 0.769 0.232 0.768 0.236 0.75 0.244 0.734 0.257 0.72 0.272 0.709 0.29 0.696 0.289 0.679 0.283 0.665 0.274 0.655 0.263 0.642 0.24 0.637 0.227 0.629 0.188 0.63 0.15 0.639 0.111 0.658 0.076 0.672 0.059 0.712 0.029 0.731 0.0
0 0.999 0.0 0.999 0.041 0.964 0.076 0.967 0.062 0.989 0.0
0 0.754 0.858 0.715 0.854 0.686 0.844 0.682 0.841 0.679 0.824 0.674 0.81 0.662 0.788 0.651 0.774 0.629 0.762 0.645 0.743 0.661 0.729 0.672 0.694 0.686 0.67 0.704 0.654 0.722 0.647 0.74 0.647 0.751 0.65 0.773 0.663 0.785 0.676 0.794 0.691 0.813 0.716 0.827 0.742 0.83 0.751 0.83 0.79 0.826 0.808 0.822 0.815 0.797 0.841 0.77 0.855 0.754 0.858
0 0.805 0.699 0.798 0.696 0.783 0.673 0.767 0.658 0.754 0.651 0.739 0.646 0.725 0.646 0.714 0.649 0.703 0.628 0.695 0.601 0.693 0.581 0.701 0.55 0.718 0.517 0.727 0.507 0.734 0.503 0.754 0.503 0.771 0.509 0.78 0.51 0.799 0.506 0.819 0.498 0.825 0.501 0.834 0.51 0.85 0.536 0.858 0.559 0.86 0.577 0.861 0.615 0.858 0.635 0.847 0.662 0.835 0.68 0.823 0.691 0.805 0.699
0 0.376 0.459 0.362 0.457 0.348 0.446 0.356 0.427 0.356 0.407 0.353 0.386 0.338 0.347 0.325 0.322 0.319 0.296 0.328 0.279 0.343 0.261 0.364 0.244 0.383 0.236 0.414 0.24 0.427 0.246 0.439 0.257 0.46 0.284 0.467 0.299 0.459 0.332 0.458 0.362 0.462 0.393 0.47 0.418 0.441 0.444 0.42 0.444 0.376 0.459
0 0.343 0.256 0.321 0.253 0.292 0.236 0.277 0.218 0.255 0.18 0.267 0.156 0.275 0.123 0.276 0.09 0.271 0.058 0.291 0.042 0.304 0.036 0.323 0.035 0.338 0.043 0.365 0.051 0.384 0.063 0.401 0.088 0.414 0.128 0.416 0.146 0.415 0.168 0.41 0.189 0.403 0.207 0.382 0.236 0.35 0.254 0.343 0.256
0 0.0 0.746 0.017 0.725 0.028 0.718 0.033 0.755 0.042 0.772 0.056 0.789 0.066 0.789 0.074 0.796 0.084 0.799 0.098 0.797 0.109 0.791 0.141 0.757 0.158 0.788 0.172 0.807 0.183 0.826 0.188 0.844 0.19 0.868 0.213 0.878 0.218 0.889 0.218 0.898 0.216 0.904 0.208 0.909 0.198 0.905 0.188 0.892 0.18 0.889 0.168 0.905 0.163 0.909 0.086 0.953 0.059 0.964 0.045 0.966 0.027 0.964 0.011 0.96 0.0 0.953
0 0.234 0.834 0.21 0.832 0.18 0.813 0.159 0.791 0.141 0.756 0.165 0.727 0.198 0.704 0.222 0.679 0.241 0.648 0.256 0.602 0.282 0.617 0.302 0.651 0.304 0.661 0.306 0.701 0.305 0.73 0.296 0.781 0.283 0.807 0.272 0.819 0.257 0.828 0.234 0.834
0 0.377 0.982 0.357 0.976 0.319 0.941 0.3 0.926 0.289 0.909 0.283 0.895 0.283 0.87 0.256 0.852 0.251 0.845 0.25 0.839 0.252 0.834 0.257 0.831 0.265 0.831 0.275 0.844 0.288 0.851 0.296 0.837 0.32 0.821 0.347 0.784 0.368 0.765 0.386 0.756 0.42 0.755 0.434 0.762 0.457 0.795 0.469 0.805 0.474 0.812 0.479 0.828 0.48 0.839 0.481 0.873 0.479 0.888 0.472 0.911 0.461 0.936 0.445 0.955 0.429 0.968 0.416 0.974 0.377 0.98
