0 0.373 0.542 0.355 0.54 0.344 0.537 0.331 0.527 0.323 0.517 0.318 0.504 0.313 0.48 0.313 0.466 0.318 0.445 0.327 0.426 0.334 0.418 0.343 0.41 0.377 0.398 0.387 0.397 0.401 0.392 0.41 0.393 0.418 0.401 0.422 0.412 0.422 0.419 0.419 0.428 0.422 0.453 0.415 0.489 0.408 0.51 0.398 0.525 0.383 0.538 0.373 0.542
0 0.458 0.447 0.441 0.447 0.426 0.438 0.419 0.429 0.422 0.425 0.423 0.413 0.417 0.398 0.408 0.392 0.399 0.391 0.394 0.393 0.393 0.388 0.394 0.365 0.401 0.348 0.421 0.322 0.441 0.314 0.458 0.315 0.466 0.32 0.477 0.329 0.491 0.35 0.499 0.382 0.498 0.405 0.49 0.427 0.484 0.435 0.474 0.443 0.458 0.447
0 0.604 0.423 0.585 0.421 0.566 0.41 0.557 0.397 0.552 0.385 0.549 0.374 0.55 0.35 0.554 0.333 0.559 0.324 0.574 0.306 0.595 0.295 0.61 0.298 0.624 0.306 0.635 0.316 0.645 0.33 0.649 0.346 0.648 0.373 0.639 0.396 0.625 0.41 0.612 0.42 0.604 0.423
0 0.693 0.489 0.676 0.487 0.664 0.481 0.654 0.473 0.647 0.465 0.641 0.453 0.636 0.434 0.636 0.419 0.637 0.407 0.645 0.388 0.653 0.378 0.663 0.369 0.677 0.363 0.697 0.362 0.714 0.369 0.723 0.378 0.729 0.387 0.736 0.402 0.739 0.417 0.74 0.432 0.738 0.444 0.734 0.455 0.728 0.467 0.714 0.481 0.693 0.489
0 0.617 0.612 0.605 0.612 0.592 0.607 0.572 0.592 0.56 0.573 0.555 0.551 0.558 0.517 0.566 0.498 0.577 0.482 0.586 0.474 0.594 0.469 0.608 0.466 0.617 0.466 0.628 0.469 0.65 0.489 0.662 0.509 0.668 0.538 0.668 0.549 0.666 0.564 0.653 0.591 0.638 0.605 0.617 0.612
0 0.437 0.717 0.423 0.716 0.412 0.71 0.402 0.701 0.394 0.686 0.386 0.655 0.389 0.609 0.392 0.597 0.402 0.573 0.417 0.555 0.427 0.547 0.448 0.539 0.467 0.539 0.479 0.545 0.49 0.555 0.508 0.582 0.513 0.604 0.512 0.63 0.507 0.646 0.494 0.672 0.484 0.686 0.464 0.707 0.455 0.712 0.437 0.717
0 0.545 0.559 0.526 0.558 0.508 0.552 0.496 0.539 0.491 0.527 0.489 0.5 0.493 0.478 0.499 0.463 0.506 0.454 0.52 0.442 0.538 0.439 0.552 0.443 0.562 0.451 0.569 0.461 0.573 0.471 0.574 0.483 0.563 0.499 0.557 0.515 0.554 0.536 0.556 0.554 0.545 0.559
0 0.712 0.599 0.701 0.599 0.688 0.593 0.676 0.582 0.667 0.569 0.67 0.538 0.664 0.51 0.67 0.499 0.677 0.489 0.698 0.49 0.719 0.479 0.734 0.487 0.746 0.504 0.752 0.522 0.753 0.542 0.749 0.562 0.742 0.578 0.728 0.593 0.712 0.599
0 0.688 0.776 0.677 0.775 0.665 0.77 0.646 0.754 0.64 0.746 0.632 0.727 0.629 0.709 0.628 0.694 0.631 0.681 0.635 0.668 0.648 0.65 0.666 0.638 0.683 0.632 0.694 0.632 0.704 0.635 0.713 0.64 0.727 0.658 0.733 0.678 0.734 0.706 0.728 0.736 0.718 0.754 0.704 0.77 0.688 0.776
0 0.59 0.835 0.572 0.832 0.552 0.816 0.543 0.803 0.539 0.792 0.536 0.78 0.536 0.764 0.542 0.736 0.554 0.716 0.583 0.695 0.602 0.693 0.614 0.697 0.627 0.706 0.629 0.724 0.634 0.736 0.642 0.751 0.657 0.766 0.657 0.768 0.655 0.781 0.651 0.793 0.638 0.811 0.617 0.826 0.59 0.83
