0 0.872 0.822 0.854 0.822 0.826 0.815 0.742 0.812 0.71 0.806 0.663 0.804 0.632 0.794 0.622 0.788 0.567 0.778 0.533 0.777 0.514 0.772 0.477 0.77 0.455 0.766 0.45 0.762 0.425 0.757 0.415 0.752 0.374 0.749 0.366 0.745 0.335 0.742 0.317 0.735 0.312 0.736 0.308 0.733 0.284 0.73 0.265 0.725 0.215 0.702 0.186 0.681 0.171 0.666 0.167 0.657 0.167 0.649 0.17 0.641 0.17 0.627 0.176 0.609 0.176 0.593 0.182 0.585 0.193 0.578 0.23 0.566 0.306 0.567 0.333 0.572 0.371 0.573 0.387 0.579 0.405 0.581 0.478 0.581 0.499 0.592 0.517 0.594 0.538 0.593 0.548 0.597 0.588 0.601 0.625 0.61 0.649 0.609 0.662 0.611 0.678 0.618 0.703 0.623 0.77 0.629 0.795 0.639 0.854 0.653 0.89 0.667 0.927 0.689 0.971 0.732 0.983 0.747 0.985 0.754 0.985 0.766 0.982 0.774 0.962 0.79 0.912 0.813 0.872 0.822
0 0.281 0.933 0.235 0.93 0.223 0.922 0.218 0.91 0.218 0.893 0.223 0.863 0.236 0.834 0.259 0.805 0.29 0.78 0.33 0.759 0.349 0.752 0.369 0.749 0.412 0.752 0.441 0.759 0.456 0.766 0.487 0.772 0.545 0.78 0.558 0.779 0.584 0.784 0.605 0.785 0.625 0.794 0.693 0.806 0.811 0.818 0.81 0.846 0.802 0.864 0.783 0.878 0.758 0.886 0.739 0.889 0.706 0.889 0.626 0.873 0.616 0.869 0.571 0.871 0.561 0.867 0.548 0.867 0.542 0.871 0.516 0.875 0.5 0.873 0.488 0.876 0.467 0.884 0.459 0.885 0.415 0.899 0.405 0.905 0.38 0.909 0.341 0.923 0.325 0.926 0.318 0.93 0.281 0.933
0 0.084 0.0 0.096 0.012 0.119 0.07 0.119 0.077 0.126 0.093 0.137 0.108 0.139 0.116 0.152 0.142 0.16 0.191 0.166 0.207 0.168 0.237 0.176 0.267 0.176 0.28 0.182 0.301 0.19 0.32 0.192 0.344 0.199 0.387 0.2 0.446 0.197 0.498 0.191 0.54 0.174 0.579 0.169 0.598 0.159 0.615 0.141 0.634 0.124 0.644 0.113 0.641 0.107 0.635 0.09 0.607 0.08 0.576 0.074 0.529 0.071 0.476 0.074 0.462 0.074 0.393 0.08 0.309 0.08 0.262 0.077 0.23 0.06 0.16 0.047 0.069 0.044 0.02 0.049 0.002 0.055 0.0
0 0.512 0.288 0.494 0.288 0.457 0.279 0.392 0.277 0.347 0.279 0.322 0.284 0.225 0.286 0.216 0.284 0.209 0.277 0.205 0.269 0.205 0.255 0.207 0.245 0.213 0.234 0.233 0.213 0.267 0.196 0.291 0.189 0.395 0.178 0.423 0.169 0.502 0.152 0.564 0.15 0.624 0.157 0.667 0.171 0.695 0.194 0.697 0.211 0.693 0.219 0.665 0.248 0.64 0.264 0.618 0.273 0.572 0.284 0.555 0.287 0.518 0.286 0.512 0.288
0 0.741 0.625 0.691 0.619 0.652 0.608 0.631 0.611 0.601 0.605 0.587 0.599 0.552 0.598 0.539 0.593 0.515 0.593 0.498 0.59 0.497 0.582 0.488 0.567 0.45 0.524 0.423 0.483 0.402 0.43 0.401 0.41 0.406 0.379 0.415 0.371 0.429 0.371 0.456 0.382 0.475 0.395 0.542 0.455 0.596 0.497 0.613 0.505 0.62 0.513 0.661 0.54 0.668 0.549 0.685 0.56 0.713 0.593 0.741 0.62 0.741 0.625
0 0.179 0.589 0.175 0.588 0.175 0.577 0.189 0.543 0.196 0.514 0.201 0.439 0.199 0.397 0.201 0.378 0.218 0.342 0.236 0.322 0.252 0.316 0.256 0.319 0.261 0.33 0.267 0.335 0.286 0.36 0.297 0.39 0.302 0.419 0.305 0.47 0.305 0.523 0.301 0.566 0.299 0.569 0.242 0.567 0.223 0.57 0.195 0.578 0.179 0.589
0 0.133 0.99 0.101 0.989 0.093 0.983 0.086 0.972 0.078 0.948 0.05 0.888 0.039 0.843 0.024 0.742 0.021 0.645 0.018 0.63 0.017 0.544 0.024 0.474 0.024 0.451 0.04 0.387 0.057 0.368 0.074 0.358 0.077 0.36 0.077 0.365 0.072 0.491 0.083 0.579 0.094 0.614 0.102 0.63 0.109 0.638 0.122 0.645 0.136 0.638 0.153 0.623 0.168 0.599 0.172 0.585 0.176 0.591 0.177 0.608 0.171 0.627 0.168 0.655 0.171 0.664 0.181 0.678 0.18 0.724 0.176 0.744 0.176 0.768 0.173 0.777 0.169 0.83 0.17 0.852 0.173 0.861 0.178 0.913 0.165 0.966 0.155 0.98 0.133 0.99
0 0.434 0.581 0.402 0.581 0.387 0.579 0.37 0.572 0.339 0.572 0.303 0.568 0.306 0.537 0.316 0.503 0.34 0.469 0.365 0.446 0.402 0.436 0.405 0.437 0.408 0.442 0.426 0.488 0.438 0.506 0.437 0.511 0.436 0.561 0.432 0.576 0.434 0.581
0 0.941 0.697 0.884 0.663 0.813 0.642 0.804 0.637 0.804 0.609 0.794 0.505 0.794 0.428 0.798 0.354 0.804 0.322 0.814 0.298 0.829 0.277 0.839 0.271 0.85 0.273 0.872 0.291 0.897 0.32 0.911 0.353 0.923 0.391 0.938 0.489 0.94 0.56 0.938 0.634 0.941 0.697
0 0.634 0.16 0.58 0.152 0.518 0.151 0.516 0.112 0.533 0.062 0.543 0.021 0.561 0.021 0.564 0.031 0.581 0.039 0.599 0.06 0.622 0.1 0.631 0.133 0.635 0.155 0.634 0.16
0 0.545 0.0 0.542 0.034 0.518 0.119 0.516 0.146 0.505 0.151 0.427 0.169 0.425 0.165 0.425 0.121 0.422 0.105 0.426 0.094 0.429 0.07 0.426 0.049 0.43 0.021 0.428 0.0
0 0.818 0.0 0.827 0.041 0.829 0.074 0.818 0.149 0.801 0.221 0.799 0.262 0.799 0.33 0.792 0.382 0.771 0.476 0.759 0.511 0.733 0.564 0.711 0.588 0.701 0.581 0.691 0.569 0.691 0.563 0.711 0.519 0.713 0.469 0.706 0.406 0.691 0.351 0.691 0.311 0.685 0.29 0.681 0.259 0.691 0.222 0.697 0.212 0.696 0.19 0.701 0.166 0.701 0.146 0.707 0.132 0.713 0.087 0.725 0.03 0.725 0.0
0 0.774 0.629 0.744 0.625 0.713 0.594 0.71 0.586 0.731 0.579 0.749 0.577 0.763 0.578 0.774 0.629
0 0.405 0.364 0.38 0.364 0.315 0.354 0.283 0.354 0.263 0.331 0.257 0.328 0.257 0.322 0.251 0.317 0.237 0.322 0.213 0.352 0.194 0.35 0.19 0.321 0.185 0.306 0.182 0.303 0.176 0.271 0.181 0.267 0.201 0.269 0.207 0.273 0.211 0.282 0.224 0.286 0.245 0.282 0.254 0.285 0.284 0.283 0.321 0.284 0.338 0.279 0.358 0.281 0.376 0.277 0.415 0.278 0.429 0.283 0.455 0.319 0.463 0.324 0.466 0.334 0.458 0.35 0.45 0.359 0.405 0.364
0 0.511 0.419 0.5 0.417 0.484 0.405 0.474 0.394 0.474 0.382 0.499 0.354 0.522 0.337 0.556 0.319 0.559 0.324 0.56 0.34 0.565 0.353 0.563 0.37 0.566 0.387 0.533 0.413 0.511 0.419
0 0.323 0.47 0.306 0.47 0.304 0.468 0.302 0.416 0.298 0.392 0.291 0.37 0.292 0.368 0.305 0.366 0.351 0.368 0.371 0.363 0.404 0.364 0.412 0.362 0.441 0.361 0.462 0.351 0.477 0.349 0.489 0.349 0.499 0.353 0.475 0.382 0.475 0.396 0.464 0.387 0.432 0.371 0.417 0.369 0.411 0.374 0.405 0.385 0.402 0.424 0.405 0.427 0.405 0.432 0.401 0.438 0.37 0.443 0.341 0.468 0.323 0.47
0 0.427 0.0 0.43 0.005 0.426 0.064 0.427 0.089 0.408 0.173 0.404 0.177 0.398 0.176 0.391 0.179 0.358 0.18 0.329 0.185 0.324 0.188 0.323 0.185 0.311 0.188 0.306 0.181 0.309 0.091 0.313 0.079 0.317 0.049 0.32 0.0
0 0.262 0.0 0.262 0.032 0.268 0.059 0.273 0.078 0.284 0.098 0.289 0.149 0.305 0.188 0.264 0.198 0.248 0.208 0.238 0.21 0.234 0.215 0.229 0.214 0.221 0.202 0.217 0.186 0.201 0.148 0.189 0.109 0.182 0.054 0.181 0.0
0 0.308 0.167 0.297 0.149 0.276 0.073 0.267 0.026 0.266 0.001 0.321 0.001 0.313 0.079 0.309 0.09 0.31 0.102 0.307 0.132 0.308 0.167
0 0.721 0.0 0.724 0.005 0.724 0.028 0.718 0.055 0.703 0.101 0.694 0.121 0.656 0.165 0.649 0.164 0.636 0.147 0.624 0.111 0.623 0.069 0.628 0.008 0.632 0.0
0 0.63 0.0 0.624 0.068 0.623 0.102 0.62 0.1 0.616 0.087 0.594 0.052 0.575 0.036 0.561 0.029 0.559 0.019 0.562 0.0
0 0.182 0.0 0.172 0.077 0.154 0.154 0.137 0.109 0.124 0.091 0.105 0.037 0.109 0.024 0.11 0.0
0 0.497 0.592 0.476 0.581 0.437 0.583 0.433 0.58 0.437 0.558 0.435 0.543 0.437 0.504 0.488 0.567 0.496 0.578 0.498 0.588 0.497 0.592
0 0.355 0.98 0.34 0.979 0.327 0.97 0.312 0.938 0.315 0.93 0.355 0.917 0.363 0.921 0.372 0.939 0.384 0.952 0.384 0.959 0.379 0.969 0.355 0.98
0 0.536 0.961 0.512 0.959 0.497 0.945 0.489 0.919 0.489 0.879 0.497 0.873 0.506 0.873 0.511 0.875 0.547 0.87 0.55 0.867 0.565 0.867 0.57 0.873 0.566 0.925 0.555 0.947 0.54 0.96 0.536 0.961
0 0.801 0.636 0.781 0.632 0.772 0.627 0.771 0.606 0.762 0.579 0.745 0.578 0.716 0.584 0.741 0.55 0.763 0.5 0.767 0.484 0.78 0.478 0.786 0.479 0.794 0.487 0.794 0.508 0.799 0.538 0.799 0.568 0.802 0.583 0.803 0.623 0.801 0.627 0.804 0.632 0.801 0.636
0 0.828 0.207 0.809 0.202 0.807 0.199 0.821 0.127 0.829 0.074 0.828 0.055 0.832 0.052 0.842 0.096 0.844 0.127 0.851 0.148 0.851 0.166 0.85 0.183 0.847 0.19 0.837 0.202 0.828 0.207
0 0.605 0.503 0.551 0.463 0.56 0.442 0.571 0.43 0.579 0.459 0.605 0.503
0 0.76 0.944 0.743 0.942 0.733 0.936 0.726 0.926 0.719 0.91 0.717 0.892 0.72 0.889 0.757 0.886 0.769 0.881 0.776 0.881 0.779 0.884 0.785 0.929 0.778 0.939 0.76 0.944
0 0.212 0.281 0.206 0.273 0.197 0.269 0.187 0.268 0.173 0.271 0.173 0.259 0.171 0.243 0.167 0.233 0.166 0.209 0.194 0.212 0.229 0.21 0.234 0.215 0.216 0.234 0.207 0.25 0.206 0.265 0.212 0.281
0 0.196 0.214 0.177 0.21 0.165 0.211 0.153 0.155 0.169 0.091 0.175 0.061 0.174 0.041 0.183 0.015 0.181 0.06 0.193 0.122 0.203 0.155 0.214 0.177 0.217 0.19 0.229 0.212 0.196 0.21
