0 0.526 0.898 0.509 0.897 0.498 0.894 0.487 0.887 0.471 0.871 0.464 0.862 0.456 0.844 0.451 0.823 0.45 0.804 0.457 0.771 0.475 0.734 0.489 0.725 0.5 0.722 0.514 0.715 0.527 0.712 0.539 0.715 0.553 0.723 0.571 0.746 0.579 0.766 0.583 0.783 0.585 0.815 0.581 0.839 0.563 0.879 0.557 0.886 0.549 0.886 0.538 0.894 0.526 0.898
0 0.627 0.704 0.619 0.704 0.602 0.693 0.589 0.672 0.583 0.653 0.581 0.635 0.583 0.618 0.595 0.586 0.595 0.575 0.601 0.57 0.629 0.571 0.645 0.58 0.657 0.592 0.665 0.605 0.673 0.63 0.674 0.66 0.668 0.678 0.656 0.691 0.645 0.699 0.627 0.704
0 0.4 0.651 0.38 0.649 0.381 0.647 0.377 0.647 0.371 0.641 0.354 0.618 0.345 0.6 0.339 0.564 0.339 0.551 0.341 0.534 0.349 0.509 0.355 0.495 0.369 0.482 0.385 0.475 0.408 0.476 0.422 0.481 0.434 0.488 0.448 0.506 0.454 0.524 0.457 0.537 0.456 0.557 0.452 0.573 0.436 0.614 0.419 0.64 0.41 0.647 0.4 0.651
0 0.531 0.623 0.502 0.617 0.48 0.601 0.471 0.588 0.465 0.575 0.461 0.56 0.46 0.539 0.461 0.522 0.466 0.501 0.474 0.484 0.484 0.469 0.502 0.454 0.518 0.447 0.534 0.445 0.551 0.449 0.563 0.46 0.589 0.511 0.592 0.522 0.593 0.535 0.592 0.547 0.588 0.559 0.575 0.583 0.548 0.616 0.539 0.621 0.531 0.623
0 0.493 0.432 0.48 0.432 0.466 0.427 0.447 0.413 0.435 0.391 0.433 0.382 0.43 0.36 0.433 0.334 0.439 0.321 0.448 0.309 0.473 0.289 0.49 0.283 0.498 0.284 0.509 0.289 0.529 0.307 0.54 0.329 0.545 0.346 0.546 0.358 0.542 0.387 0.533 0.409 0.524 0.419 0.516 0.425 0.493 0.432
0 0.375 0.437 0.363 0.431 0.361 0.425 0.346 0.405 0.337 0.384 0.333 0.355 0.334 0.326 0.342 0.303 0.355 0.286 0.364 0.281 0.373 0.28 0.396 0.285 0.416 0.297 0.427 0.317 0.431 0.339 0.428 0.362 0.419 0.389 0.397 0.417 0.385 0.426 0.38 0.427 0.379 0.434 0.375 0.437
0 0.342 0.27 0.326 0.268 0.31 0.258 0.303 0.247 0.296 0.234 0.293 0.217 0.292 0.206 0.299 0.184 0.307 0.171 0.331 0.158 0.35 0.155 0.364 0.164 0.375 0.182 0.38 0.195 0.381 0.22 0.378 0.234 0.369 0.252 0.356 0.265 0.342 0.27
0 0.439 0.32 0.429 0.32 0.422 0.304 0.41 0.29 0.397 0.283 0.383 0.28 0.38 0.26 0.38 0.239 0.382 0.225 0.389 0.205 0.405 0.184 0.421 0.174 0.443 0.174 0.448 0.166 0.455 0.164 0.46 0.171 0.471 0.172 0.468 0.178 0.469 0.183 0.466 0.183 0.466 0.185 0.483 0.205 0.488 0.215 0.491 0.232 0.492 0.249 0.486 0.27 0.479 0.285 0.472 0.288 0.454 0.301 0.447 0.308 0.439 0.32
0 0.556 0.218 0.542 0.218 0.536 0.215 0.527 0.207 0.519 0.196 0.513 0.184 0.509 0.172 0.508 0.143 0.514 0.122 0.524 0.107 0.542 0.095 0.561 0.092 0.564 0.086 0.568 0.084 0.575 0.098 0.586 0.109 0.592 0.118 0.601 0.142 0.602 0.165 0.597 0.184 0.588 0.199 0.573 0.211 0.556 0.218
0 0.687 0.605 0.673 0.604 0.662 0.598 0.652 0.584 0.639 0.574 0.628 0.549 0.63 0.525 0.635 0.508 0.65 0.487 0.664 0.477 0.681 0.476 0.696 0.482 0.72 0.508 0.726 0.52 0.731 0.534 0.731 0.551 0.729 0.561 0.718 0.585 0.707 0.598 0.699 0.603 0.687 0.605
0 0.621 0.511 0.612 0.511 0.6 0.508 0.59 0.502 0.582 0.494 0.566 0.464 0.563 0.438 0.57 0.411 0.57 0.398 0.572 0.395 0.589 0.382 0.608 0.36 0.618 0.355 0.631 0.354 0.638 0.356 0.652 0.366 0.662 0.378 0.672 0.402 0.673 0.42 0.667 0.448 0.668 0.455 0.665 0.464 0.638 0.502 0.621 0.511
0 0.686 0.451 0.668 0.446 0.673 0.43 0.674 0.412 0.671 0.397 0.666 0.385 0.651 0.365 0.633 0.354 0.632 0.351 0.632 0.338 0.652 0.331 0.667 0.319 0.677 0.316 0.691 0.318 0.703 0.325 0.714 0.335 0.724 0.348 0.732 0.363 0.738 0.38 0.742 0.414 0.741 0.428 0.733 0.436 0.71 0.446 0.686 0.451
0 0.628 0.34 0.611 0.339 0.597 0.325 0.59 0.315 0.585 0.304 0.583 0.293 0.583 0.276 0.585 0.264 0.591 0.248 0.601 0.237 0.611 0.229 0.636 0.219 0.652 0.22 0.663 0.229 0.674 0.25 0.678 0.27 0.677 0.29 0.673 0.307 0.666 0.319 0.654 0.329 0.635 0.335 0.632 0.34 0.628 0.3
