0 0.276 0.92 0.242 0.918 0.213 0.906 0.191 0.888 0.174 0.868 0.162 0.851 0.15 0.821 0.144 0.784 0.144 0.755 0.15 0.721 0.164 0.687 0.18 0.656 0.202 0.626 0.228 0.606 0.261 0.589 0.283 0.583 0.304 0.583 0.322 0.588 0.341 0.599 0.352 0.61 0.367 0.633 0.386 0.671 0.399 0.708 0.405 0.74 0.405 0.773 0.401 0.799 0.393 0.827 0.38 0.852 0.362 0.877 0.346 0.894 0.323 0.91 0.301 0.918 0.276 0.92
0 0.833 0.672 0.802 0.667 0.788 0.659 0.766 0.639 0.754 0.624 0.741 0.601 0.732 0.565 0.731 0.544 0.734 0.524 0.741 0.501 0.75 0.48 0.765 0.461 0.782 0.446 0.802 0.438 0.822 0.434 0.838 0.434 0.854 0.438 0.875 0.447 0.892 0.458 0.91 0.49 0.922 0.529 0.926 0.55 0.926 0.57 0.923 0.583 0.912 0.611 0.902 0.627 0.89 0.64 0.862 0.662 0.846 0.67 0.833 0.672
0 0.19 0.271 0.169 0.264 0.154 0.25 0.145 0.24 0.125 0.199 0.119 0.17 0.121 0.149 0.128 0.132 0.139 0.115 0.16 0.095 0.186 0.085 0.22 0.091 0.248 0.112 0.263 0.135 0.269 0.151 0.271 0.164 0.27 0.182 0.264 0.212 0.242 0.219 0.224 0.231 0.21 0.244 0.19 0.271
0 0.295 0.465 0.278 0.463 0.258 0.455 0.218 0.426 0.204 0.408 0.195 0.392 0.181 0.348 0.179 0.334 0.181 0.303 0.184 0.289 0.19 0.275 0.212 0.243 0.23 0.226 0.251 0.216 0.265 0.213 0.286 0.216 0.31 0.225 0.328 0.238 0.34 0.25 0.351 0.27 0.361 0.295 0.366 0.317 0.367 0.334 0.365 0.384 0.362 0.387 0.35 0.38 0.346 0.382 0.349 0.389 0.361 0.395 0.358 0.41 0.341 0.438 0.327 0.454 0.315 0.461 0.295 0.465
0 0.392 0.506 0.38 0.498 0.371 0.486 0.365 0.473 0.357 0.432 0.357 0.415 0.362 0.396 0.35 0.388 0.346 0.382 0.35 0.381 0.364 0.388 0.367 0.334 0.377 0.315 0.389 0.304 0.399 0.297 0.416 0.291 0.435 0.291 0.452 0.296 0.47 0.308 0.484 0.321 0.499 0.34 0.507 0.355 0.513 0.399 0.511 0.444 0.507 0.455 0.471 0.45 0.44 0.461 0.409 0.486 0.392 0.506
0 0.482 0.738 0.466 0.738 0.439 0.732 0.416 0.72 0.403 0.709 0.396 0.698 0.373 0.644 0.368 0.607 0.368 0.582 0.374 0.545 0.38 0.528 0.39 0.51 0.406 0.488 0.426 0.47 0.444 0.458 0.472 0.449 0.506 0.454 0.533 0.471 0.552 0.488 0.579 0.53 0.585 0.558 0.587 0.575 0.585 0.597 0.573 0.653 0.566 0.673 0.557 0.691 0.54 0.712 0.523 0.726 0.5 0.735 0.482 0.738
0 0.172 0.669 0.137 0.652 0.125 0.637 0.113 0.617 0.106 0.596 0.103 0.579 0.102 0.547 0.104 0.525 0.11 0.506 0.119 0.49 0.142 0.465 0.156 0.456 0.178 0.449 0.203 0.446 0.216 0.45 0.233 0.458 0.25 0.472 0.265 0.49 0.277 0.51 0.283 0.526 0.285 0.539 0.281 0.583 0.249 0.594 0.212 0.618 0.191 0.64 0.172 0.669
0 0.641 0.6 0.618 0.597 0.588 0.577 0.579 0.531 0.566 0.508 0.549 0.484 0.553 0.441 0.558 0.422 0.568 0.404 0.58 0.393 0.591 0.386 0.634 0.374 0.66 0.377 0.672 0.384 0.683 0.394 0.701 0.419 0.712 0.439 0.719 0.457 0.722 0.479 0.722 0.5 0.718 0.516 0.713 0.534 0.7 0.558 0.677 0.584 0.655 0.596 0.641 0.6
0 0.734 0.424 0.716 0.42 0.696 0.411 0.67 0.382 0.665 0.37 0.661 0.351 0.66 0.321 0.662 0.3 0.668 0.272 0.683 0.238 0.692 0.222 0.704 0.208 0.712 0.202 0.724 0.198 0.766 0.195 0.782 0.203 0.787 0.208 0.803 0.229 0.813 0.248 0.819 0.268 0.822 0.286 0.822 0.313 0.82 0.334 0.81 0.368 0.805 0.38 0.793 0.394 0.767 0.414 0.734 0.424
0 0.476 0.311 0.448 0.294 0.436 0.291 0.415 0.291 0.401 0.274 0.392 0.255 0.384 0.213 0.388 0.171 0.393 0.156 0.405 0.132 0.423 0.112 0.44 0.102 0.452 0.099 0.48 0.099 0.501 0.111 0.51 0.123 0.517 0.139 0.523 0.161 0.526 0.179 0.532 0.171 0.535 0.174 0.534 0.18 0.527 0.185 0.529 0.215 0.505 0.234 0.497 0.246 0.484 0.283 0.482 0.308 0.476 0.311
0 0.552 0.432 0.532 0.426 0.514 0.412 0.509 0.359 0.499 0.34 0.483 0.32 0.482 0.3 0.487 0.273 0.495 0.25 0.502 0.238 0.526 0.216 0.542 0.21 0.558 0.208 0.57 0.21 0.591 0.218 0.604 0.227 0.611 0.237 0.617 0.254 0.621 0.278 0.627 0.291 0.64 0.33 0.641 0.346 0.634 0.375 0.601 0.383 0.582 0.392 0.569 0.405 0.556 0.43 0.552 0.43
