0 0.329 0.586 0.309 0.585 0.291 0.579 0.241 0.548 0.225 0.554 0.211 0.553 0.192 0.565 0.169 0.572 0.141 0.572 0.117 0.563 0.096 0.541 0.088 0.528 0.078 0.498 0.068 0.441 0.051 0.366 0.046 0.271 0.047 0.228 0.051 0.208 0.054 0.163 0.062 0.142 0.075 0.125 0.088 0.116 0.112 0.105 0.13 0.106 0.148 0.116 0.181 0.153 0.205 0.201 0.24 0.252 0.28 0.335 0.312 0.386 0.323 0.415 0.326 0.431 0.327 0.47 0.322 0.487 0.312 0.501 0.298 0.508 0.28 0.512 0.279 0.517 0.294 0.537 0.312 0.551 0.335 0.562 0.342 0.559 0.35 0.543 0.355 0.54 0.356 0.544 0.347 0.56 0.341 0.582 0.329 0.586
0 0.249 0.269 0.233 0.243 0.205 0.203 0.181 0.153 0.161 0.13 0.146 0.115 0.134 0.108 0.121 0.105 0.108 0.106 0.089 0.115 0.075 0.126 0.068 0.134 0.059 0.15 0.052 0.17 0.019 0.154 0.02 0.138 0.027 0.112 0.034 0.103 0.043 0.096 0.079 0.08 0.102 0.075 0.173 0.074 0.187 0.071 0.238 0.074 0.235 0.09 0.226 0.103 0.222 0.113 0.22 0.125 0.222 0.144 0.232 0.174 0.274 0.257 0.263 0.264 0.25 0.266 0.249 0.269
0 0.532 0.0 0.554 0.013 0.564 0.027 0.569 0.052 0.567 0.093 0.576 0.119 0.592 0.131 0.592 0.142 0.579 0.147 0.565 0.167 0.556 0.174 0.547 0.168 0.533 0.15 0.535 0.14 0.534 0.136 0.527 0.137 0.521 0.13 0.518 0.13 0.516 0.135 0.514 0.142 0.516 0.16 0.525 0.178 0.541 0.201 0.563 0.22 0.546 0.22 0.493 0.185 0.434 0.136 0.405 0.116 0.386 0.105 0.334 0.083 0.297 0.073 0.264 0.071 0.253 0.076 0.23 0.095 0.24 0.071 0.269 0.032 0.277 0.026 0.299 0.018 0.361 0.015 0.395 0.006 0.406 0.0
0 0.954 0.0 0.954 0.004 0.948 0.002 0.896 0.009 0.834 0.025 0.737 0.057 0.662 0.075 0.646 0.082 0.632 0.093 0.627 0.089 0.609 0.047 0.596 0.032 0.592 0.014 0.596 0.0
0 0.0 0.161 0.052 0.181 0.046 0.265 0.051 0.35 0.055 0.383 0.043 0.385 0.031 0.378 0.0 0.367
0 0.461 0.448 0.45 0.444 0.44 0.435 0.414 0.398 0.387 0.368 0.336 0.331 0.321 0.318 0.282 0.268 0.26 0.232 0.246 0.204 0.23 0.169 0.221 0.142 0.219 0.13 0.221 0.114 0.225 0.104 0.234 0.09 0.26 0.071 0.296 0.072 0.333 0.081 0.385 0.103 0.426 0.129 0.484 0.178 0.538 0.213 0.564 0.239 0.57 0.253 0.573 0.267 0.574 0.302 0.571 0.315 0.561 0.341 0.548 0.358 0.551 0.377 0.557 0.398 0.537 0.41 0.491 0.428 0.461 0.448
0 1.0 0.0 1.0 0.178 0.933 0.21 0.879 0.231 0.797 0.266 0.716 0.289 0.659 0.313 0.641 0.316 0.624 0.314 0.612 0.308 0.603 0.298 0.583 0.249 0.576 0.242 0.566 0.222 0.546 0.207 0.529 0.187 0.517 0.164 0.514 0.139 0.518 0.131 0.524 0.131 0.527 0.137 0.535 0.135 0.535 0.142 0.533 0.15 0.548 0.171 0.564 0.184 0.58 0.192 0.59 0.184 0.595 0.174 0.597 0.156 0.608 0.126 0.615 0.112 0.629 0.095 0.65 0.08 0.671 0.073 0.696 0.069 0.754 0.052 0.797 0.036 0.889 0.01 0.961 0.0
0 0.0 0.367 0.04 0.384 0.056 0.384 0.082 0.513 0.096 0.542 0.116 0.563 0.141 0.571 0.16 0.572 0.185 0.566 0.203 0.558 0.22 0.558 0.237 0.55 0.245 0.55 0.273 0.568 0.271 0.583 0.273 0.608 0.267 0.615 0.25 0.621 0.229 0.625 0.205 0.626 0.139 0.598 0.053 0.544 0.0 0.516
0 0.453 0.795 0.439 0.793 0.424 0.782 0.4 0.783 0.388 0.777 0.378 0.766 0.35 0.716 0.343 0.687 0.343 0.67 0.347 0.64 0.339 0.619 0.339 0.595 0.345 0.562 0.355 0.544 0.379 0.516 0.464 0.445 0.489 0.43 0.52 0.419 0.538 0.41 0.555 0.398 0.577 0.388 0.618 0.363 0.636 0.355 0.69 0.342 0.713 0.342 0.722 0.344 0.732 0.35 0.735 0.358 0.734 0.367 0.712 0.384 0.704 0.396 0.698 0.418 0.697 0.438 0.689 0.477 0.67 0.529 0.643 0.582 0.601 0.658 0.552 0.72 0.517 0.755 0.478 0.786 0.453 0.795
0 0.0 0.512 0.002 0.51 0.021 0.518 0.077 0.56 0.136 0.596 0.206 0.626 0.294 0.672 0.304 0.681 0.309 0.687 0.314 0.699 0.316 0.727 0.313 0.744 0.298 0.784 0.294 0.805 0.298 0.825 0.301 0.831 0.315 0.85 0.326 0.853 0.327 0.857 0.325 0.86 0.321 0.88 0.31 0.889 0.297 0.888 0.265 0.86 0.254 0.861 0.229 0.89 0.213 0.914 0.196 0.932 0.186 0.94 0.171 0.947 0.158 0.948 0.149 0.945 0.138 0.938 0.113 0.91 0.094 0.878 0.083 0.855 0.061 0.822 0.027 0.782 0.0 0.74
