0 0.189 0.358 0.166 0.357 0.147 0.35 0.133 0.338 0.119 0.319 0.099 0.305 0.093 0.294 0.09 0.281 0.088 0.258 0.089 0.232 0.098 0.198 0.107 0.175 0.128 0.145 0.152 0.119 0.169 0.105 0.185 0.099 0.201 0.097 0.226 0.101 0.253 0.132 0.267 0.166 0.273 0.209 0.27 0.267 0.26 0.291 0.233 0.335 0.215 0.352 0.189 0.358
0 0.332 0.523 0.315 0.522 0.302 0.516 0.283 0.499 0.276 0.488 0.269 0.475 0.263 0.451 0.26 0.424 0.26 0.408 0.263 0.385 0.271 0.356 0.278 0.338 0.286 0.326 0.304 0.314 0.346 0.308 0.356 0.311 0.37 0.321 0.382 0.337 0.39 0.352 0.396 0.371 0.399 0.392 0.402 0.439 0.396 0.471 0.388 0.489 0.379 0.5 0.358 0.518 0.332 0.523
0 0.724 0.957 0.7 0.956 0.682 0.947 0.672 0.938 0.66 0.923 0.651 0.907 0.642 0.872 0.641 0.852 0.643 0.822 0.65 0.791 0.656 0.778 0.668 0.766 0.694 0.753 0.733 0.752 0.765 0.766 0.794 0.794 0.802 0.808 0.809 0.829 0.809 0.862 0.806 0.881 0.787 0.923 0.775 0.938 0.759 0.95 0.742 0.956 0.724 0.957
0 0.796 0.717 0.781 0.716 0.764 0.712 0.744 0.7 0.732 0.689 0.706 0.65 0.694 0.615 0.692 0.578 0.703 0.538 0.726 0.509 0.748 0.495 0.764 0.491 0.776 0.491 0.79 0.495 0.813 0.507 0.83 0.524 0.844 0.544 0.853 0.563 0.858 0.579 0.862 0.604 0.862 0.616 0.858 0.637 0.846 0.659 0.839 0.692 0.832 0.703 0.822 0.711 0.796 0.717
0 0.535 0.655 0.508 0.651 0.487 0.64 0.475 0.628 0.461 0.606 0.45 0.583 0.436 0.527 0.436 0.488 0.44 0.467 0.447 0.45 0.461 0.427 0.472 0.419 0.482 0.407 0.499 0.397 0.51 0.397 0.52 0.404 0.539 0.408 0.562 0.424 0.576 0.446 0.589 0.471 0.598 0.495 0.601 0.519 0.602 0.539 0.6 0.572 0.596 0.591 0.588 0.612 0.581 0.625 0.566 0.641 0.552 0.651 0.535 0.655
0 0.625 0.0 0.644 0.026 0.655 0.052 0.665 0.101 0.665 0.13 0.661 0.154 0.642 0.193 0.623 0.213 0.61 0.218 0.595 0.221 0.573 0.217 0.542 0.195 0.521 0.165 0.508 0.139 0.497 0.098 0.495 0.067 0.497 0.047 0.502 0.024 0.507 0.01 0.513 0.0
0 0.655 0.553 0.648 0.552 0.631 0.545 0.613 0.53 0.601 0.505 0.585 0.462 0.57 0.436 0.565 0.404 0.567 0.377 0.581 0.323 0.598 0.303 0.606 0.298 0.615 0.295 0.626 0.297 0.634 0.292 0.646 0.289 0.663 0.292 0.682 0.305 0.695 0.321 0.707 0.34 0.728 0.396 0.736 0.453 0.734 0.474 0.733 0.472 0.723 0.504 0.713 0.519 0.699 0.529 0.686 0.534 0.669 0.547 0.655 0.553
0 0.457 0.432 0.446 0.425 0.436 0.413 0.429 0.397 0.417 0.384 0.412 0.369 0.411 0.305 0.414 0.284 0.42 0.27 0.432 0.25 0.445 0.238 0.456 0.23 0.472 0.223 0.523 0.217 0.539 0.222 0.553 0.232 0.576 0.26 0.581 0.274 0.585 0.293 0.584 0.318 0.577 0.333 0.568 0.369 0.555 0.393 0.542 0.409 0.521 0.404 0.511 0.397 0.499 0.397 0.481 0.408 0.457 0.432
0 0.278 0.712 0.262 0.71 0.25 0.702 0.218 0.686 0.199 0.657 0.188 0.626 0.189 0.603 0.186 0.566 0.193 0.542 0.201 0.526 0.211 0.514 0.223 0.505 0.231 0.502 0.247 0.501 0.267 0.49 0.276 0.491 0.305 0.519 0.324 0.525 0.337 0.561 0.34 0.589 0.337 0.625 0.329 0.658 0.318 0.682 0.3 0.702 0.278 0.712
0 0.95 0.515 0.912 0.513 0.887 0.502 0.868 0.488 0.839 0.46 0.824 0.435 0.823 0.421 0.826 0.389 0.835 0.355 0.863 0.318 0.886 0.301 0.906 0.292 0.935 0.291 0.961 0.3 1.0 0.32 1.0 0.495 0.967 0.512 0.95 0.515
0 0.362 0.869 0.327 0.865 0.301 0.85 0.292 0.84 0.284 0.827 0.278 0.801 0.277 0.781 0.28 0.756 0.283 0.745 0.293 0.725 0.306 0.709 0.327 0.69 0.36 0.674 0.374 0.671 0.394 0.673 0.422 0.686 0.438 0.705 0.444 0.742 0.451 0.765 0.451 0.774 0.436 0.815 0.416 0.844 0.393 0.86 0.362 0.869
0 0.999 0.999 0.872 0.999 0.869 0.996 0.847 0.949 0.837 0.908 0.837 0.852 0.846 0.821 0.858 0.801 0.891 0.776 0.907 0.776 0.923 0.784 0.932 0.775 0.945 0.775 0.957 0.779 0.973 0.79 0.995 0.817 1.0 0.825 0.999 0.999
0 0.106 0.719 0.093 0.718 0.068 0.701 0.042 0.694 0.028 0.656 0.025 0.638 0.026 0.617 0.037 0.577 0.06 0.541 0.077 0.525 0.094 0.515 0.113 0.509 0.126 0.509 0.143 0.516 0.161 0.534 0.174 0.542 0.18 0.55 0.189 0.579 0.19 0.611 0.184 0.642 0.173 0.667 0.161 0.684 0.146 0.701 0.131 0.712 0.106 0.719
0 0.197 0.0 0.198 0.018 0.195 0.047 0.185 0.08 0.174 0.102 0.158 0.113 0.135 0.134 0.101 0.138 0.088 0.134 0.071 0.125 0.057 0.111 0.046 0.094 0.039 0.078 0.033 0.051 0.032 0.025 0.037 0.0
0 0.0 0.089 0.017 0.086 0.041 0.087 0.054 0.108 0.068 0.122 0.086 0.134 0.1 0.138 0.08 0.153 0.061 0.186 0.054 0.212 0.053 0.261 0.047 0.263 0.02 0.262 0.0 0.253
0 0.121 0.36 0.116 0.36 0.089 0.348 0.082 0.341 0.067 0.318 0.054 0.271 0.053 0.227 0.054 0.211 0.059 0.19 0.071 0.166 0.08 0.153 0.093 0.143 0.108 0.137 0.135 0.136 0.115 0.162 0.103 0.183 0.095 0.208 0.089 0.235 0.089 0.265 0.094 0.296 0.1 0.305 0.117 0.318 0.133 0.338 0.144 0.346 0.121 0.36
0 0.0 0.276 0.009 0.276 0.025 0.285 0.046 0.311 0.06 0.317 0.071 0.326 0.085 0.347 0.09 0.374 0.081 0.419 0.065 0.446 0.054 0.459 0.032 0.477 0.019 0.484 0.0 0.489
0 0.169 0.536 0.161 0.533 0.138 0.513 0.126 0.509 0.111 0.509 0.107 0.505 0.1 0.487 0.097 0.471 0.099 0.447 0.094 0.42 0.096 0.402 0.102 0.386 0.116 0.368 0.131 0.352 0.14 0.346 0.165 0.357 0.181 0.358 0.216 0.352 0.234 0.375 0.245 0.41 0.248 0.446 0.243 0.483 0.232 0.501 0.216 0.51 0.202 0.524 0.186 0.534 0.169 0.536
0 0.361 0.313 0.344 0.308 0.318 0.312 0.308 0.31 0.293 0.285 0.29 0.272 0.279 0.263 0.274 0.254 0.272 0.231 0.278 0.193 0.288 0.172 0.308 0.152 0.33 0.144 0.35 0.141 0.376 0.145 0.396 0.158 0.41 0.179 0.417 0.196 0.422 0.227 0.419 0.245 0.414 0.259 0.406 0.275 0.389 0.296 0.377 0.307 0.361 0.313
0 0.362 0.0 0.373 0.023 0.38 0.065 0.379 0.085 0.372 0.117 0.365 0.129 0.355 0.14 0.331 0.144 0.309 0.152 0.297 0.16 0.285 0.174 0.268 0.173 0.26 0.146 0.253 0.132 0.23 0.103 0.217 0.099 0.216 0.096 0.213 0.068 0.218 0.043 0.232 0.015 0.248 0.0
0 0.512 0.0 0.505 0.01 0.5 0.023 0.494 0.066 0.498 0.103 0.511 0.146 0.498 0.166 0.49 0.187 0.482 0.196 0.465 0.209 0.45 0.213 0.433 0.212 0.421 0.205 0.404 0.169 0.394 0.155 0.376 0.142 0.375 0.111 0.381 0.074 0.39 0.05 0.401 0.027 0.42 0.0
0 0.419 0.659 0.392 0.655 0.366 0.641 0.345 0.615 0.34 0.605 0.338 0.589 0.337 0.525 0.352 0.521 0.367 0.512 0.388 0.49 0.397 0.47 0.411 0.467 0.439 0.471 0.434 0.498 0.437 0.534 0.449 0.582 0.471 0.623 0.457 0.645 0.436 0.655 0.419 0.659
0 0.498 0.799 0.477 0.794 0.464 0.785 0.454 0.771 0.445 0.743 0.441 0.723 0.44 0.699 0.444 0.68 0.456 0.647 0.472 0.626 0.486 0.64 0.508 0.652 0.527 0.656 0.541 0.655 0.553 0.651 0.565 0.643 0.583 0.621 0.588 0.624 0.6 0.644 0.605 0.683 0.601 0.712 0.588 0.744 0.571 0.769 0.551 0.785 0.531 0.786 0.505 0.798 0.498 0.799
0 0.534 0.997 0.522 0.997 0.513 0.993 0.496 0.977 0.469 0.935 0.463 0.914 0.463 0.892 0.466 0.868 0.471 0.85 0.482 0.828 0.491 0.813 0.504 0.801 0.519 0.791 0.532 0.786 0.545 0.785 0.567 0.792 0.583 0.805 0.599 0.825 0.609 0.847 0.614 0.864 0.616 0.896 0.61 0.926 0.599 0.949 0.588 0.965 0.566 0.984 0.552 0.992 0.534 0.997
0 0.205 0.861 0.175 0.856 0.155 0.846 0.131 0.824 0.119 0.806 0.12 0.771 0.125 0.757 0.125 0.736 0.131 0.715 0.148 0.698 0.159 0.691 0.17 0.687 0.186 0.685 0.213 0.688 0.238 0.696 0.25 0.701 0.261 0.711 0.271 0.723 0.279 0.741 0.28 0.752 0.276 0.777 0.277 0.806 0.271 0.823 0.256 0.839 0.238 0.843 0.213 0.859 0.205 0.861
0 0.0 0.697 0.015 0.682 0.025 0.676 0.035 0.675 0.039 0.689 0.044 0.695 0.053 0.695 0.068 0.701 0.091 0.717 0.12 0.717 0.138 0.708 0.132 0.715 0.126 0.735 0.125 0.757 0.12 0.773 0.119 0.8 0.124 0.815 0.122 0.814 0.094 0.834 0.069 0.839 0.034 0.835 0.015 0.828 0.0 0.816
0 0.058 0.999 0.044 0.998 0.046 0.996 0.049 0.985 0.05 0.943 0.057 0.919 0.071 0.889 0.097 0.857 0.119 0.842 0.141 0.835 0.155 0.846 0.175 0.856 0.209 0.863 0.189 0.885 0.17 0.928 0.161 0.986 0.163 0.998 0.058 0.999
0 0.27 0.999 0.161 0.998 0.164 0.996 0.162 0.996 0.161 0.988 0.166 0.969 0.168 0.941 0.176 0.915 0.188 0.887 0.213 0.86 0.243 0.842 0.264 0.841 0.289 0.852 0.299 0.851 0.312 0.856 0.33 0.873 0.339 0.896 0.341 0.921 0.34 0.946 0.334 0.972 0.323 0.998 0.27 0.999
0 0.0 0.494 0.001 0.491 0.015 0.495 0.036 0.509 0.047 0.522 0.057 0.544 0.037 0.579 0.025 0.616 0.024 0.631 0.027 0.651 0.025 0.663 0.011 0.674 0.001 0.679 0.0 0.659
0 0.467 0.999 0.36 0.999 0.342 0.989 0.332 0.975 0.339 0.946 0.341 0.919 0.338 0.898 0.33 0.874 0.33 0.868 0.369 0.869 0.391 0.862 0.413 0.848 0.43 0.826 0.469 0.851 0.47 0.854 0.463 0.894 0.464 0.915 0.47 0.936 0.489 0.967 0.483 0.98 0.467 0.999
0 0.722 0.999 0.578 0.999 0.578 0.977 0.596 0.954 0.612 0.917 0.627 0.908 0.649 0.904 0.661 0.924 0.677 0.943 0.694 0.954 0.711 0.959 0.719 0.977 0.722 0.999
0 0.801 0.999 0.722 0.999 0.717 0.976 0.709 0.958 0.74 0.956 0.754 0.951 0.775 0.937 0.788 0.919 0.8 0.917 0.844 0.938 0.855 0.967 0.872 0.999 0.801 0.999
0 0.683 0.746 0.656 0.743 0.631 0.725 0.605 0.683 0.602 0.669 0.6 0.637 0.603 0.621 0.611 0.602 0.631 0.58 0.656 0.562 0.696 0.556 0.692 0.576 0.692 0.604 0.705 0.648 0.726 0.681 0.749 0.703 0.727 0.727 0.715 0.736 0.698 0.743 0.683 0.746
0 0.703 0.31 0.691 0.31 0.681 0.298 0.65 0.287 0.642 0.276 0.634 0.252 0.632 0.211 0.65 0.18 0.659 0.158 0.667 0.149 0.698 0.133 0.724 0.135 0.745 0.145 0.759 0.164 0.77 0.198 0.769 0.238 0.763 0.269 0.751 0.288 0.727 0.307 0.703 0.31
0 0.775 0.188 0.767 0.185 0.759 0.164 0.745 0.145 0.729 0.136 0.709 0.133 0.708 0.112 0.714 0.065 0.721 0.05 0.732 0.034 0.752 0.017 0.767 0.011 0.785 0.01 0.806 0.016 0.823 0.032 0.834 0.049 0.838 0.061 0.841 0.074 0.841 0.085 0.835 0.126 0.823 0.154 0.81 0.171 0.775 0.188
0 0.627 0.909 0.616 0.904 0.616 0.88 0.614 0.864 0.6 0.824 0.597 0.824 0.584 0.806 0.569 0.794 0.551 0.785 0.569 0.771 0.58 0.758 0.596 0.725 0.604 0.699 0.613 0.699 0.632 0.727 0.655 0.742 0.684 0.746 0.7 0.743 0.716 0.735 0.726 0.752 0.698 0.753 0.683 0.757 0.669 0.766 0.656 0.781 0.647 0.803 0.64 0.848 0.642 0.87 0.65 0.905 0.627 0.909
0 0.924 0.781 0.896 0.775 0.884 0.779 0.862 0.768 0.841 0.748 0.829 0.722 0.825 0.71 0.838 0.694 0.846 0.66 0.86 0.629 0.862 0.614 0.862 0.593 0.907 0.58 0.934 0.586 0.947 0.594 0.962 0.608 0.975 0.627 0.983 0.647 0.99 0.677 0.99 0.699 0.986 0.717 0.974 0.75 0.957 0.77 0.933 0.775 0.924 0.781
0 0.843 0.94 0.823 0.928 0.792 0.916 0.806 0.881 0.809 0.85 0.807 0.823 0.8 0.804 0.786 0.785 0.766 0.767 0.745 0.755 0.754 0.735 0.767 0.713 0.795 0.717 0.811 0.715 0.825 0.709 0.833 0.732 0.846 0.754 0.858 0.765 0.883 0.78 0.862 0.798 0.853 0.808 0.839 0.841 0.836 0.858 0.836 0.887 0.837 0.908 0.843 0.94
0 0.839 0.536 0.813 0.508 0.79 0.495 0.773 0.491 0.755 0.493 0.741 0.499 0.728 0.508 0.71 0.526 0.724 0.5 0.735 0.461 0.734 0.431 0.727 0.391 0.744 0.376 0.772 0.361 0.803 0.358 0.812 0.361 0.821 0.368 0.828 0.38 0.823 0.417 0.824 0.436 0.837 0.458 0.857 0.476 0.861 0.483 0.852 0.516 0.839 0.536
0 0.828 0.378 0.82 0.368 0.811 0.361 0.786 0.359 0.771 0.342 0.756 0.314 0.752 0.29 0.765 0.262 0.77 0.227 0.781 0.194 0.787 0.186 0.799 0.176 0.819 0.169 0.852 0.172 0.871 0.179 0.889 0.192 0.923 0.231 0.929 0.246 0.932 0.265 0.93 0.291 0.904 0.293 0.873 0.309 0.857 0.325 0.837 0.352 0.828 0.378
0 0.589 0.303 0.585 0.301 0.584 0.284 0.577 0.262 0.554 0.232 0.54 0.222 0.525 0.217 0.485 0.22 0.493 0.177 0.499 0.163 0.51 0.148 0.541 0.194 0.559 0.209 0.583 0.22 0.612 0.219 0.615 0.254 0.61 0.284 0.589 0.30
