0 0.827 0.734 0.794 0.733 0.767 0.718 0.739 0.691 0.72 0.666 0.717 0.645 0.717 0.579 0.731 0.525 0.749 0.508 0.799 0.479 0.845 0.478 0.877 0.492 0.899 0.515 0.912 0.543 0.92 0.573 0.92 0.625 0.916 0.656 0.904 0.687 0.886 0.71 0.852 0.727 0.827 0.734
0 0.879 0.494 0.876 0.494 0.86 0.482 0.857 0.46 0.844 0.427 0.827 0.399 0.807 0.351 0.82 0.33 0.843 0.314 0.863 0.304 0.896 0.302 0.92 0.31 0.956 0.349 0.97 0.368 0.98 0.398 0.967 0.418 0.949 0.434 0.928 0.458 0.903 0.476 0.888 0.492 0.879 0.494
0 0.723 0.539 0.709 0.513 0.699 0.486 0.668 0.472 0.646 0.471 0.637 0.433 0.637 0.397 0.653 0.362 0.672 0.332 0.698 0.314 0.72 0.304 0.755 0.309 0.779 0.327 0.8 0.353 0.807 0.388 0.805 0.444 0.787 0.484 0.763 0.499 0.745 0.506 0.731 0.523 0.723 0.539
0 0.663 0.707 0.642 0.702 0.626 0.707 0.609 0.705 0.573 0.689 0.578 0.662 0.58 0.639 0.575 0.59 0.567 0.571 0.557 0.531 0.561 0.51 0.572 0.497 0.592 0.482 0.61 0.475 0.65 0.474 0.662 0.476 0.677 0.487 0.688 0.499 0.711 0.533 0.715 0.564 0.712 0.641 0.704 0.665 0.677 0.701 0.663 0.707
0 0.621 0.405 0.599 0.403 0.563 0.377 0.545 0.359 0.531 0.334 0.531 0.314 0.525 0.288 0.527 0.263 0.542 0.229 0.573 0.206 0.585 0.201 0.605 0.201 0.625 0.207 0.654 0.231 0.665 0.253 0.674 0.294 0.66 0.329 0.649 0.346 0.621 0.405
0 0.42 0.364 0.399 0.352 0.385 0.336 0.37 0.328 0.35 0.302 0.341 0.28 0.34 0.253 0.347 0.228 0.359 0.199 0.378 0.173 0.404 0.16 0.425 0.153 0.447 0.158 0.465 0.159 0.483 0.17 0.503 0.187 0.516 0.228 0.516 0.274 0.505 0.3 0.5 0.32 0.462 0.326 0.426 0.354 0.42 0.364
0 0.556 0.535 0.444 0.52 0.419 0.426 0.417 0.405 0.417 0.384 0.425 0.359 0.434 0.345 0.449 0.34 0.469 0.325 0.508 0.323 0.525 0.326 0.537 0.353 0.551 0.373 0.561 0.38 0.574 0.398 0.577 0.421 0.577 0.461 0.575 0.482 0.558 0.514 0.556 0.535
0 0.332 0.622 0.307 0.619 0.283 0.594 0.264 0.582 0.249 0.582 0.238 0.549 0.241 0.446 0.25 0.426 0.263 0.407 0.29 0.38 0.32 0.367 0.338 0.367 0.359 0.375 0.395 0.404 0.425 0.453 0.418 0.468 0.385 0.52 0.371 0.559 0.363 0.56 0.356 0.59 0.369 0.605 0.374 0.616 0.332 0.622
0 0.244 0.435 0.229 0.434 0.212 0.418 0.195 0.396 0.19 0.37 0.18 0.339 0.176 0.309 0.185 0.264 0.215 0.227 0.231 0.214 0.25 0.21 0.278 0.211 0.295 0.224 0.317 0.234 0.335 0.252 0.341 0.267 0.346 0.295 0.353 0.307 0.353 0.327 0.337 0.37 0.325 0.366 0.292 0.379 0.282 0.388 0.251 0.422 0.244 0.435
0 0.122 0.57 0.078 0.556 0.062 0.542 0.044 0.531 0.028 0.502 0.016 0.474 0.008 0.441 0.016 0.381 0.023 0.363 0.041 0.348 0.058 0.339 0.107 0.34 0.14 0.337 0.161 0.348 0.18 0.352 0.19 0.367 0.194 0.391 0.194 0.423 0.189 0.444 0.189 0.473 0.178 0.503 0.17 0.543 0.157 0.554 0.139 0.559 0.122 0.57
0 0.15 0.34 0.058 0.34 0.048 0.325 0.03 0.287 0.031 0.241 0.052 0.2 0.091 0.159 0.112 0.161 0.124 0.157 0.159 0.178 0.179 0.199 0.19 0.243 0.188 0.261 0.181 0.278 0.178 0.312 0.173 0.324 0.15 0.3
