0 0.748 0.916 0.731 0.897 0.726 0.823 0.758 0.606 0.778 0.531 0.801 0.477 0.833 0.465 0.841 0.508 0.796 0.773 0.777 0.866 0.748 0.916
0 0.689 0.849 0.667 0.841 0.655 0.802 0.662 0.666 0.68 0.567 0.703 0.497 0.729 0.46 0.751 0.455 0.767 0.481 0.764 0.542 0.741 0.639 0.72 0.784 0.708 0.823 0.689 0.849
0 0.626 0.676 0.606 0.664 0.609 0.561 0.64 0.427 0.655 0.323 0.679 0.262 0.689 0.263 0.704 0.292 0.711 0.327 0.702 0.467 0.667 0.638 0.646 0.666 0.626 0.676
0 0.582 0.815 0.557 0.78 0.547 0.741 0.539 0.594 0.543 0.502 0.557 0.436 0.574 0.395 0.615 0.366 0.632 0.332 0.647 0.375 0.625 0.411 0.606 0.569 0.604 0.739 0.593 0.794 0.582 0.815
0 0.513 0.838 0.498 0.819 0.478 0.641 0.461 0.569 0.431 0.495 0.406 0.457 0.386 0.445 0.38 0.423 0.384 0.404 0.411 0.427 0.446 0.415 0.47 0.421 0.494 0.452 0.524 0.528 0.541 0.617 0.546 0.728 0.536 0.798 0.513 0.838
0 0.397 0.909 0.369 0.888 0.344 0.842 0.322 0.762 0.307 0.667 0.303 0.527 0.31 0.488 0.336 0.422 0.337 0.394 0.325 0.37 0.331 0.335 0.37 0.332 0.382 0.366 0.36 0.431 0.358 0.467 0.378 0.642 0.41 0.808 0.411 0.888 0.397 0.909
0 0.314 0.476 0.311 0.444 0.33 0.438 0.314 0.476
0 0.37 0.418 0.364 0.408 0.379 0.38 0.382 0.344 0.393 0.309 0.448 0.255 0.548 0.237 0.575 0.249 0.596 0.284 0.591 0.316 0.563 0.348 0.434 0.407 0.386 0.402 0.37 0.418
0 0.283 0.38 0.244 0.37 0.243 0.336 0.255 0.292 0.296 0.223 0.357 0.09 0.373 0.08 0.395 0.101 0.404 0.156 0.387 0.223 0.326 0.34 0.283 0.38
0 0.242 0.949 0.226 0.938 0.214 0.869 0.232 0.527 0.244 0.476 0.277 0.457 0.293 0.486 0.302 0.523 0.304 0.655 0.282 0.855 0.242 0.949
0 0.148 0.932 0.124 0.898 0.111 0.847 0.119 0.625 0.133 0.512 0.152 0.445 0.173 0.413 0.199 0.415 0.21 0.458 0.211 0.517 0.182 0.833 0.162 0.914 0.148 0.93
