0 0.786 0.789 0.766 0.788 0.753 0.783 0.704 0.757 0.674 0.734 0.647 0.701 0.634 0.672 0.628 0.65 0.625 0.628 0.627 0.593 0.632 0.567 0.642 0.536 0.656 0.51 0.671 0.489 0.69 0.47 0.712 0.458 0.734 0.452 0.756 0.452 0.79 0.462 0.825 0.478 0.846 0.497 0.866 0.524 0.88 0.551 0.89 0.584 0.893 0.606 0.892 0.633 0.89 0.655 0.883 0.683 0.869 0.719 0.856 0.741 0.835 0.766 0.813 0.782 0.798 0.788 0.786 0.789
0 0.589 0.601 0.57 0.598 0.55 0.589 0.533 0.577 0.522 0.566 0.509 0.545 0.505 0.533 0.5 0.509 0.499 0.491 0.501 0.477 0.502 0.44 0.512 0.414 0.528 0.383 0.538 0.369 0.552 0.358 0.596 0.344 0.624 0.358 0.654 0.364 0.664 0.373 0.676 0.392 0.685 0.411 0.692 0.443 0.693 0.464 0.691 0.47 0.668 0.493 0.65 0.519 0.635 0.558 0.627 0.59 0.609 0.598 0.589 0.601
0 0.412 0.612 0.383 0.608 0.361 0.6 0.344 0.587 0.332 0.572 0.318 0.55 0.313 0.537 0.301 0.487 0.299 0.462 0.301 0.448 0.306 0.431 0.331 0.387 0.344 0.371 0.356 0.362 0.367 0.357 0.401 0.349 0.418 0.348 0.438 0.352 0.453 0.359 0.471 0.374 0.483 0.389 0.494 0.411 0.499 0.427 0.502 0.444 0.503 0.464 0.5 0.487 0.492 0.524 0.481 0.554 0.444 0.599 0.427 0.608 0.412 0.612
0 0.209 0.538 0.186 0.535 0.164 0.526 0.149 0.515 0.136 0.499 0.127 0.48 0.115 0.44 0.112 0.415 0.113 0.387 0.12 0.353 0.129 0.333 0.144 0.311 0.157 0.298 0.176 0.284 0.193 0.278 0.21 0.274 0.237 0.276 0.255 0.282 0.27 0.29 0.297 0.319 0.307 0.335 0.316 0.356 0.322 0.377 0.323 0.394 0.322 0.401 0.309 0.425 0.302 0.444 0.299 0.461 0.301 0.489 0.289 0.506 0.265 0.524 0.209 0.538
0 0.25 0.862 0.224 0.862 0.205 0.859 0.179 0.845 0.158 0.827 0.142 0.806 0.128 0.776 0.118 0.742 0.116 0.712 0.119 0.685 0.128 0.659 0.152 0.619 0.174 0.591 0.173 0.585 0.179 0.576 0.186 0.576 0.205 0.558 0.238 0.538 0.253 0.534 0.27 0.534 0.296 0.544 0.313 0.555 0.338 0.578 0.352 0.599 0.363 0.623 0.37 0.649 0.376 0.693 0.376 0.713 0.373 0.738 0.367 0.758 0.352 0.79 0.332 0.816 0.313 0.838 0.304 0.844 0.271 0.856 0.264 0.862 0.25 0.862
0 0.0 0.567 0.001 0.546 0.022 0.527 0.053 0.51 0.071 0.506 0.09 0.506 0.114 0.514 0.134 0.53 0.165 0.573 0.172 0.59 0.136 0.642 0.123 0.673 0.117 0.7 0.116 0.723 0.123 0.761 0.09 0.775 0.058 0.778 0.04 0.774 0.024 0.765 0.008 0.747 0.0 0.73 0.0 0.628
0 0.0 0.3 0.017 0.284 0.03 0.277 0.057 0.27 0.075 0.27 0.091 0.274 0.111 0.284 0.126 0.296 0.142 0.314 0.13 0.331 0.121 0.35 0.113 0.39 0.112 0.416 0.114 0.437 0.124 0.475 0.131 0.491 0.129 0.495 0.108 0.511 0.09 0.507 0.069 0.507 0.052 0.51 0.04 0.508 0.026 0.5 0.0 0.476
0 0.242 0.0 0.269 0.023 0.288 0.053 0.304 0.105 0.308 0.133 0.295 0.163 0.29 0.187 0.287 0.214 0.254 0.246 0.24 0.253 0.229 0.255 0.216 0.254 0.19 0.247 0.156 0.226 0.144 0.214 0.13 0.196 0.111 0.156 0.107 0.143 0.103 0.114 0.103 0.091 0.108 0.056 0.113 0.041 0.123 0.023 0.133 0.011 0.146 0.0
0 0.376 0.354 0.36 0.354 0.346 0.349 0.33 0.337 0.315 0.32 0.305 0.302 0.296 0.277 0.288 0.23 0.288 0.208 0.292 0.176 0.298 0.153 0.31 0.129 0.323 0.114 0.342 0.101 0.357 0.096 0.381 0.096 0.374 0.089 0.359 0.086 0.358 0.08 0.364 0.072 0.378 0.082 0.39 0.099 0.443 0.12 0.464 0.137 0.48 0.158 0.489 0.178 0.495 0.205 0.496 0.222 0.495 0.256 0.489 0.282 0.476 0.316 0.461 0.338 0.441 0.352 0.424 0.348 0.396 0.348 0.376 0.354
0 0.676 0.364 0.646 0.362 0.622 0.357 0.606 0.349 0.59 0.337 0.576 0.317 0.562 0.288 0.554 0.263 0.549 0.227 0.55 0.193 0.556 0.167 0.571 0.123 0.583 0.101 0.596 0.084 0.612 0.07 0.63 0.059 0.66 0.049 0.681 0.049 0.706 0.056 0.732 0.068 0.751 0.083 0.767 0.104 0.776 0.124 0.782 0.145 0.788 0.184 0.787 0.212 0.783 0.229 0.763 0.285 0.754 0.303 0.732 0.33 0.706 0.354 0.676 0.364
0 0.627 0.0 0.63 0.014 0.631 0.034 0.625 0.061 0.601 0.079 0.586 0.097 0.573 0.119 0.561 0.152 0.54 0.16 0.52 0.162 0.505 0.162 0.486 0.154 0.474 0.145 0.46 0.129 0.452 0.116 0.437 0.084 0.411 0.0
0 0.506 0.426 0.498 0.423 0.487 0.395 0.473 0.375 0.46 0.364 0.442 0.352 0.458 0.34 0.474 0.32 0.486 0.292 0.495 0.262 0.507 0.257 0.52 0.257 0.554 0.266 0.575 0.316 0.594 0.343 0.561 0.354 0.542 0.366 0.526 0.387 0.506 0.426
0 0.482 0.926 0.463 0.926 0.445 0.92 0.427 0.906 0.41 0.884 0.4 0.862 0.39 0.834 0.387 0.812 0.388 0.774 0.393 0.748 0.402 0.717 0.417 0.686 0.43 0.671 0.446 0.66 0.462 0.653 0.479 0.65 0.504 0.654 0.52 0.66 0.534 0.667 0.547 0.68 0.558 0.698 0.568 0.718 0.575 0.748 0.578 0.782 0.577 0.802 0.57 0.84 0.558 0.872 0.549 0.89 0.538 0.901 0.524 0.912 0.482 0.926
0 0.848 0.499 0.83 0.482 0.813 0.471 0.778 0.457 0.75 0.452 0.74 0.422 0.732 0.378 0.702 0.358 0.708 0.354 0.729 0.366 0.726 0.348 0.728 0.336 0.749 0.311 0.761 0.288 0.779 0.241 0.786 0.214 0.814 0.202 0.83 0.2 0.854 0.202 0.868 0.206 0.885 0.217 0.923 0.261 0.933 0.281 0.937 0.305 0.939 0.347 0.933 0.399 0.929 0.414 0.897 0.445 0.887 0.46 0.876 0.483 0.848 0.499
0 0.968 0.731 0.952 0.73 0.928 0.722 0.906 0.704 0.888 0.679 0.886 0.671 0.892 0.629 0.891 0.597 0.882 0.56 0.865 0.521 0.875 0.485 0.881 0.471 0.891 0.453 0.907 0.434 0.933 0.412 0.948 0.404 0.98 0.392 1.0 0.39 1.0 0.724 0.968 0.731
0 0.964 0.0 0.976 0.017 0.986 0.04 0.992 0.071 0.993 0.093 0.991 0.115 0.982 0.147 0.973 0.167 0.958 0.186 0.92 0.216 0.896 0.23 0.879 0.213 0.86 0.204 0.841 0.2 0.807 0.204 0.795 0.185 0.788 0.164 0.785 0.139 0.785 0.113 0.787 0.094 0.794 0.07 0.803 0.05 0.84 0.
