0 0.553 0.942 0.533 0.94 0.52 0.936 0.504 0.925 0.493 0.913 0.484 0.896 0.472 0.866 0.465 0.823 0.466 0.802 0.47 0.782 0.478 0.764 0.489 0.751 0.515 0.734 0.549 0.726 0.563 0.728 0.583 0.737 0.605 0.758 0.622 0.797 0.628 0.832 0.628 0.864 0.62 0.896 0.59 0.929 0.574 0.938 0.553 0.942
0 0.101 0.254 0.07 0.251 0.041 0.231 0.022 0.201 0.014 0.17 0.014 0.128 0.019 0.108 0.024 0.098 0.051 0.065 0.066 0.056 0.081 0.052 0.105 0.054 0.125 0.063 0.147 0.085 0.156 0.105 0.154 0.134 0.149 0.167 0.154 0.215 0.138 0.235 0.121 0.24 0.101 0.254
0 0.343 0.224 0.319 0.219 0.306 0.21 0.299 0.201 0.291 0.174 0.285 0.126 0.286 0.089 0.293 0.068 0.3 0.057 0.311 0.046 0.335 0.037 0.359 0.04 0.374 0.048 0.348 0.085 0.336 0.114 0.333 0.138 0.334 0.17 0.342 0.205 0.349 0.222 0.343 0.224
0 0.214 0.269 0.19 0.263 0.174 0.251 0.164 0.238 0.153 0.211 0.149 0.178 0.149 0.162 0.158 0.09 0.166 0.067 0.178 0.052 0.189 0.043 0.203 0.037 0.219 0.035 0.24 0.04 0.254 0.047 0.269 0.062 0.278 0.077 0.286 0.101 0.287 0.14 0.294 0.188 0.282 0.22 0.266 0.242 0.228 0.266 0.214 0.269
0 0.417 0.254 0.386 0.251 0.36 0.236 0.343 0.211 0.333 0.167 0.332 0.145 0.334 0.12 0.346 0.086 0.375 0.048 0.398 0.036 0.42 0.037 0.443 0.05 0.477 0.093 0.485 0.109 0.486 0.12 0.484 0.167 0.47 0.218 0.459 0.234 0.45 0.243 0.436 0.25 0.417 0.254
0 0.494 0.227 0.466 0.226 0.475 0.207 0.483 0.17 0.487 0.14 0.485 0.114 0.476 0.092 0.444 0.051 0.455 0.042 0.471 0.035 0.485 0.035 0.496 0.038 0.522 0.062 0.499 0.088 0.489 0.113 0.487 0.175 0.493 0.196 0.511 0.224 0.494 0.227
0 0.564 0.249 0.545 0.248 0.514 0.228 0.495 0.2 0.486 0.179 0.488 0.115 0.495 0.096 0.508 0.075 0.522 0.062 0.536 0.056 0.562 0.055 0.578 0.061 0.594 0.073 0.613 0.105 0.623 0.146 0.623 0.177 0.614 0.209 0.599 0.223 0.588 0.24 0.564 0.249
0 0.612 0.104 0.593 0.075 0.576 0.06 0.556 0.055 0.535 0.056 0.538 0.04 0.545 0.026 0.559 0.013 0.588 0.001 0.651 0.0 0.633 0.024 0.623 0.043 0.615 0.072 0.612 0.104
0 0.696 0.202 0.666 0.196 0.644 0.18 0.626 0.152 0.614 0.114 0.613 0.083 0.621 0.049 0.634 0.022 0.655 0.0 0.733 0.001 0.751 0.014 0.759 0.026 0.768 0.043 0.776 0.07 0.777 0.115 0.762 0.152 0.745 0.176 0.73 0.189 0.714 0.198 0.696 0.202
0 0.78 0.0 0.779 0.002 0.784 0.014 0.789 0.053 0.797 0.071 0.826 0.112 0.804 0.134 0.771 0.146 0.765 0.144 0.776 0.116 0.778 0.101 0.774 0.065 0.767 0.042 0.754 0.018 0.734 0.0
0 0.967 0.0 0.958 0.038 0.927 0.093 0.915 0.107 0.902 0.117 0.874 0.125 0.853 0.123 0.835 0.116 0.811 0.093 0.787 0.051 0.784 0.014 0.779 0.0
0 0.0 0.265 0.0 0.23 0.019 0.223 0.034 0.223 0.051 0.239 0.069 0.252 0.079 0.272 0.08 0.349 0.078 0.36 0.063 0.379 0.032 0.39 0.001 0.39 0.0 0.385
0 0.141 0.403 0.127 0.403 0.115 0.398 0.092 0.376 0.081 0.348 0.079 0.314 0.086 0.282 0.1 0.256 0.12 0.241 0.145 0.235 0.164 0.241 0.179 0.256 0.199 0.27 0.212 0.296 0.212 0.339 0.205 0.354 0.185 0.356 0.164 0.37 0.152 0.385 0.141 0.403
0 0.282 0.401 0.269 0.399 0.25 0.391 0.238 0.381 0.223 0.36 0.213 0.334 0.212 0.297 0.217 0.281 0.224 0.271 0.24 0.258 0.265 0.243 0.28 0.225 0.294 0.218 0.311 0.22 0.331 0.233 0.343 0.248 0.352 0.269 0.352 0.289 0.327 0.302 0.306 0.324 0.286 0.372 0.282 0.401
0 0.423 0.348 0.415 0.324 0.398 0.304 0.378 0.292 0.351 0.287 0.351 0.265 0.358 0.237 0.36 0.235 0.391 0.25 0.42 0.253 0.444 0.245 0.465 0.226 0.48 0.228 0.482 0.233 0.455 0.256 0.436 0.283 0.429 0.305 0.423 0.348
0 0.501 0.437 0.486 0.436 0.472 0.429 0.437 0.394 0.427 0.374 0.424 0.345 0.43 0.303 0.438 0.279 0.448 0.264 0.458 0.251 0.482 0.234 0.492 0.229 0.508 0.227 0.519 0.231 0.544 0.246 0.564 0.268 0.575 0.296 0.578 0.341 0.573 0.371 0.561 0.397 0.539 0.416 0.501 0.437
0 0.575 0.295 0.564 0.269 0.547 0.248 0.569 0.247 0.587 0.241 0.579 0.27 0.575 0.295
0 0.666 0.407 0.631 0.403 0.611 0.391 0.592 0.364 0.576 0.325 0.576 0.283 0.588 0.241 0.596 0.227 0.609 0.212 0.635 0.2 0.664 0.202 0.696 0.224 0.722 0.26 0.733 0.298 0.732 0.335 0.718 0.363 0.708 0.378 0.688 0.397 0.678 0.404 0.666 0.407
0 0.72 0.363 0.731 0.336 0.733 0.317 0.731 0.289 0.724 0.264 0.702 0.231 0.685 0.214 0.666 0.202 0.645 0.198 0.645 0.181 0.671 0.196 0.689 0.2 0.703 0.2 0.731 0.186 0.758 0.159 0.77 0.178 0.776 0.202 0.782 0.265 0.78 0.287 0.773 0.311 0.764 0.325 0.74 0.351 0.72 0.363
0 0.816 0.288 0.795 0.272 0.781 0.25 0.774 0.185 0.783 0.159 0.827 0.113 0.855 0.125 0.877 0.125 0.898 0.119 0.921 0.104 0.93 0.118 0.943 0.155 0.922 0.147 0.896 0.148 0.873 0.159 0.852 0.176 0.834 0.2 0.822 0.226 0.816 0.255 0.816 0.288
0 0.911 0.37 0.894 0.37 0.877 0.365 0.855 0.353 0.839 0.336 0.828 0.321 0.82 0.302 0.815 0.28 0.815 0.252 0.82 0.23 0.828 0.209 0.855 0.173 0.87 0.16 0.886 0.151 0.916 0.145 0.928 0.148 0.945 0.158 0.978 0.196 0.984 0.21 0.989 0.231 0.991 0.264 0.987 0.299 0.982 0.317 0.974 0.333 0.962 0.346 0.947 0.358 0.911 0.37
0 0.0 0.417 0.007 0.406 0.017 0.397 0.053 0.381 0.075 0.38 0.093 0.389 0.121 0.408 0.132 0.424 0.13 0.464 0.139 0.503 0.133 0.519 0.11 0.552 0.092 0.57 0.074 0.578 0.052 0.576 0.03 0.568 0.016 0.556 0.0 0.531
0 0.217 0.57 0.192 0.565 0.162 0.542 0.141 0.509 0.134 0.489 0.13 0.466 0.129 0.445 0.131 0.43 0.145 0.394 0.163 0.369 0.187 0.354 0.206 0.353 0.224 0.361 0.24 0.381 0.255 0.393 0.27 0.414 0.285 0.449 0.285 0.461 0.266 0.466 0.25 0.477 0.239 0.487 0.225 0.505 0.217 0.529 0.217 0.57
0 0.371 0.494 0.344 0.488 0.308 0.464 0.286 0.415 0.283 0.396 0.283 0.383 0.287 0.367 0.307 0.322 0.328 0.3 0.353 0.289 0.37 0.289 0.38 0.292 0.397 0.302 0.408 0.314 0.42 0.333 0.429 0.381 0.429 0.415 0.418 0.449 0.389 0.483 0.371 0.494
0 0.981 0.426 0.942 0.425 0.931 0.42 0.914 0.402 0.909 0.373 0.936 0.363 0.962 0.347 0.978 0.325 0.989 0.294 0.999 0.421 0.981 0.426
0 0.137 0.692 0.108 0.685 0.09 0.67 0.074 0.641 0.07 0.612 0.078 0.591 0.099 0.569 0.121 0.534 0.135 0.526 0.15 0.525 0.169 0.548 0.195 0.568 0.201 0.586 0.203 0.601 0.19 0.656 0.167 0.682 0.154 0.689 0.137 0.692
0 0.0 0.596 0.015 0.595 0.029 0.598 0.061 0.619 0.073 0.634 0.087 0.667 0.091 0.688 0.089 0.732 0.075 0.769 0.061 0.787 0.045 0.798 0.02 0.808 0.0 0.81
0 0.443 0.704 0.416 0.699 0.391 0.678 0.375 0.654 0.369 0.636 0.361 0.598 0.364 0.561 0.37 0.542 0.382 0.519 0.397 0.502 0.41 0.493 0.436 0.486 0.453 0.487 0.464 0.491 0.477 0.5 0.488 0.514 0.503 0.556 0.511 0.604 0.507 0.639 0.49 0.677 0.469 0.698 0.456 0.704 0.443 0.704
0 0.528 0.601 0.511 0.599 0.502 0.551 0.487 0.512 0.472 0.496 0.447 0.485 0.45 0.444 0.454 0.429 0.46 0.42 0.482 0.437 0.5 0.438 0.535 0.42 0.562 0.398 0.579 0.414 0.598 0.446 0.609 0.494 0.609 0.52 0.604 0.538 0.593 0.56 0.574 0.588 0.554 0.599 0.528 0.601
0 0.672 0.559 0.657 0.558 0.642 0.551 0.632 0.541 0.617 0.516 0.61 0.501 0.602 0.465 0.604 0.422 0.616 0.395 0.65 0.406 0.671 0.406 0.686 0.399 0.717 0.369 0.732 0.39 0.741 0.424 0.744 0.478 0.742 0.504 0.732 0.528 0.715 0.548 0.706 0.553 0.688 0.554 0.672 0.559
0 0.857 0.511 0.783 0.511 0.763 0.498 0.744 0.474 0.741 0.426 0.729 0.38 0.738 0.355 0.772 0.316 0.784 0.307 0.797 0.3 0.817 0.297 0.831 0.325 0.855 0.352 0.884 0.368 0.909 0.371 0.914 0.406 0.913 0.425 0.909 0.442 0.899 0.465 0.88 0.493 0.867 0.506 0.857 0.511
0 0.0 0.835 0.002 0.832 0.013 0.828 0.035 0.827 0.053 0.832 0.07 0.841 0.076 0.846 0.098 0.883 0.102 0.909 0.101 0.936 0.097 0.958 0.089 0.979 0.077 0.999 0.001 0.999 0.0 0.987
0 0.139 0.903 0.122 0.901 0.109 0.895 0.097 0.881 0.08 0.855 0.074 0.842 0.071 0.825 0.074 0.783 0.088 0.738 0.098 0.722 0.111 0.706 0.134 0.692 0.149 0.69 0.177 0.69 0.19 0.7 0.197 0.724 0.208 0.741 0.232 0.762 0.232 0.817 0.213 0.843 0.202 0.875 0.195 0.883 0.173 0.896 0.139 0.903
0 0.296 0.999 0.243 0.999 0.214 0.97 0.207 0.959 0.201 0.944 0.198 0.929 0.199 0.896 0.203 0.871 0.209 0.852 0.224 0.827 0.252 0.809 0.265 0.805 0.288 0.807 0.296 0.831 0.309 0.852 0.327 0.867 0.347 0.875 0.347 0.925 0.321 0.979 0.312 0.989 0.296 0.999
0 0.349 0.875 0.325 0.867 0.304 0.846 0.29 0.812 0.287 0.792 0.288 0.771 0.293 0.746 0.301 0.726 0.311 0.711 0.332 0.69 0.35 0.677 0.365 0.674 0.383 0.676 0.411 0.698 0.431 0.729 0.439 0.749 0.444 0.771 0.442 0.807 0.439 0.823 0.432 0.835 0.422 0.85 0.407 0.863 0.391 0.871 0.349 0.875
0 0.779 0.888 0.755 0.887 0.732 0.877 0.701 0.848 0.681 0.815 0.675 0.771 0.683 0.728 0.69 0.707 0.701 0.688 0.712 0.674 0.727 0.665 0.765 0.666 0.796 0.675 0.813 0.685 0.825 0.697 0.836 0.715 0.854 0.765 0.856 0.783 0.856 0.802 0.851 0.82 0.842 0.839 0.827 0.858 0.808 0.875 0.795 0.883 0.779 0.888
0 0.954 0.887 0.921 0.882 0.886 0.862 0.867 0.838 0.855 0.805 0.855 0.78 0.847 0.744 0.852 0.72 0.87 0.69 0.893 0.66 0.903 0.651 0.915 0.645 0.934 0.645 0.96 0.65 0.982 0.658 1.0 0.671 1.0 0.856 0.973 0.879 0.954 0.887
0 0.999 0.654 0.977 0.651 0.959 0.645 0.944 0.636 0.93 0.623 0.918 0.605 0.895 0.545 0.893 0.515 0.902 0.481 0.924 0.449 0.948 0.432 0.967 0.427 1.0 0.425 0.999 0.654
0 0.278 0.661 0.255 0.654 0.245 0.644 0.236 0.631 0.226 0.606 0.218 0.579 0.216 0.532 0.223 0.508 0.246 0.48 0.275 0.463 0.297 0.462 0.309 0.466 0.329 0.478 0.34 0.488 0.35 0.502 0.363 0.537 0.363 0.583 0.354 0.606 0.345 0.62 0.293 0.655 0.278 0.661
0 0.99 0.898 0.972 0.895 0.957 0.889 0.956 0.886 0.971 0.88 0.998 0.855 1.0 0.895 0.99 0.898
0 0.274 0.774 0.249 0.771 0.224 0.758 0.204 0.738 0.194 0.716 0.19 0.689 0.192 0.644 0.201 0.609 0.217 0.58 0.238 0.633 0.258 0.656 0.272 0.662 0.282 0.661 0.323 0.639 0.326 0.668 0.326 0.695 0.301 0.727 0.294 0.744 0.287 0.769 0.274 0.774
0 0.0 0.113 0.001 0.096 0.015 0.119 0.013 0.157 0.015 0.179 0.021 0.2 0.006 0.224 0.0 0.227
0 0.434 0.995 0.404 0.991 0.385 0.98 0.373 0.969 0.362 0.952 0.352 0.929 0.347 0.9 0.346 0.878 0.35 0.873 0.363 0.875 0.396 0.869 0.421 0.851 0.439 0.821 0.444 0.795 0.445 0.774 0.453 0.774 0.469 0.783 0.465 0.809 0.465 0.828 0.469 0.854 0.476 0.877 0.491 0.908 0.509 0.93 0.488 0.965 0.474 0.981 0.456 0.992 0.434 0.995
0 0.677 0.984 0.654 0.982 0.625 0.967 0.606 0.95 0.594 0.927 0.622 0.893 0.628 0.866 0.627 0.818 0.617 0.783 0.633 0.774 0.658 0.765 0.675 0.768 0.682 0.819 0.701 0.847 0.728 0.873 0.749 0.886 0.75 0.892 0.748 0.911 0.743 0.925 0.728 0.95 0.703 0.973 0.688 0.982 0.677 0.984
0 0.826 0.97 0.8 0.967 0.786 0.96 0.772 0.946 0.753 0.915 0.75 0.904 0.75 0.888 0.75 0.886 0.781 0.887 0.8 0.878 0.839 0.841 0.848 0.826 0.855 0.806 0.866 0.833 0.877 0.851 0.892 0.865 0.922 0.881 0.922 0.886 0.912 0.909 0.899 0.926 0.857 0.95 0.841 0.965 0.826 0.97
0 0.364 0.557 0.357 0.519 0.349 0.501 0.34 0.488 0.359 0.495 0.373 0.494 0.389 0.485 0.405 0.467 0.418 0.448 0.424 0.435 0.429 0.412 0.431 0.384 0.449 0.407 0.449 0.486 0.418 0.489 0.399 0.5 0.38 0.521 0.364 0.557
0 0.326 0.694 0.324 0.638 0.347 0.619 0.356 0.604 0.361 0.589 0.363 0.615 0.369 0.639 0.39 0.679 0.368 0.674 0.356 0.676 0.342 0.681 0.326 0.694
0 0.472 0.775 0.456 0.736 0.454 0.707 0.474 0.695 0.493 0.673 0.508 0.637 0.512 0.605 0.546 0.6 0.565 0.603 0.584 0.615 0.604 0.64 0.611 0.657 0.629 0.723 0.627 0.743 0.614 0.772 0.601 0.753 0.587 0.739 0.567 0.729 0.549 0.726 0.529 0.73 0.501 0.742 0.486 0.753 0.472 0.775
0 0.675 0.766 0.667 0.764 0.653 0.754 0.629 0.72 0.615 0.669 0.615 0.646 0.62 0.625 0.627 0.608 0.637 0.59 0.648 0.577 0.662 0.566 0.68 0.557 0.697 0.554 0.714 0.556 0.732 0.568 0.742 0.582 0.749 0.598 0.767 0.666 0.731 0.664 0.712 0.676 0.701 0.689 0.688 0.714 0.68 0.738 0.675 0.766
0 0.845 0.734 0.829 0.701 0.815 0.686 0.796 0.674 0.769 0.665 0.75 0.606 0.75 0.579 0.761 0.551 0.779 0.527 0.801 0.512 0.821 0.51 0.848 0.512 0.866 0.52 0.881 0.532 0.901 0.559 0.927 0.633 0.928 0.643 0.913 0.645 0.903 0.65 0.875 0.682 0.858 0.707 0.848 0.733 0.845 0.73
