0 0.643 1.0 0.458 1.0 0.442 0.974 0.424 0.935 0.412 0.89 0.405 0.841 0.404 0.762 0.41 0.721 0.422 0.683 0.437 0.655 0.456 0.631 0.478 0.613 0.504 0.599 0.526 0.59 0.529 0.586 0.571 0.579 0.595 0.579 0.635 0.591 0.664 0.608 0.684 0.626 0.71 0.666 0.724 0.702 0.731 0.737 0.733 0.772 0.727 0.824 0.717 0.861 0.7 0.901 0.67 0.956 0.643 1.0
0 0.784 0.0 0.807 0.009 0.821 0.025 0.828 0.043 0.842 0.068 0.851 0.09 0.86 0.118 0.866 0.148 0.87 0.198 0.869 0.223 0.854 0.318 0.842 0.357 0.827 0.384 0.808 0.407 0.776 0.435 0.736 0.463 0.697 0.477 0.67 0.482 0.625 0.481 0.595 0.475 0.576 0.498 0.567 0.514 0.562 0.538 0.553 0.552 0.553 0.562 0.557 0.572 0.557 0.58 0.537 0.585 0.534 0.581 0.538 0.56 0.545 0.536 0.558 0.509 0.585 0.477 0.587 0.472 0.558 0.461 0.522 0.435 0.498 0.404 0.479 0.373 0.472 0.354 0.467 0.304 0.462 0.278 0.458 0.219 0.468 0.175 0.482 0.14 0.502 0.108 0.528 0.072 0.575 0.031 0.613 0.011 0.628 0.0
0 0.0 0.412 0.009 0.386 0.026 0.355 0.045 0.333 0.067 0.318 0.089 0.307 0.124 0.298 0.168 0.303 0.195 0.312 0.213 0.325 0.235 0.349 0.256 0.377 0.266 0.394 0.278 0.429 0.282 0.463 0.282 0.551 0.276 0.583 0.249 0.649 0.234 0.678 0.199 0.712 0.188 0.718 0.161 0.728 0.143 0.727 0.11 0.718 0.07 0.697 0.036 0.672 0.026 0.66 0.012 0.635 0.0 0.601
0 0.44 1.0 0.433 0.999 0.427 0.966 0.41 0.909 0.4 0.871 0.386 0.826 0.376 0.806 0.369 0.792 0.343 0.76 0.316 0.746 0.306 0.734 0.298 0.72 0.292 0.714 0.292 0.709 0.286 0.698 0.278 0.689 0.264 0.664 0.26 0.66 0.258 0.652 0.256 0.631 0.278 0.574 0.283 0.511 0.301 0.485 0.314 0.472 0.339 0.456 0.36 0.448 0.382 0.444 0.408 0.445 0.429 0.45 0.439 0.456 0.45 0.466 0.464 0.474 0.467 0.481 0.484 0.498 0.493 0.521 0.5 0.549 0.5 0.582 0.498 0.602 0.477 0.615 0.456 0.631 0.43 0.667 0.421 0.688 0.411 0.718 0.403 0.764 0.399 0.768 0.39 0.769 0.382 0.765 0.369 0.765 0.359 0.76 0.389 0.815 0.395 0.84 0.402 0.854 0.413 0.892 0.421 0.925 0.43 0.949 0.44 1.0
0 0.757 0.886 0.755 0.886 0.755 0.883 0.752 0.884 0.74 0.877 0.723 0.875 0.725 0.868 0.718 0.862 0.729 0.814 0.734 0.773 0.734 0.757 0.729 0.723 0.72 0.691 0.707 0.663 0.695 0.643 0.681 0.624 0.671 0.614 0.671 0.61 0.694 0.569 0.702 0.563 0.732 0.53 0.757 0.512 0.78 0.502 0.782 0.496 0.781 0.486 0.787 0.468 0.78 0.458 0.776 0.458 0.776 0.452 0.78 0.454 0.781 0.448 0.787 0.443 0.789 0.436 0.784 0.434 0.779 0.44 0.779 0.433 0.803 0.409 0.812 0.405 0.817 0.409 0.816 0.42 0.822 0.436 0.823 0.448 0.83 0.458 0.836 0.472 0.854 0.492 0.861 0.491 0.865 0.503 0.87 0.501 0.873 0.49 0.875 0.491 0.878 0.532 0.878 0.592 0.882 0.622 0.887 0.638 0.898 0.663 0.9 0.674 0.911 0.688 0.932 0.707 0.932 0.729 0.925 0.763 0.913 0.795 0.897 0.821 0.877 0.844 0.856 0.86 0.825 0.875 0.789 0.883 0.765 0.883 0.757 0.886
0 0.976 0.771 0.966 0.771 0.967 0.743 0.965 0.732 0.917 0.696 0.904 0.68 0.897 0.675 0.895 0.664 0.887 0.641 0.879 0.611 0.877 0.588 0.877 0.558 0.881 0.519 0.889 0.478 0.91 0.399 0.923 0.36 0.926 0.344 0.943 0.314 0.947 0.301 0.963 0.294 0.973 0.284 0.978 0.273 0.975 0.263 0.965 0.264 0.957 0.261 0.945 0.264 0.937 0.263 0.919 0.248 0.917 0.242 0.92 0.233 0.922 0.238 0.935 0.229 0.95 0.225 0.966 0.225 0.974 0.23 0.981 0.242 0.987 0.244 0.989 0.242 0.989 0.235 0.992 0.234 0.993 0.227 1.0 0.222 1.0 0.741 0.985 0.738 0.989 0.759 0.983 0.768 0.976 0.771
0 0.539 0.0 0.537 0.032 0.527 0.069 0.512 0.098 0.491 0.127 0.48 0.139 0.464 0.152 0.459 0.151 0.463 0.115 0.468 0.103 0.468 0.101 0.465 0.101 0.469 0.083 0.469 0.074 0.467 0.072 0.464 0.078 0.453 0.134 0.452 0.157 0.427 0.166 0.405 0.166 0.389 0.162 0.373 0.173 0.371 0.17 0.377 0.165 0.379 0.16 0.377 0.158 0.354 0.149 0.337 0.152 0.331 0.157 0.335 0.164 0.337 0.174 0.333 0.179 0.327 0.181 0.323 0.188 0.317 0.188 0.312 0.177 0.261 0.185 0.244 0.183 0.229 0.179 0.215 0.172 0.209 0.165 0.213 0.162 0.262 0.171 0.283 0.169 0.315 0.159 0.324 0.151 0.324 0.148 0.303 0.113 0.28 0.084 0.272 0.071 0.255 0.032 0.245 0.0
0 0.301 0.483 0.282 0.482 0.281 0.456 0.278 0.428 0.266 0.395 0.256 0.377 0.236 0.349 0.212 0.324 0.188 0.31 0.163 0.302 0.125 0.298 0.085 0.308 0.081 0.301 0.081 0.271 0.086 0.219 0.095 0.181 0.106 0.15 0.124 0.12 0.151 0.099 0.173 0.07 0.198 0.049 0.218 0.04 0.248 0.033 0.257 0.033 0.275 0.075 0.303 0.113 0.323 0.148 0.322 0.152 0.316 0.157 0.291 0.167 0.256 0.17 0.24 0.165 0.211 0.162 0.209 0.165 0.214 0.171 0.232 0.18 0.247 0.184 0.264 0.184 0.31 0.177 0.319 0.187 0.324 0.187 0.328 0.18 0.335 0.179 0.335 0.163 0.332 0.158 0.334 0.153 0.341 0.154 0.353 0.15 0.376 0.158 0.378 0.162 0.372 0.168 0.373 0.172 0.39 0.163 0.427 0.165 0.451 0.159 0.45 0.195 0.454 0.226 0.455 0.301 0.464 0.346 0.464 0.36 0.467 0.376 0.466 0.383 0.462 0.392 0.451 0.425 0.442 0.438 0.423 0.446 0.383 0.444 0.351 0.451 0.323 0.465 0.301 0.483
0 0.148 0.999 0.143 0.998 0.143 0.979 0.148 0.938 0.162 0.884 0.176 0.858 0.199 0.825 0.21 0.814 0.228 0.792 0.244 0.777 0.272 0.761 0.307 0.752 0.324 0.752 0.343 0.758 0.356 0.776 0.37 0.79 0.373 0.802 0.377 0.805 0.382 0.819 0.387 0.828 0.396 0.858 0.407 0.887 0.432 0.988 0.432 0.995 0.43 0.996 0.41 0.998 0.148 0.999
0 0.123 0.992 0.12 0.992 0.117 0.987 0.105 0.982 0.105 0.992 0.098 0.983 0.092 0.982 0.092 0.977 0.083 0.963 0.079 0.953 0.062 0.934 0.044 0.894 0.039 0.85 0.042 0.805 0.046 0.787 0.072 0.701 0.073 0.699 0.077 0.699 0.111 0.717 0.149 0.729 0.174 0.724 0.196 0.713 0.203 0.704 0.23 0.679 0.246 0.653 0.249 0.644 0.257 0.645 0.262 0.66 0.289 0.705 0.292 0.715 0.298 0.722 0.3 0.732 0.301 0.75 0.265 0.765 0.246 0.776 0.227 0.793 0.198 0.827 0.172 0.864 0.163 0.883 0.149 0.94 0.143 0.984 0.135 0.986 0.133 0.99 0.126 0.989 0.123 0.99
