0 0.101 0.477 0.003 0.461 0.003 0.042 0.035 0.037 0.147 0.044 0.211 0.061 0.26 0.083 0.331 0.136 0.358 0.143 0.395 0.242 0.397 0.277 0.384 0.327 0.36 0.371 0.319 0.413 0.239 0.459 0.101 0.477
0 0.0 0.52 0.083 0.484 0.174 0.464 0.262 0.461 0.323 0.468 0.389 0.491 0.428 0.518 0.469 0.567 0.481 0.617 0.474 0.693 0.433 0.773 0.381 0.83 0.301 0.868 0.233 0.882 0.149 0.874 0.07 0.852 0.0 0.816
0 0.527 0.573 0.47 0.569 0.432 0.522 0.396 0.495 0.313 0.465 0.313 0.417 0.364 0.362 0.392 0.304 0.459 0.271 0.523 0.301 0.6 0.324 0.683 0.328 0.739 0.323 0.77 0.355 0.792 0.406 0.785 0.465 0.735 0.52 0.64 0.558 0.527 0.573
0 0.98 0.0 0.987 0.051 0.976 0.111 0.917 0.214 0.855 0.273 0.805 0.301 0.755 0.32 0.686 0.329 0.599 0.325 0.526 0.303 0.453 0.264 0.404 0.222 0.368 0.167 0.349 0.104 0.353 0.047 0.377 0.0
0 0.343 0.996 0.047 0.994 0.027 0.972 0.005 0.918 0.008 0.882 0.025 0.836 0.138 0.872 0.199 0.882 0.245 0.882 0.334 0.854 0.369 0.837 0.411 0.801 0.425 0.801 0.492 0.854 0.481 0.938 0.435 0.994 0.343 0.996
0 0.874 0.999 0.487 0.999 0.47 0.957 0.485 0.92 0.491 0.855 0.597 0.886 0.667 0.882 0.718 0.861 0.804 0.796 0.863 0.851 0.883 0.891 0.888 0.955 0.874 0.999
0 0.625 0.886 0.564 0.877 0.495 0.852 0.452 0.827 0.417 0.794 0.453 0.74 0.475 0.685 0.478 0.575 0.555 0.573 0.648 0.558 0.699 0.557 0.76 0.578 0.814 0.617 0.842 0.67 0.841 0.717 0.82 0.773 0.773 0.819 0.691 0.874 0.625 0.886
0 0.859 0.536 0.74 0.522 0.784 0.465 0.792 0.436 0.774 0.365 0.741 0.323 0.796 0.306 0.889 0.317 0.992 0.305 0.997 0.498 0.936 0.524 0.859 0.536
0 0.85 0.694 0.832 0.641 0.8 0.604 0.732 0.566 0.661 0.553 0.735 0.521 0.825 0.533 0.848 0.547 0.871 0.575 0.885 0.61 0.872 0.665 0.85 0.694
0 0.887 0.884 0.805 0.795 0.823 0.77 0.848 0.697 0.876 0.657 0.961 0.689 0.994 0.722 0.997 0.74 0.992 0.826 0.955 0.864 0.887 0.88
