0 0.669 0.685 0.641 0.683 0.623 0.671 0.608 0.655 0.599 0.641 0.595 0.628 0.589 0.594 0.588 0.572 0.588 0.548 0.599 0.522 0.613 0.514 0.621 0.506 0.626 0.495 0.638 0.484 0.649 0.479 0.662 0.477 0.672 0.478 0.703 0.487 0.717 0.496 0.725 0.506 0.731 0.528 0.734 0.577 0.733 0.594 0.727 0.606 0.733 0.618 0.738 0.64 0.738 0.649 0.735 0.657 0.719 0.671 0.692 0.682 0.669 0.685
0 0.532 0.757 0.504 0.754 0.487 0.745 0.471 0.729 0.463 0.716 0.459 0.703 0.458 0.694 0.462 0.678 0.446 0.671 0.441 0.662 0.439 0.652 0.442 0.626 0.453 0.594 0.46 0.584 0.485 0.561 0.499 0.543 0.508 0.539 0.523 0.541 0.528 0.547 0.533 0.559 0.543 0.565 0.543 0.543 0.536 0.529 0.527 0.523 0.525 0.518 0.527 0.513 0.531 0.511 0.537 0.515 0.547 0.534 0.555 0.557 0.555 0.576 0.563 0.586 0.584 0.625 0.593 0.646 0.594 0.654 0.593 0.675 0.578 0.714 0.556 0.744 0.541 0.754 0.532 0.757
0 0.711 0.49 0.693 0.482 0.666 0.476 0.648 0.478 0.629 0.49 0.626 0.488 0.624 0.469 0.624 0.443 0.619 0.436 0.619 0.431 0.614 0.423 0.593 0.395 0.593 0.37 0.596 0.358 0.602 0.348 0.622 0.329 0.636 0.324 0.645 0.31 0.657 0.304 0.678 0.304 0.686 0.309 0.691 0.317 0.705 0.316 0.722 0.327 0.731 0.342 0.737 0.365 0.737 0.39 0.722 0.463 0.718 0.476 0.711 0.49
0 0.62 0.331 0.616 0.331 0.629 0.307 0.638 0.264 0.636 0.234 0.631 0.21 0.624 0.193 0.612 0.18 0.617 0.155 0.621 0.146 0.636 0.127 0.644 0.122 0.656 0.119 0.666 0.121 0.675 0.13 0.685 0.12 0.698 0.118 0.706 0.121 0.723 0.134 0.731 0.146 0.732 0.165 0.74 0.174 0.744 0.184 0.746 0.211 0.745 0.229 0.741 0.247 0.728 0.274 0.711 0.299 0.695 0.317 0.69 0.318 0.686 0.31 0.679 0.305 0.658 0.304 0.645 0.311 0.637 0.325 0.628 0.326 0.62 0.331
0 0.531 0.38 0.512 0.378 0.507 0.372 0.505 0.371 0.509 0.369 0.504 0.365 0.495 0.373 0.492 0.357 0.492 0.328 0.489 0.303 0.481 0.279 0.465 0.256 0.464 0.245 0.467 0.222 0.48 0.189 0.509 0.154 0.525 0.146 0.537 0.145 0.55 0.149 0.568 0.162 0.588 0.164 0.606 0.175 0.621 0.188 0.628 0.2 0.633 0.219 0.637 0.243 0.638 0.262 0.634 0.287 0.628 0.309 0.622 0.322 0.612 0.336 0.602 0.345 0.585 0.349 0.564 0.368 0.545 0.371 0.531 0.38
0 0.302 0.877 0.259 0.874 0.244 0.866 0.226 0.85 0.217 0.837 0.212 0.823 0.188 0.806 0.174 0.788 0.159 0.755 0.151 0.72 0.152 0.686 0.16 0.663 0.203 0.624 0.211 0.598 0.221 0.584 0.245 0.569 0.262 0.563 0.28 0.564 0.303 0.574 0.324 0.589 0.339 0.607 0.36 0.618 0.381 0.645 0.393 0.675 0.397 0.69 0.398 0.743 0.392 0.767 0.383 0.79 0.375 0.803 0.352 0.821 0.342 0.846 0.334 0.859 0.32 0.87 0.302 0.877
0 0.397 0.657 0.386 0.656 0.372 0.629 0.353 0.612 0.336 0.604 0.32 0.584 0.32 0.576 0.331 0.541 0.342 0.525 0.343 0.52 0.339 0.513 0.348 0.507 0.359 0.485 0.371 0.469 0.378 0.461 0.396 0.449 0.412 0.448 0.432 0.454 0.449 0.464 0.469 0.486 0.482 0.515 0.484 0.528 0.484 0.544 0.483 0.555 0.479 0.565 0.467 0.579 0.46 0.583 0.45 0.595 0.443 0.597 0.445 0.612 0.443 0.62 0.428 0.645 0.415 0.654 0.397 0.657
0 0.302 0.57 0.275 0.562 0.248 0.565 0.241 0.568 0.238 0.56 0.233 0.556 0.217 0.557 0.208 0.553 0.2 0.547 0.19 0.533 0.176 0.492 0.177 0.465 0.189 0.425 0.196 0.408 0.212 0.387 0.222 0.366 0.248 0.332 0.257 0.322 0.27 0.316 0.292 0.316 0.308 0.321 0.32 0.329 0.332 0.342 0.347 0.38 0.354 0.428 0.362 0.456 0.363 0.479 0.351 0.505 0.339 0.514 0.339 0.518 0.342 0.524 0.334 0.535 0.322 0.562 0.302 0.57
0 0.565 0.571 0.555 0.57 0.555 0.558 0.552 0.544 0.536 0.515 0.529 0.512 0.526 0.518 0.528 0.523 0.536 0.529 0.543 0.543 0.542 0.566 0.533 0.56 0.527 0.546 0.523 0.542 0.507 0.539 0.498 0.542 0.473 0.49 0.47 0.48 0.47 0.468 0.476 0.448 0.478 0.432 0.482 0.424 0.501 0.401 0.496 0.388 0.495 0.377 0.499 0.372 0.503 0.375 0.507 0.394 0.518 0.388 0.529 0.388 0.535 0.378 0.547 0.371 0.556 0.37 0.567 0.375 0.605 0.413 0.619 0.445 0.625 0.482 0.623 0.502 0.612 0.516 0.6 0.517 0.595 0.53 0.585 0.544 0.58 0.559 0.572 0.567 0.565 0.571
0 0.465 0.25 0.459 0.249 0.443 0.239 0.434 0.236 0.419 0.237 0.401 0.245 0.396 0.223 0.388 0.205 0.349 0.157 0.351 0.13 0.36 0.109 0.367 0.1 0.384 0.088 0.401 0.087 0.41 0.073 0.421 0.063 0.433 0.056 0.448 0.052 0.463 0.057 0.476 0.073 0.488 0.1 0.495 0.133 0.495 0.17 0.479 0.192 0.469 0.214 0.465 0.228 0.465 0.25
0 0.335 0.347 0.327 0.335 0.318 0.326 0.303 0.318 0.291 0.315 0.269 0.315 0.252 0.326 0.241 0.341 0.237 0.335 0.225 0.284 0.225 0.231 0.248 0.182 0.258 0.167 0.277 0.159 0.293 0.164 0.299 0.153 0.31 0.146 0.335 0.146 0.346 0.152 0.358 0.162 0.367 0.18 0.378 0.191 0.394 0.218 0.4 0.238 0.399 0.248 0.391 0.263 0.377 0.26 0.362 0.27 0.352 0.298 0.35 0.344 0.343 0.343 0.341 0.346 0.335 0.347
0 0.454 0.466 0.418 0.448 0.403 0.447 0.388 0.454 0.378 0.448 0.363 0.416 0.359 0.39 0.351 0.375 0.35 0.35 0.348 0.343 0.35 0.331 0.35 0.307 0.36 0.275 0.365 0.267 0.373 0.261 0.382 0.26 0.391 0.262 0.399 0.248 0.414 0.238 0.438 0.238 0.454 0.246 0.469 0.262 0.481 0.279 0.491 0.311 0.492 0.359 0.495 0.385 0.494 0.406 0.475 0.431 0.462 0.459 0.454 0.46
