0 0.384 0.647 0.368 0.646 0.348 0.639 0.333 0.631 0.31 0.612 0.294 0.572 0.269 0.535 0.263 0.513 0.259 0.476 0.261 0.446 0.266 0.426 0.277 0.398 0.291 0.375 0.304 0.361 0.318 0.352 0.338 0.343 0.36 0.331 0.378 0.326 0.393 0.326 0.417 0.334 0.436 0.349 0.449 0.364 0.461 0.384 0.471 0.41 0.477 0.439 0.478 0.459 0.478 0.504 0.475 0.54 0.469 0.566 0.461 0.585 0.446 0.61 0.431 0.626 0.384 0.647
0 0.756 0.732 0.737 0.73 0.714 0.72 0.703 0.71 0.683 0.687 0.671 0.667 0.66 0.643 0.649 0.605 0.643 0.573 0.641 0.55 0.641 0.521 0.646 0.496 0.655 0.471 0.665 0.453 0.685 0.431 0.698 0.422 0.713 0.417 0.739 0.414 0.766 0.419 0.794 0.435 0.821 0.458 0.844 0.484 0.864 0.515 0.876 0.544 0.883 0.574 0.883 0.597 0.88 0.614 0.874 0.633 0.864 0.647 0.837 0.672 0.819 0.697 0.798 0.717 0.778 0.727 0.756 0.732
0 0.44 0.925 0.414 0.923 0.391 0.914 0.37 0.898 0.354 0.877 0.352 0.872 0.348 0.806 0.343 0.782 0.335 0.757 0.358 0.683 0.374 0.658 0.388 0.645 0.421 0.629 0.44 0.624 0.452 0.624 0.474 0.628 0.499 0.638 0.521 0.652 0.541 0.671 0.556 0.696 0.566 0.722 0.571 0.747 0.572 0.78 0.568 0.806 0.561 0.828 0.547 0.856 0.532 0.878 0.509 0.899 0.482 0.916 0.44 0.925
0 0.142 0.758 0.124 0.756 0.106 0.75 0.088 0.74 0.07 0.723 0.061 0.706 0.045 0.662 0.042 0.645 0.042 0.627 0.048 0.557 0.055 0.532 0.066 0.512 0.081 0.494 0.105 0.473 0.128 0.467 0.151 0.465 0.189 0.477 0.194 0.483 0.236 0.508 0.264 0.531 0.295 0.572 0.318 0.629 0.319 0.637 0.299 0.671 0.27 0.708 0.222 0.711 0.203 0.715 0.171 0.731 0.142 0.758
0 0.068 0.507 0.05 0.49 0.039 0.47 0.032 0.463 0.02 0.435 0.016 0.414 0.017 0.381 0.024 0.352 0.033 0.333 0.049 0.313 0.073 0.297 0.106 0.283 0.127 0.279 0.157 0.279 0.179 0.285 0.201 0.298 0.224 0.319 0.24 0.342 0.25 0.367 0.255 0.4 0.255 0.417 0.252 0.445 0.246 0.473 0.231 0.499 0.225 0.5 0.192 0.481 0.189 0.477 0.173 0.471 0.135 0.467 0.116 0.47 0.103 0.476 0.068 0.507
0 0.623 0.508 0.601 0.506 0.581 0.499 0.562 0.487 0.546 0.472 0.535 0.46 0.522 0.44 0.515 0.42 0.513 0.401 0.513 0.378 0.519 0.353 0.529 0.327 0.547 0.296 0.569 0.27 0.586 0.257 0.6 0.249 0.618 0.244 0.659 0.249 0.666 0.255 0.679 0.274 0.689 0.294 0.697 0.323 0.699 0.349 0.698 0.381 0.694 0.408 0.688 0.428 0.664 0.455 0.654 0.475 0.646 0.498 0.636 0.504 0.623 0.508
0 0.832 0.443 0.816 0.443 0.8 0.439 0.77 0.42 0.759 0.408 0.744 0.386 0.73 0.358 0.722 0.331 0.719 0.302 0.719 0.288 0.726 0.26 0.734 0.243 0.746 0.225 0.761 0.21 0.783 0.193 0.803 0.184 0.819 0.18 0.849 0.181 0.867 0.185 0.878 0.189 0.9 0.208 0.912 0.224 0.926 0.251 0.932 0.273 0.935 0.302 0.935 0.319 0.929 0.344 0.911 0.383 0.899 0.399 0.887 0.415 0.874 0.425 0.85 0.437 0.832 0.443
0 0.471 0.0 0.47 0.03 0.467 0.044 0.457 0.057 0.456 0.077 0.444 0.104 0.427 0.128 0.406 0.149 0.394 0.157 0.372 0.162 0.348 0.158 0.327 0.149 0.304 0.133 0.291 0.119 0.276 0.097 0.263 0.07 0.249 0.03 0.244 0.0
0 0.342 1.0 0.124 1.0 0.114 0.976 0.105 0.942 0.097 0.899 0.097 0.857 0.102 0.834 0.109 0.812 0.133 0.771 0.147 0.752 0.17 0.731 0.198 0.716 0.224 0.709 0.27 0.708 0.29 0.712 0.31 0.724 0.323 0.739 0.335 0.76 0.343 0.783 0.348 0.81 0.351 0.847 0.351 0.916 0.354 0.934 0.354 0.952 0.35 0.971 0.342 0.993 0.342 1.0
0 0.7 0.984 0.677 0.984 0.649 0.977 0.621 0.961 0.605 0.943 0.587 0.895 0.586 0.867 0.59 0.8 0.596 0.771 0.605 0.752 0.616 0.738 0.635 0.723 0.649 0.717 0.676 0.712 0.701 0.714 0.733 0.727 0.759 0.73 0.769 0.736 0.791 0.753 0.809 0.776 0.824 0.803 0.834 0.833 0.836 0.862 0.832 0.891 0.822 0.924 0.809 0.946 0.795 0.957 0.765 0.973 0.736 0.98 0.7 0.984
0 0.453 0.327 0.435 0.325 0.417 0.314 0.401 0.297 0.391 0.279 0.382 0.254 0.378 0.238 0.378 0.218 0.382 0.173 0.385 0.161 0.401 0.155 0.413 0.145 0.425 0.132 0.438 0.114 0.455 0.077 0.459 0.049 0.47 0.046 0.489 0.048 0.504 0.054 0.523 0.07 0.548 0.105 0.555 0.119 0.561 0.137 0.565 0.157 0.565 0.19 0.563 0.218 0.557 0.244 0.547 0.266 0.528 0.294 0.514 0.31 0.501 0.32 0.49 0.324 0.453 0.327
0 0.576 0.715 0.564 0.715 0.547 0.68 0.526 0.657 0.5 0.639 0.464 0.626 0.46 0.614 0.464 0.578 0.472 0.552 0.477 0.525 0.484 0.513 0.496 0.5 0.521 0.484 0.539 0.48 0.555 0.481 0.58 0.499 0.618 0.512 0.633 0.527 0.641 0.537 0.644 0.582 0.66 0.642 0.657 0.652 0.643 0.68 0.625 0.699 0.599 0.712 0.576 0.715
0 0.295 0.323 0.278 0.32 0.254 0.308 0.242 0.299 0.218 0.275 0.201 0.263 0.19 0.246 0.181 0.221 0.182 0.192 0.184 0.178 0.189 0.161 0.2 0.141 0.223 0.106 0.229 0.106 0.233 0.097 0.245 0.086 0.256 0.081 0.259 0.082 0.263 0.078 0.288 0.117 0.314 0.142 0.35 0.16 0.377 0.163 0.376 0.184 0.367 0.239 0.361 0.265 0.352 0.286 0.34 0.303 0.33 0.313 0.315 0.32 0.295 0.323
0 0.713 0.0 0.708 0.031 0.703 0.053 0.696 0.071 0.683 0.094 0.674 0.104 0.66 0.113 0.644 0.119 0.628 0.122 0.574 0.12 0.559 0.114 0.547 0.104 0.535 0.089 0.52 0.062 0.512 0.035 0.509 0.0
0 0.971 0.971 0.949 0.967 0.911 0.948 0.857 0.895 0.836 0.867 0.833 0.832 0.823 0.803 0.809 0.776 0.81 0.757 0.814 0.727 0.823 0.707 0.838 0.688 0.854 0.674 0.868 0.667 0.877 0.667 0.893 0.674 0.915 0.681 0.942 0.682 0.967 0.679 1.0 0.691 1.0 0.954 0.982 0.968 0.971 0.971
0 0.715 0.334 0.699 0.333 0.687 0.289 0.678 0.274 0.66 0.25 0.628 0.245 0.606 0.247 0.586 0.256 0.56 0.278 0.557 0.262 0.556 0.247 0.563 0.222 0.566 0.189 0.574 0.163 0.576 0.133 0.578 0.125 0.584 0.122 0.627 0.122 0.646 0.118 0.671 0.106 0.685 0.092 0.734 0.135 0.741 0.143 0.749 0.16 0.754 0.181 0.756 0.213 0.735 0.241 0.724 0.267 0.718 0.295 0.719 0.329 0.715 0.334
0 0.94 0.683 0.917 0.682 0.901 0.678 0.88 0.668 0.862 0.653 0.874 0.633 0.881 0.613 0.883 0.589 0.881 0.56 0.874 0.537 0.863 0.513 0.852 0.494 0.834 0.471 0.85 0.446 0.861 0.436 0.879 0.425 0.906 0.415 0.924 0.413 0.921 0.411 0.922 0.41 0.922 0.406 0.934 0.406 0.937 0.409 0.943 0.406 0.961 0.406 0.979 0.41 1.0 0.419 1.0 0.658 0.994 0.666 0.98 0.674 0.961 0.681 0.94 0.683
0 0.0 0.9 0.0 0.873 0.011 0.869 0.042 0.866 0.075 0.872 0.094 0.878 0.104 0.938 0.113 0.973 0.124 0.998 0.001 0.999 0.0 0.971
0 0.612 0.999 0.417 0.998 0.414 0.995 0.415 0.986 0.413 0.972 0.414 0.961 0.418 0.942 0.418 0.928 0.419 0.925 0.461 0.922 0.495 0.908 0.52 0.89 0.532 0.878 0.546 0.858 0.55 0.859 0.563 0.867 0.577 0.883 0.59 0.906 0.604 0.942 0.612 0.953 0.612 0.999
0 0.905 0.0 0.912 0.011 0.917 0.025 0.92 0.043 0.919 0.062 0.915 0.081 0.906 0.1 0.897 0.131 0.876 0.17 0.866 0.183 0.838 0.18 0.812 0.181 0.792 0.188 0.776 0.197 0.767 0.19 0.754 0.176 0.741 0.143 0.718 0.12 0.713 0.105 0.71 0.082 0.711 0.061 0.718 0.023 0.725 0.0
0 0.05 0.0 0.092 0.033 0.126 0.052 0.149 0.077 0.16 0.093 0.171 0.113 0.18 0.145 0.181 0.166 0.178 0.199 0.172 0.223 0.163 0.244 0.148 0.263 0.13 0.277 0.106 0.283 0.086 0.291 0.069 0.293 0.048 0.291 0.03 0.287 0.0 0.274
0 0.874 0.429 0.869 0.429 0.879 0.424 0.893 0.409 0.907 0.388 0.922 0.36 0.932 0.332 0.934 0.3 0.933 0.281 0.928 0.259 0.913 0.226 0.891 0.2 0.865 0.184 0.887 0.153 0.893 0.15 0.922 0.143 0.95 0.148 0.972 0.174 0.994 0.191 1.0 0.2 1.0 0.308 0.992 0.332 0.981 0.358 0.967 0.382 0.951 0.4 0.934 0.414 0.904 0.417 0.874 0.429
0 0.267 0.533 0.26 0.527 0.255 0.525 0.246 0.5 0.242 0.482 0.246 0.476 0.244 0.471 0.248 0.457 0.252 0.453 0.25 0.438 0.253 0.434 0.253 0.425 0.255 0.419 0.25 0.372 0.24 0.342 0.251 0.326 0.265 0.317 0.289 0.323 0.313 0.319 0.329 0.313 0.342 0.318 0.356 0.332 0.337 0.344 0.315 0.354 0.298 0.367 0.279 0.394 0.263 0.431 0.26 0.449 0.26 0.493 0.265 0.522 0.267 0.523 0.267 0.533
0 0.096 0.882 0.076 0.875 0.073 0.871 0.042 0.866 0.029 0.866 0.021 0.854 0.011 0.827 0.007 0.796 0.008 0.768 0.011 0.757 0.033 0.732 0.051 0.705 0.059 0.706 0.068 0.715 0.069 0.72 0.093 0.745 0.095 0.744 0.122 0.757 0.144 0.757 0.137 0.77 0.131 0.774 0.106 0.82 0.103 0.83 0.105 0.832 0.1 0.842 0.099 0.857 0.094 0.87 0.097 0.872 0.096 0.882
0 0.0 0.491 0.025 0.503 0.042 0.518 0.054 0.534 0.047 0.563 0.042 0.636 0.045 0.659 0.055 0.689 0.05 0.708 0.038 0.727 0.019 0.748 0.0 0.761
0 0.211 0.0 0.199 0.016 0.18 0.032 0.163 0.043 0.146 0.048 0.1 0.041 0.079 0.026 0.05 0.0
0 0.335 0.756 0.32 0.734 0.309 0.723 0.29 0.712 0.28 0.708 0.276 0.711 0.273 0.708 0.276 0.698 0.279 0.697 0.279 0.694 0.292 0.678 0.318 0.637 0.317 0.629 0.311 0.614 0.31 0.607 0.324 0.622 0.34 0.633 0.363 0.643 0.387 0.645 0.372 0.66 0.357 0.683 0.335 0.756
0 0.476 0.526 0.478 0.499 0.478 0.453 0.471 0.411 0.463 0.39 0.455 0.373 0.428 0.341 0.445 0.33 0.493 0.326 0.508 0.332 0.522 0.343 0.513 0.384 0.513 0.399 0.516 0.421 0.52 0.436 0.528 0.45 0.552 0.479 0.529 0.481 0.506 0.491 0.488 0.507 0.476 0.526
0 0.0 0.281 0.001 0.273 0.019 0.282 0.056 0.291 0.057 0.294 0.056 0.307 0.045 0.318 0.031 0.337 0.025 0.351 0.018 0.375 0.016 0.397 0.016 0.416 0.018 0.429 0.026 0.454 0.012 0.461 0.0 0.462
0 0.237 0.0 0.245 0.012 0.263 0.073 0.26 0.077 0.245 0.083 0.22 0.109 0.194 0.152 0.187 0.167 0.183 0.185 0.18 0.185 0.181 0.15 0.177 0.129 0.171 0.113 0.16 0.091 0.149 0.076 0.12 0.046 0.149 0.048 0.164 0.044 0.187 0.027 0.211 0.0
0 0.229 0.32 0.202 0.298 0.18 0.286 0.159 0.279 0.133 0.278 0.134 0.274 0.149 0.262 0.167 0.235 0.178 0.198 0.181 0.179 0.184 0.179 0.182 0.193 0.182 0.22 0.188 0.24 0.2 0.26 0.219 0.275 0.236 0.3 0.229 0.32
0 0.935 1.0 0.716 1.0 0.716 0.984 0.755 0.978 0.77 0.972 0.79 0.961 0.809 0.946 0.82 0.927 0.828 0.903 0.835 0.873 0.838 0.873 0.855 0.894 0.906 0.945 0.921 0.968 0.935 1.0
0 1.0 0.192 0.979 0.182 0.964 0.167 0.955 0.154 0.949 0.132 0.951 0.107 0.962 0.07 0.977 0.04 0.999 0.007 1.0 0.192
0 0.0 0.46 0.008 0.46 0.026 0.453 0.045 0.483 0.069 0.51 0.054 0.532 0.02 0.497 0.004 0.492 0.001 0.487 0.0 0.49
0 0.523 0.343 0.504 0.33 0.488 0.325 0.5 0.32 0.515 0.309 0.53 0.292 0.549 0.263 0.552 0.263 0.555 0.284 0.535 0.316 0.523 0.343
0 0.691 0.426 0.689 0.424 0.695 0.398 0.698 0.372 0.699 0.344 0.705 0.341 0.724 0.343 0.729 0.356 0.744 0.387 0.758 0.407 0.769 0.419 0.751 0.415 0.733 0.413 0.707 0.419 0.691 0.426
0 0.587 0.898 0.569 0.872 0.558 0.863 0.547 0.858 0.564 0.822 0.571 0.788 0.572 0.752 0.564 0.714 0.597 0.711 0.627 0.698 0.629 0.727 0.616 0.738 0.607 0.749 0.6 0.763 0.593 0.784 0.59 0.805 0.589 0.833 0.586 0.865 0.587 0.89
