0 0.0 0.662 0.016 0.663 0.057 0.672 0.092 0.686 0.114 0.701 0.128 0.718 0.142 0.745 0.15 0.768 0.154 0.804 0.154 0.816 0.152 0.825 0.134 0.859 0.121 0.899 0.112 0.915 0.095 0.931 0.069 0.95 0.035 0.968 0.0 0.977
0 0.36 0.999 0.12 0.998 0.115 0.97 0.115 0.914 0.135 0.857 0.152 0.826 0.163 0.811 0.184 0.791 0.207 0.774 0.234 0.76 0.258 0.752 0.266 0.743 0.271 0.732 0.281 0.718 0.28 0.76 0.281 0.776 0.285 0.793 0.296 0.818 0.309 0.842 0.324 0.857 0.339 0.871 0.36 0.88 0.366 0.889 0.37 0.909 0.372 0.948 0.367 0.985 0.364 0.998 0.36 0.999
0 0.52 0.0 0.535 0.026 0.543 0.046 0.552 0.09 0.554 0.136 0.551 0.164 0.546 0.19 0.538 0.207 0.517 0.223 0.504 0.238 0.483 0.268 0.47 0.291 0.452 0.306 0.43 0.311 0.409 0.311 0.388 0.307 0.372 0.301 0.349 0.29 0.315 0.264 0.286 0.233 0.265 0.206 0.252 0.184 0.241 0.161 0.225 0.111 0.221 0.087 0.218 0.05 0.218 0.0
0 0.615 0.0 0.612 0.009 0.636 0.026 0.651 0.044 0.666 0.074 0.671 0.09 0.676 0.126 0.675 0.164 0.669 0.19 0.662 0.202 0.615 0.191 0.575 0.19 0.571 0.192 0.566 0.188 0.559 0.178 0.554 0.176 0.55 0.177 0.554 0.128 0.553 0.092 0.543 0.045 0.535 0.021 0.543 0.01 0.563 0.0
0 0.563 0.662 0.55 0.657 0.551 0.654 0.556 0.649 0.549 0.637 0.55 0.63 0.547 0.616 0.545 0.594 0.529 0.583 0.511 0.564 0.499 0.542 0.493 0.526 0.492 0.504 0.487 0.481 0.476 0.449 0.466 0.431 0.464 0.419 0.459 0.373 0.459 0.351 0.461 0.329 0.469 0.299 0.482 0.27 0.508 0.232 0.53 0.213 0.546 0.203 0.571 0.195 0.609 0.195 0.639 0.2 0.67 0.213 0.691 0.228 0.716 0.262 0.729 0.29 0.736 0.317 0.741 0.364 0.742 0.406 0.739 0.434 0.725 0.481 0.707 0.52 0.696 0.537 0.679 0.556 0.652 0.578 0.618 0.593 0.583 0.604 0.582 0.609 0.582 0.615 0.587 0.629 0.583 0.636 0.581 0.646 0.58 0.65 0.574 0.653 0.563 0.662
0 0.732 0.28 0.724 0.275 0.698 0.233 0.68 0.215 0.68 0.211 0.682 0.208 0.689 0.203 0.705 0.2 0.725 0.201 0.743 0.208 0.759 0.224 0.765 0.236 0.767 0.249 0.732 0.28
0 0.888 0.585 0.859 0.582 0.84 0.576 0.823 0.567 0.798 0.548 0.771 0.521 0.754 0.498 0.743 0.48 0.736 0.46 0.741 0.413 0.742 0.378 0.738 0.324 0.732 0.296 0.733 0.283 0.748 0.265 0.768 0.252 0.775 0.244 0.798 0.227 0.813 0.217 0.832 0.21 0.851 0.206 0.878 0.208 0.897 0.212 0.916 0.22 0.942 0.238 0.96 0.254 0.981 0.278 0.999 0.306 1.0 0.504 0.998 0.51 0.971 0.543 0.944 0.565 0.911 0.582 0.888 0.585
0 0.176 0.389 0.171 0.387 0.153 0.368 0.14 0.351 0.132 0.335 0.127 0.317 0.124 0.302 0.127 0.261 0.134 0.231 0.149 0.199 0.171 0.169 0.201 0.134 0.218 0.118 0.225 0.116 0.239 0.155 0.252 0.184 0.272 0.216 0.308 0.26 0.31 0.266 0.31 0.276 0.307 0.288 0.302 0.295 0.294 0.298 0.296 0.306 0.3 0.312 0.288 0.315 0.284 0.322 0.284 0.334 0.269 0.325 0.251 0.305 0.246 0.303 0.233 0.304 0.221 0.332 0.191 0.362 0.181 0.383 0.176 0.389
0 0.374 0.669 0.347 0.664 0.332 0.656 0.318 0.642 0.301 0.617 0.286 0.589 0.275 0.556 0.274 0.538 0.27 0.54 0.267 0.539 0.268 0.525 0.272 0.515 0.276 0.49 0.274 0.486 0.277 0.482 0.282 0.455 0.293 0.433 0.304 0.422 0.304 0.419 0.303 0.398 0.306 0.378 0.302 0.363 0.299 0.359 0.298 0.35 0.306 0.342 0.297 0.335 0.286 0.336 0.284 0.327 0.288 0.316 0.306 0.315 0.303 0.31 0.295 0.304 0.295 0.3 0.298 0.297 0.308 0.301 0.316 0.31 0.324 0.342 0.323 0.349 0.326 0.349 0.328 0.346 0.333 0.345 0.337 0.353 0.335 0.362 0.326 0.373 0.328 0.38 0.326 0.383 0.325 0.39 0.325 0.392 0.331 0.393 0.332 0.396 0.326 0.404 0.325 0.409 0.331 0.407 0.347 0.394 0.36 0.388 0.378 0.385 0.402 0.386 0.42 0.391 0.433 0.397 0.448 0.408 0.465 0.428 0.475 0.445 0.486 0.473 0.493 0.511 0.492 0.536 0.479 0.572 0.499 0.592 0.522 0.609 0.525 0.614 0.53 0.614 0.547 0.626 0.55 0.631 0.549 0.635 0.552 0.643 0.556 0.647 0.55 0.656 0.554 0.66 0.55 0.662 0.532 0.65 0.524 0.648 0.518 0.642 0.511 0.642 0.486 0.629 0.474 0.625 0.45 0.612 0.429 0.638 0.41 0.655 0.396 0.663 0.374 0.669
0 0.74 0.778 0.719 0.776 0.713 0.773 0.702 0.739 0.685 0.722 0.659 0.701 0.645 0.693 0.641 0.688 0.643 0.627 0.649 0.597 0.655 0.579 0.697 0.535 0.723 0.527 0.742 0.527 0.763 0.53 0.78 0.538 0.793 0.548 0.816 0.579 0.839 0.632 0.846 0.641 0.858 0.639 0.862 0.641 0.865 0.645 0.864 0.648 0.869 0.656 0.871 0.662 0.87 0.667 0.859 0.676 0.844 0.684 0.831 0.704 0.817 0.734 0.8 0.754 0.787 0.764 0.77 0.772 0.74 0.778
0 0.671 1.0 0.461 1.0 0.456 0.973 0.454 0.953 0.454 0.922 0.456 0.903 0.461 0.876 0.467 0.854 0.477 0.827 0.485 0.811 0.506 0.783 0.528 0.765 0.549 0.757 0.567 0.756 0.579 0.752 0.59 0.74 0.591 0.736 0.597 0.735 0.604 0.726 0.615 0.735 0.622 0.743 0.632 0.773 0.647 0.788 0.659 0.807 0.668 0.829 0.676 0.859 0.68 0.905 0.68 0.938 0.678 0.965 0.671 1.0
0 0.851 1.0 0.67 0.999 0.677 0.968 0.679 0.945 0.679 0.881 0.68 0.876 0.694 0.863 0.714 0.851 0.715 0.854 0.714 0.87 0.713 0.876 0.71 0.88 0.714 0.886 0.718 0.886 0.72 0.882 0.723 0.852 0.726 0.847 0.761 0.845 0.778 0.848 0.789 0.853 0.822 0.894 0.838 0.923 0.845 0.94 0.85 0.965 0.852 0.995 0.852 0.998 0.851 1.0
0 0.0 0.586 0.007 0.585 0.022 0.578 0.053 0.568 0.07 0.549 0.096 0.533 0.13 0.526 0.166 0.525 0.169 0.527 0.18 0.547 0.19 0.561 0.208 0.578 0.225 0.587 0.253 0.591 0.275 0.598 0.286 0.632 0.297 0.649 0.297 0.675 0.29 0.687 0.276 0.721 0.26 0.747 0.254 0.748 0.247 0.755 0.231 0.761 0.191 0.785 0.181 0.786 0.17 0.781 0.157 0.77 0.146 0.755 0.137 0.734 0.128 0.719 0.116 0.703 0.103 0.693 0.077 0.678 0.068 0.669 0.056 0.65 0.051 0.636 0.048 0.621 0.046 0.618 0.041 0.615 0.021 0.615 0.003 0.617 0.0 0.61
