0 0.501 0.655 0.476 0.653 0.447 0.618 0.443 0.546 0.469 0.489 0.512 0.472 0.537 0.49 0.557 0.524 0.57 0.569 0.571 0.613 0.542 0.65 0.501 0.655
0 0.754 0.864 0.705 0.86 0.711 0.853 0.689 0.82 0.683 0.778 0.692 0.738 0.709 0.709 0.735 0.688 0.764 0.682 0.792 0.694 0.818 0.727 0.821 0.786 0.787 0.841 0.754 0.864
0 0.427 0.255 0.385 0.255 0.349 0.235 0.329 0.206 0.317 0.163 0.305 0.158 0.301 0.142 0.295 0.146 0.285 0.126 0.297 0.122 0.305 0.135 0.332 0.069 0.364 0.036 0.404 0.03 0.439 0.048 0.471 0.108 0.479 0.199 0.459 0.233 0.427 0.255
0 0.568 0.896 0.519 0.878 0.506 0.86 0.506 0.784 0.538 0.701 0.607 0.661 0.63 0.726 0.63 0.774 0.606 0.845 0.58 0.889 0.568 0.896
0 0.766 0.998 0.677 0.997 0.658 0.94 0.659 0.915 0.674 0.882 0.716 0.876 0.752 0.907 0.77 0.944 0.766 0.998
0 0.467 0.998 0.365 0.997 0.345 0.96 0.343 0.901 0.383 0.87 0.427 0.87 0.456 0.888 0.474 0.934 0.474 0.985 0.467 0.998
0 0.457 0.886 0.438 0.884 0.42 0.86 0.415 0.8 0.438 0.749 0.469 0.741 0.493 0.767 0.497 0.804 0.489 0.847 0.457 0.886
0 0.853 0.303 0.822 0.3 0.799 0.273 0.789 0.237 0.791 0.177 0.801 0.145 0.844 0.077 0.877 0.056 0.899 0.056 0.938 0.094 0.943 0.113 0.94 0.171 0.916 0.246 0.884 0.291 0.853 0.303
0 0.878 0.0 0.839 0.026 0.841 0.062 0.824 0.112 0.806 0.135 0.77 0.157 0.733 0.15 0.709 0.102 0.711 0.039 0.735 0.0
0 0.39 0.507 0.343 0.494 0.314 0.45 0.31 0.405 0.272 0.365 0.228 0.4 0.223 0.394 0.268 0.356 0.311 0.394 0.351 0.38 0.377 0.401 0.41 0.468 0.408 0.485 0.39 0.507
0 0.394 0.791 0.365 0.784 0.337 0.73 0.345 0.66 0.38 0.595 0.394 0.597 0.443 0.68 0.438 0.751 0.414 0.782 0.394 0.79
