0 0.426 0.86 0.416 0.858 0.4 0.849 0.386 0.834 0.372 0.823 0.365 0.813 0.361 0.799 0.359 0.784 0.361 0.724 0.372 0.692 0.387 0.672 0.399 0.665 0.416 0.664 0.446 0.674 0.45 0.671 0.456 0.656 0.458 0.655 0.461 0.66 0.452 0.679 0.475 0.686 0.484 0.693 0.49 0.701 0.499 0.727 0.5 0.752 0.49 0.791 0.478 0.814 0.452 0.846 0.441 0.854 0.426 0.86
0 0.274 0.67 0.264 0.67 0.252 0.664 0.235 0.652 0.22 0.635 0.202 0.605 0.196 0.586 0.194 0.571 0.196 0.549 0.202 0.532 0.214 0.511 0.219 0.511 0.244 0.492 0.265 0.484 0.278 0.485 0.29 0.489 0.302 0.496 0.314 0.509 0.332 0.54 0.341 0.567 0.345 0.588 0.344 0.601 0.341 0.61 0.321 0.641 0.293 0.664 0.274 0.67
0 0.59 0.936 0.569 0.936 0.562 0.933 0.549 0.925 0.535 0.91 0.529 0.901 0.523 0.885 0.514 0.837 0.516 0.794 0.528 0.756 0.538 0.74 0.548 0.73 0.569 0.721 0.579 0.721 0.591 0.726 0.634 0.757 0.647 0.777 0.655 0.806 0.656 0.828 0.654 0.854 0.642 0.89 0.619 0.918 0.6 0.932 0.59 0.936
0 0.702 0.77 0.69 0.77 0.68 0.766 0.643 0.744 0.629 0.728 0.615 0.698 0.611 0.68 0.61 0.658 0.613 0.632 0.625 0.612 0.648 0.594 0.661 0.588 0.677 0.586 0.693 0.587 0.711 0.592 0.722 0.6 0.735 0.614 0.747 0.634 0.754 0.65 0.759 0.683 0.751 0.717 0.74 0.741 0.73 0.755 0.716 0.766 0.702 0.77
0 0.833 0.662 0.804 0.654 0.783 0.639 0.768 0.621 0.757 0.589 0.755 0.574 0.755 0.558 0.764 0.518 0.776 0.496 0.784 0.488 0.794 0.483 0.807 0.482 0.825 0.488 0.823 0.483 0.829 0.48 0.834 0.491 0.858 0.498 0.881 0.511 0.892 0.525 0.898 0.541 0.901 0.561 0.9 0.578 0.895 0.595 0.886 0.621 0.875 0.635 0.857 0.653 0.844 0.66 0.833 0.662
0 0.637 0.402 0.614 0.4 0.606 0.393 0.598 0.383 0.59 0.364 0.586 0.348 0.583 0.328 0.584 0.309 0.588 0.294 0.593 0.286 0.616 0.264 0.641 0.253 0.663 0.252 0.672 0.256 0.682 0.267 0.695 0.299 0.698 0.327 0.696 0.363 0.69 0.38 0.677 0.393 0.656 0.4 0.637 0.402
0 0.58 0.584 0.567 0.582 0.553 0.57 0.538 0.562 0.531 0.555 0.525 0.542 0.521 0.527 0.521 0.5 0.525 0.46 0.531 0.441 0.539 0.425 0.552 0.408 0.563 0.399 0.573 0.396 0.588 0.398 0.615 0.41 0.623 0.402 0.626 0.405 0.627 0.41 0.62 0.414 0.641 0.443 0.648 0.458 0.65 0.472 0.648 0.498 0.637 0.527 0.616 0.558 0.596 0.577 0.58 0.584
0 0.456 0.576 0.421 0.568 0.41 0.562 0.4 0.553 0.392 0.536 0.387 0.5 0.389 0.461 0.397 0.442 0.403 0.434 0.418 0.422 0.441 0.414 0.462 0.415 0.478 0.425 0.493 0.447 0.503 0.471 0.507 0.489 0.505 0.52 0.497 0.538 0.477 0.566 0.467 0.572 0.456 0.576
0 0.214 0.386 0.2 0.382 0.179 0.382 0.162 0.37 0.145 0.344 0.135 0.309 0.136 0.279 0.144 0.257 0.152 0.246 0.162 0.24 0.191 0.24 0.183 0.226 0.184 0.223 0.189 0.221 0.191 0.222 0.197 0.24 0.223 0.246 0.245 0.256 0.255 0.269 0.264 0.296 0.265 0.314 0.264 0.328 0.259 0.347 0.252 0.363 0.244 0.374 0.232 0.384 0.214 0.386
0 0.38 0.398 0.368 0.397 0.352 0.392 0.323 0.365 0.319 0.356 0.317 0.345 0.317 0.29 0.323 0.255 0.328 0.243 0.34 0.228 0.356 0.218 0.379 0.218 0.41 0.233 0.436 0.235 0.435 0.241 0.428 0.238 0.421 0.241 0.438 0.261 0.447 0.287 0.445 0.319 0.442 0.331 0.434 0.349 0.408 0.381 0.392 0.393 0.38 0.398
0 0.464 0.233 0.448 0.231 0.432 0.225 0.42 0.216 0.409 0.203 0.402 0.186 0.399 0.163 0.41 0.12 0.391 0.107 0.392 0.102 0.395 0.1 0.412 0.115 0.42 0.099 0.429 0.086 0.446 0.072 0.454 0.07 0.472 0.073 0.491 0.086 0.5 0.097 0.509 0.114 0.515 0.136 0.512 0.163 0.496 0.213 0.484 0.226 0.464 0.23
