0 0.283 0.461 0.254 0.456 0.235 0.446 0.21 0.427 0.182 0.394 0.165 0.356 0.147 0.303 0.143 0.251 0.142 0.213 0.149 0.176 0.158 0.15 0.176 0.115 0.191 0.097 0.212 0.081 0.233 0.071 0.265 0.065 0.293 0.064 0.319 0.069 0.348 0.083 0.374 0.102 0.394 0.127 0.413 0.163 0.424 0.195 0.433 0.247 0.433 0.277 0.43 0.311 0.423 0.34 0.403 0.386 0.387 0.41 0.373 0.426 0.339 0.449 0.338 0.453 0.309 0.46 0.283 0.461
0 0.146 0.302 0.134 0.302 0.129 0.297 0.092 0.282 0.075 0.27 0.061 0.257 0.045 0.238 0.027 0.205 0.012 0.154 0.009 0.129 0.009 0.096 0.013 0.071 0.02 0.043 0.028 0.021 0.038 0.0 0.237 0.0 0.251 0.021 0.269 0.057 0.27 0.065 0.23 0.073 0.201 0.09 0.182 0.109 0.164 0.138 0.15 0.173 0.142 0.209 0.146 0.302
0 0.533 0.251 0.513 0.25 0.48 0.243 0.432 0.24 0.426 0.207 0.421 0.186 0.407 0.152 0.395 0.131 0.372 0.101 0.351 0.086 0.322 0.07 0.325 0.032 0.332 0.0 0.62 0.0 0.63 0.043 0.633 0.073 0.631 0.12 0.621 0.162 0.601 0.203 0.583 0.225 0.559 0.243 0.533 0.251
0 0.661 0.233 0.647 0.211 0.637 0.188 0.631 0.163 0.627 0.139 0.633 0.099 0.634 0.06 0.646 0.027 0.661 0.001 0.864 0.001 0.866 0.003 0.883 0.043 0.889 0.079 0.889 0.11 0.883 0.137 0.879 0.17 0.849 0.155 0.828 0.148 0.801 0.147 0.756 0.155 0.723 0.168 0.701 0.184 0.681 0.204 0.661 0.233
0 0.998 0.364 0.978 0.358 0.955 0.346 0.953 0.295 0.945 0.263 0.937 0.241 0.925 0.219 0.913 0.204 0.896 0.185 0.879 0.171 0.879 0.156 0.886 0.122 0.898 0.086 0.907 0.067 0.931 0.031 0.962 0.001 0.998 0.002 0.998 0.364
0 0.001 0.339 0.001 0.136 0.01 0.152 0.023 0.187 0.029 0.221 0.03 0.242 0.027 0.272 0.019 0.305 0.01 0.325 0.001 0.339
0 0.196 0.411 0.193 0.411 0.178 0.399 0.155 0.39 0.105 0.381 0.087 0.38 0.084 0.375 0.095 0.345 0.112 0.321 0.132 0.304 0.146 0.297 0.172 0.372 0.182 0.391 0.196 0.411
0 0.447 0.572 0.427 0.57 0.411 0.564 0.382 0.543 0.37 0.529 0.354 0.504 0.34 0.47 0.337 0.451 0.354 0.441 0.375 0.423 0.392 0.404 0.411 0.368 0.422 0.34 0.429 0.31 0.432 0.281 0.432 0.239 0.475 0.241 0.51 0.248 0.524 0.256 0.54 0.27 0.554 0.288 0.57 0.317 0.584 0.36 0.586 0.384 0.585 0.417 0.582 0.421 0.564 0.426 0.542 0.437 0.523 0.45 0.501 0.472 0.484 0.493 0.47 0.516 0.447 0.572
0 0.798 0.531 0.768 0.531 0.753 0.528 0.734 0.5 0.698 0.459 0.676 0.443 0.648 0.428 0.641 0.407 0.636 0.382 0.635 0.328 0.641 0.287 0.653 0.25 0.67 0.218 0.692 0.191 0.721 0.169 0.758 0.154 0.804 0.146 0.827 0.147 0.846 0.153 0.876 0.169 0.906 0.195 0.925 0.219 0.939 0.246 0.95 0.28 0.954 0.306 0.954 0.343 0.947 0.384 0.934 0.423 0.919 0.455 0.899 0.484 0.878 0.503 0.859 0.515 0.828 0.526 0.798 0.531
0 0.84 0.551 0.832 0.547 0.824 0.537 0.822 0.529 0.85 0.519 0.869 0.509 0.884 0.498 0.904 0.478 0.918 0.458 0.933 0.428 0.956 0.352 0.964 0.35 0.999 0.362 1.0 0.508 0.98 0.503 0.962 0.502 0.941 0.502 0.923 0.506 0.884 0.523 0.853 0.544 0.84 0.551
0 0.636 0.859 0.608 0.858 0.578 0.852 0.544 0.833 0.522 0.815 0.494 0.782 0.474 0.749 0.455 0.709 0.448 0.683 0.444 0.661 0.443 0.622 0.446 0.587 0.455 0.552 0.47 0.516 0.492 0.483 0.516 0.456 0.552 0.431 0.574 0.423 0.603 0.419 0.634 0.423 0.666 0.436 0.694 0.456 0.732 0.498 0.76 0.54 0.775 0.578 0.782 0.614 0.784 0.647 0.781 0.695 0.772 0.731 0.752 0.776 0.709 0.828 0.691 0.841 0.666 0.853 0.636 0.859
0 0.982 0.956 0.943 0.955 0.934 0.929 0.923 0.908 0.891 0.864 0.866 0.84 0.845 0.826 0.816 0.811 0.787 0.805 0.784 0.797 0.779 0.769 0.779 0.728 0.783 0.702 0.789 0.675 0.815 0.607 0.831 0.574 0.853 0.546 0.883 0.523 0.919 0.506 0.939 0.501 0.984 0.503 0.999 0.509 0.999 0.952 0.982 0.956
0 0.0 0.365 0.034 0.372 0.048 0.38 0.034 0.388 0.0 0.401
0 0.056 0.378 0.048 0.378 0.027 0.367 0.022 0.351 0.034 0.286 0.048 0.26 0.053 0.256 0.058 0.257 0.089 0.279 0.136 0.299 0.136 0.301 0.116 0.317 0.103 0.332 0.095 0.346 0.083 0.375 0.056 0.378
0 0.0 0.401 0.048 0.381 0.084 0.377 0.087 0.38 0.113 0.381 0.134 0.387 0.155 0.388 0.187 0.404 0.24 0.451 0.261 0.476 0.274 0.502 0.287 0.535 0.295 0.569 0.3 0.608 0.298 0.662 0.29 0.701 0.278 0.732 0.261 0.765 0.221 0.808 0.168 0.841 0.141 0.852 0.093 0.867 0.045 0.875 0.006 0.874 0.002 0.874 0.002 0.868 0.0 0.868
0 0.0 0.871 0.001 0.869 0.063 0.87 0.094 0.865 0.148 0.848 0.198 0.822 0.193 0.865 0.193 0.903 0.196 0.935 0.203 0.969 0.191 0.983 0.171 0.999 0.0 1.0
0 0.285 0.997 0.211 0.996 0.2 0.957 0.194 0.922 0.193 0.874 0.199 0.823 0.224 0.804 0.253 0.773 0.268 0.752 0.279 0.73 0.288 0.705 0.299 0.653 0.318 0.646 0.346 0.644 0.375 0.65 0.397 0.66 0.427 0.685 0.453 0.725 0.46 0.742 0.471 0.783 0.476 0.82 0.442 0.824 0.419 0.83 0.376 0.854 0.361 0.867 0.345 0.884 0.321 0.917 0.305 0.945 0.285 0.99
