0 0.979 0.999 0.843 0.999 0.841 0.97 0.829 0.917 0.795 0.83 0.755 0.778 0.719 0.747 0.747 0.725 0.808 0.699 0.833 0.681 0.862 0.676 0.919 0.676 0.961 0.69 0.996 0.712 0.999 0.966 0.979 0.999
0 0.475 0.999 0.347 0.999 0.329 0.949 0.297 0.884 0.268 0.841 0.232 0.8 0.231 0.777 0.277 0.767 0.311 0.748 0.362 0.679 0.409 0.694 0.442 0.717 0.479 0.758 0.505 0.823 0.501 0.946 0.494 0.97 0.475 0.999
0 0.509 0.773 0.487 0.769 0.453 0.726 0.419 0.697 0.364 0.676 0.375 0.639 0.378 0.584 0.367 0.519 0.344 0.468 0.372 0.418 0.432 0.366 0.482 0.36 0.521 0.369 0.551 0.398 0.578 0.446 0.574 0.532 0.583 0.57 0.585 0.632 0.577 0.696 0.566 0.727 0.542 0.758 0.509 0.773
0 0.996 0.695 0.919 0.676 0.869 0.636 0.884 0.579 0.885 0.56 0.864 0.463 0.847 0.43 0.832 0.412 0.853 0.376 0.894 0.372 0.944 0.356 0.999 0.305 0.996 0.695
0 0.548 0.376 0.487 0.361 0.425 0.369 0.447 0.33 0.461 0.27 0.465 0.229 0.46 0.115 0.476 0.102 0.519 0.087 0.577 0.096 0.624 0.133 0.623 0.194 0.639 0.25 0.657 0.285 0.612 0.353 0.588 0.368 0.548 0.376
0 0.72 0.0 0.704 0.012 0.693 0.005 0.682 0.015 0.678 0.029 0.643 0.075 0.624 0.132 0.59 0.104 0.562 0.091 0.52 0.087 0.459 0.112 0.445 0.069 0.424 0.048 0.42 0.016 0.424 0.0
0 0.424 0.0 0.424 0.05 0.41 0.031 0.392 0.032 0.371 0.02 0.337 0.022 0.302 0.049 0.299 0.044 0.322 0.0
0 0.318 0.445 0.269 0.42 0.204 0.415 0.204 0.402 0.23 0.361 0.236 0.334 0.235 0.322 0.253 0.31 0.256 0.298 0.252 0.284 0.236 0.276 0.239 0.255 0.235 0.227 0.203 0.177 0.226 0.134 0.308 0.038 0.336 0.02 0.376 0.017 0.391 0.028 0.409 0.032 0.44 0.063 0.455 0.092 0.462 0.134 0.462 0.265 0.447 0.33 0.421 0.374 0.388 0.409 0.355 0.431 0.318 0.445
0 0.944 0.0 0.936 0.024 0.908 0.052 0.853 0.012 0.82 0.0
0 0.802 0.0 0.859 0.016 0.91 0.05 0.955 0.097 0.999 0.164 0.999 0.304 0.946 0.358 0.873 0.377 0.79 0.371 0.731 0.359 0.68 0.32 0.647 0.276 0.618 0.198 0.618 0.144 0.628 0.114 0.645 0.07 0.688 0.009 0.695 0.004 0.703 0.012 0.738 0.0
0 0.753 0.717 0.718 0.713 0.663 0.693 0.621 0.656 0.598 0.617 0.573 0.54 0.573 0.477 0.584 0.431 0.621 0.388 0.659 0.369 0.696 0.36 0.749 0.362 0.816 0.39 0.848 0.43 0.863 0.459 0.885 0.562 0.883 0.584 0.866 0.64 0.846 0.67 0.813 0.698 0.788 0.71 0.753 0.717
0 0.843 0.999 0.518 0.999 0.507 0.975 0.5 0.93 0.503 0.857 0.51 0.823 0.52 0.797 0.549 0.756 0.592 0.731 0.648 0.72 0.7 0.736 0.754 0.776 0.797 0.825 0.837 0.94 0.843 0.999
0 0.0 0.145 0.038 0.127 0.079 0.12 0.122 0.125 0.17 0.147 0.223 0.202 0.237 0.231 0.24 0.257 0.236 0.275 0.252 0.283 0.255 0.296 0.252 0.309 0.237 0.32 0.232 0.357 0.209 0.397 0.185 0.422 0.126 0.459 0.068 0.475 0.022 0.465 0.0 0.45
0 0.242 0.774 0.148 0.764 0.119 0.751 0.097 0.732 0.064 0.68 0.051 0.638 0.05 0.62 0.058 0.572 0.069 0.538 0.085 0.507 0.132 0.455 0.192 0.417 0.238 0.414 0.295 0.429 0.348 0.475 0.364 0.513 0.374 0.551 0.378 0.614 0.374 0.643 0.361 0.678 0.34 0.713 0.312 0.747 0.277 0.766 0.242 0.774
0 0.0 0.898 0.016 0.836 0.042 0.801 0.064 0.782 0.119 0.768 0.157 0.766 0.191 0.774 0.232 0.801 0.278 0.852 0.325 0.937 0.349 0.998 0.006 0.999 0.0 0.98
0 0.0 0.52 0.027 0.558 0.046 0.607 0.053 0.644 0.051 0.691 0.04 0.735 0.026 0.765 0.0 0.795
0 0.09 0.0 0.083 0.052 0.056 0.11 0.042 0.128 0.015 0.136 0.0 0.15
0 0.32 0.0 0.307 0.032 0.277 0.075 0.249 0.096 0.22 0.104 0.192 0.102 0.146 0.079 0.094 0.022 0.091 0.
