0 0.21 0.496 0.185 0.492 0.173 0.493 0.14 0.465 0.127 0.438 0.121 0.412 0.12 0.379 0.122 0.356 0.13 0.327 0.141 0.313 0.181 0.289 0.205 0.271 0.203 0.267 0.19 0.27 0.177 0.252 0.174 0.245 0.173 0.232 0.181 0.226 0.193 0.232 0.202 0.249 0.215 0.255 0.227 0.275 0.235 0.292 0.262 0.312 0.276 0.332 0.29 0.358 0.294 0.391 0.292 0.419 0.287 0.438 0.274 0.463 0.265 0.465 0.242 0.485 0.21 0.496
0 0.28 0.314 0.259 0.313 0.25 0.302 0.24 0.297 0.182 0.221 0.182 0.216 0.187 0.212 0.185 0.203 0.186 0.182 0.192 0.158 0.207 0.115 0.217 0.096 0.247 0.072 0.263 0.063 0.286 0.064 0.308 0.071 0.326 0.081 0.346 0.099 0.357 0.123 0.368 0.14 0.375 0.174 0.377 0.191 0.376 0.219 0.371 0.242 0.36 0.266 0.35 0.281 0.338 0.292 0.31 0.307 0.28 0.314
0 0.5 0.321 0.481 0.321 0.468 0.315 0.445 0.302 0.43 0.282 0.417 0.26 0.411 0.239 0.408 0.194 0.421 0.146 0.431 0.127 0.446 0.109 0.466 0.097 0.497 0.084 0.522 0.085 0.536 0.091 0.548 0.1 0.57 0.133 0.579 0.168 0.578 0.21 0.575 0.226 0.562 0.26 0.547 0.284 0.523 0.309 0.5 0.321
0 0.577 0.516 0.568 0.515 0.559 0.51 0.54 0.493 0.536 0.486 0.541 0.478 0.524 0.45 0.521 0.461 0.511 0.422 0.504 0.418 0.498 0.405 0.499 0.392 0.502 0.391 0.499 0.377 0.501 0.371 0.508 0.371 0.513 0.341 0.53 0.312 0.53 0.307 0.532 0.303 0.535 0.305 0.541 0.302 0.559 0.286 0.563 0.278 0.563 0.273 0.566 0.271 0.567 0.263 0.571 0.261 0.575 0.266 0.589 0.265 0.594 0.268 0.6 0.263 0.606 0.262 0.612 0.274 0.623 0.276 0.628 0.265 0.64 0.28 0.653 0.284 0.66 0.291 0.682 0.317 0.696 0.339 0.708 0.368 0.703 0.404 0.697 0.431 0.684 0.466 0.665 0.486 0.654 0.495 0.633 0.505 0.623 0.508 0.597 0.509 0.577 0.516
0 0.693 0.483 0.687 0.48 0.682 0.472 0.681 0.463 0.706 0.383 0.707 0.37 0.709 0.368 0.696 0.339 0.677 0.308 0.676 0.261 0.686 0.215 0.698 0.201 0.737 0.197 0.766 0.196 0.794 0.203 0.814 0.229 0.828 0.275 0.823 0.296 0.808 0.33 0.808 0.358 0.81 0.363 0.806 0.368 0.799 0.371 0.795 0.366 0.792 0.374 0.775 0.372 0.748 0.379 0.734 0.379 0.738 0.381 0.738 0.393 0.733 0.4 0.731 0.411 0.708 0.455 0.699 0.479 0.693 0.483
0 0.806 0.682 0.786 0.68 0.75 0.661 0.729 0.633 0.715 0.604 0.71 0.605 0.693 0.554 0.689 0.525 0.69 0.51 0.688 0.496 0.691 0.486 0.705 0.459 0.73 0.414 0.759 0.387 0.78 0.377 0.811 0.375 0.836 0.384 0.852 0.396 0.866 0.416 0.886 0.453 0.892 0.455 0.92 0.51 0.929 0.539 0.931 0.556 0.93 0.578 0.926 0.592 0.916 0.605 0.89 0.651 0.882 0.658 0.851 0.674 0.824 0.681 0.816 0.679 0.806 0.682
0 0.731 0.738 0.718 0.714 0.709 0.71 0.695 0.695 0.688 0.697 0.681 0.706 0.654 0.727 0.636 0.733 0.612 0.731 0.593 0.724 0.577 0.713 0.56 0.694 0.545 0.659 0.54 0.627 0.54 0.61 0.542 0.579 0.558 0.537 0.569 0.519 0.602 0.507 0.622 0.507 0.634 0.512 0.667 0.54 0.687 0.569 0.705 0.616 0.704 0.654 0.701 0.667 0.715 0.682 0.737 0.697 0.731 0.738
0 0.464 0.787 0.456 0.787 0.438 0.78 0.425 0.772 0.411 0.759 0.39 0.73 0.378 0.692 0.373 0.648 0.383 0.604 0.4 0.57 0.423 0.544 0.45 0.543 0.472 0.545 0.494 0.557 0.513 0.579 0.528 0.608 0.54 0.652 0.54 0.687 0.532 0.719 0.525 0.736 0.5 0.77 0.476 0.786 0.464 0.787
0 0.312 0.662 0.293 0.661 0.255 0.64 0.241 0.62 0.227 0.589 0.223 0.552 0.225 0.533 0.233 0.509 0.241 0.488 0.255 0.473 0.273 0.461 0.297 0.457 0.3 0.454 0.325 0.454 0.317 0.458 0.338 0.464 0.349 0.471 0.377 0.506 0.388 0.541 0.39 0.58 0.388 0.596 0.383 0.608 0.367 0.635 0.355 0.646 0.344 0.652 0.328 0.659 0.312 0.662
0 0.38 0.51 0.363 0.481 0.344 0.469 0.337 0.457 0.326 0.427 0.319 0.398 0.32 0.394 0.313 0.412 0.306 0.407 0.304 0.381 0.3 0.372 0.301 0.359 0.291 0.352 0.28 0.338 0.275 0.326 0.275 0.315 0.302 0.309 0.323 0.313 0.33 0.3 0.341 0.299 0.37 0.279 0.398 0.275 0.422 0.292 0.446 0.314 0.454 0.317 0.463 0.363 0.467 0.364 0.474 0.37 0.477 0.396 0.477 0.42 0.477 0.427 0.473 0.437 0.459 0.47 0.442 0.487 0.431 0.495 0.405 0.5 0.385 0.496 0.38 0.51
0 0.132 0.751 0.099 0.738 0.071 0.708 0.054 0.715 0.057 0.7 0.052 0.699 0.059 0.685 0.057 0.675 0.059 0.661 0.05 0.627 0.05 0.603 0.057 0.568 0.07 0.545 0.086 0.524 0.114 0.508 0.133 0.505 0.155 0.505 0.172 0.51 0.181 0.516 0.205 0.535 0.215 0.547 0.225 0.568 0.23 0.594 0.234 0.606 0.234 0.645 0.227 0.678 0.221 0.694 0.213 0.703 0.187 0.724 0.16 0.736 0.146 0.74 0.132 0.75
