0 0.267 0.891 0.246 0.891 0.226 0.888 0.195 0.877 0.178 0.865 0.165 0.85 0.154 0.831 0.151 0.819 0.15 0.795 0.156 0.77 0.172 0.737 0.2 0.703 0.224 0.684 0.255 0.67 0.278 0.664 0.301 0.663 0.321 0.666 0.352 0.677 0.383 0.7 0.4 0.732 0.401 0.767 0.398 0.788 0.387 0.816 0.374 0.834 0.351 0.856 0.315 0.878 0.288 0.888 0.267 0.891
0 0.48 0.861 0.467 0.859 0.459 0.85 0.447 0.847 0.433 0.837 0.422 0.826 0.411 0.806 0.406 0.787 0.406 0.765 0.418 0.707 0.435 0.673 0.454 0.655 0.484 0.641 0.511 0.636 0.544 0.62 0.557 0.618 0.566 0.621 0.598 0.649 0.616 0.661 0.632 0.681 0.638 0.7 0.637 0.714 0.636 0.717 0.629 0.721 0.624 0.726 0.62 0.742 0.622 0.752 0.629 0.762 0.628 0.77 0.617 0.795 0.603 0.816 0.593 0.827 0.579 0.837 0.565 0.845 0.549 0.85 0.521 0.855 0.496 0.854 0.48 0.861
0 0.786 0.858 0.752 0.856 0.72 0.847 0.687 0.833 0.662 0.816 0.642 0.793 0.635 0.771 0.621 0.749 0.624 0.729 0.63 0.721 0.644 0.717 0.657 0.716 0.678 0.703 0.702 0.695 0.718 0.692 0.737 0.692 0.762 0.695 0.789 0.701 0.819 0.712 0.841 0.726 0.857 0.741 0.867 0.757 0.875 0.788 0.871 0.811 0.861 0.827 0.838 0.845 0.82 0.852 0.786 0.858
0 0.728 0.688 0.719 0.688 0.713 0.685 0.699 0.672 0.688 0.667 0.671 0.656 0.661 0.645 0.655 0.633 0.649 0.614 0.65 0.588 0.658 0.559 0.668 0.537 0.689 0.515 0.706 0.504 0.724 0.497 0.744 0.494 0.763 0.495 0.785 0.499 0.802 0.507 0.818 0.518 0.829 0.529 0.843 0.56 0.847 0.583 0.847 0.603 0.837 0.632 0.827 0.645 0.808 0.661 0.781 0.673 0.751 0.676 0.74 0.684 0.728 0.688
0 0.59 0.611 0.561 0.608 0.526 0.609 0.502 0.606 0.484 0.602 0.46 0.591 0.438 0.573 0.428 0.561 0.419 0.543 0.413 0.516 0.414 0.501 0.42 0.48 0.431 0.463 0.443 0.452 0.46 0.441 0.485 0.431 0.509 0.424 0.526 0.422 0.545 0.422 0.576 0.427 0.604 0.437 0.627 0.451 0.638 0.46 0.649 0.472 0.661 0.508 0.662 0.529 0.659 0.542 0.641 0.573 0.626 0.585 0.611 0.593 0.6 0.606 0.59 0.611
0 0.32 0.666 0.3 0.663 0.289 0.663 0.275 0.657 0.24 0.653 0.213 0.642 0.194 0.629 0.184 0.618 0.177 0.606 0.17 0.578 0.172 0.543 0.177 0.529 0.191 0.512 0.211 0.496 0.233 0.485 0.259 0.477 0.281 0.474 0.303 0.472 0.325 0.473 0.357 0.48 0.377 0.49 0.392 0.502 0.406 0.519 0.416 0.539 0.425 0.57 0.425 0.601 0.419 0.614 0.406 0.629 0.383 0.643 0.361 0.649 0.32 0.666
0 0.263 0.477 0.251 0.475 0.233 0.468 0.206 0.451 0.187 0.427 0.179 0.413 0.176 0.401 0.177 0.371 0.189 0.349 0.204 0.336 0.219 0.329 0.234 0.324 0.251 0.322 0.27 0.322 0.295 0.327 0.31 0.332 0.325 0.339 0.348 0.356 0.369 0.376 0.385 0.399 0.389 0.414 0.388 0.431 0.382 0.445 0.369 0.46 0.353 0.471 0.339 0.476 0.328 0.473 0.307 0.472 0.271 0.474 0.263 0.477
0 0.682 0.462 0.659 0.461 0.641 0.457 0.622 0.45 0.598 0.434 0.577 0.428 0.555 0.407 0.543 0.38 0.541 0.37 0.542 0.353 0.552 0.333 0.562 0.319 0.592 0.297 0.611 0.29 0.629 0.285 0.659 0.283 0.678 0.283 0.704 0.288 0.735 0.298 0.76 0.311 0.775 0.322 0.785 0.334 0.798 0.36 0.801 0.377 0.8 0.394 0.79 0.416 0.777 0.431 0.76 0.442 0.738 0.451 0.713 0.458 0.682 0.462
0 0.465 0.412 0.443 0.412 0.42 0.409 0.39 0.4 0.381 0.394 0.37 0.377 0.346 0.356 0.342 0.343 0.342 0.328 0.349 0.305 0.359 0.292 0.371 0.283 0.397 0.272 0.417 0.268 0.447 0.27 0.463 0.272 0.485 0.28 0.515 0.298 0.536 0.325 0.541 0.34 0.541 0.355 0.536 0.371 0.527 0.384 0.512 0.397 0.497 0.404 0.482 0.409 0.465 0.412
0 0.313 0.334 0.302 0.328 0.271 0.322 0.252 0.322 0.229 0.325 0.21 0.311 0.198 0.289 0.198 0.26 0.21 0.238 0.233 0.221 0.253 0.213 0.28 0.206 0.312 0.206 0.341 0.215 0.364 0.232 0.376 0.255 0.378 0.272 0.376 0.28 0.363 0.289 0.352 0.3 0.344 0.32 0.328 0.329 0.313 0.33
