0 0.512 0.408 0.504 0.408 0.489 0.383 0.477 0.374 0.457 0.364 0.443 0.348 0.434 0.323 0.432 0.3 0.44 0.265 0.445 0.256 0.452 0.249 0.466 0.225 0.489 0.208 0.519 0.203 0.568 0.233 0.575 0.241 0.587 0.268 0.592 0.294 0.592 0.311 0.59 0.332 0.579 0.367 0.572 0.382 0.564 0.392 0.548 0.399 0.537 0.407 0.512 0.408
0 0.361 0.388 0.33 0.388 0.306 0.381 0.292 0.372 0.285 0.365 0.274 0.344 0.266 0.312 0.263 0.291 0.263 0.284 0.269 0.254 0.288 0.192 0.303 0.172 0.32 0.165 0.34 0.161 0.375 0.16 0.411 0.176 0.427 0.2 0.437 0.246 0.433 0.314 0.428 0.332 0.411 0.355 0.406 0.357 0.396 0.358 0.375 0.375 0.371 0.382 0.361 0.388
0 0.442 0.606 0.429 0.606 0.398 0.583 0.365 0.571 0.348 0.551 0.335 0.518 0.332 0.484 0.337 0.456 0.352 0.408 0.362 0.387 0.394 0.358 0.418 0.354 0.44 0.355 0.461 0.362 0.49 0.382 0.498 0.395 0.515 0.446 0.512 0.487 0.512 0.504 0.515 0.516 0.513 0.542 0.498 0.569 0.478 0.587 0.454 0.605 0.442 0.606
0 0.384 0.828 0.333 0.824 0.314 0.818 0.299 0.806 0.293 0.794 0.273 0.734 0.271 0.711 0.272 0.677 0.275 0.66 0.28 0.647 0.291 0.629 0.302 0.618 0.32 0.59 0.331 0.581 0.349 0.573 0.371 0.573 0.388 0.582 0.409 0.587 0.42 0.6 0.431 0.606 0.447 0.629 0.463 0.672 0.466 0.69 0.466 0.716 0.458 0.743 0.451 0.752 0.423 0.804 0.397 0.826 0.384 0.828
0 0.552 0.771 0.541 0.771 0.501 0.756 0.493 0.748 0.483 0.734 0.474 0.71 0.467 0.687 0.464 0.664 0.464 0.644 0.469 0.625 0.479 0.603 0.489 0.588 0.514 0.569 0.543 0.561 0.568 0.564 0.583 0.576 0.593 0.589 0.601 0.607 0.602 0.635 0.608 0.654 0.613 0.664 0.614 0.679 0.614 0.688 0.606 0.711 0.592 0.74 0.583 0.754 0.562 0.77 0.552 0.771
0 0.695 0.714 0.655 0.71 0.63 0.698 0.62 0.689 0.604 0.638 0.6 0.612 0.601 0.554 0.611 0.524 0.631 0.5 0.664 0.486 0.704 0.492 0.741 0.509 0.761 0.525 0.771 0.548 0.784 0.605 0.779 0.636 0.757 0.685 0.749 0.697 0.733 0.707 0.695 0.714
0 0.792 0.601 0.783 0.601 0.776 0.562 0.771 0.55 0.771 0.545 0.765 0.531 0.751 0.516 0.716 0.498 0.715 0.494 0.715 0.486 0.718 0.48 0.717 0.474 0.718 0.465 0.73 0.451 0.759 0.428 0.79 0.429 0.81 0.436 0.836 0.461 0.852 0.487 0.855 0.531 0.851 0.543 0.84 0.565 0.826 0.583 0.807 0.595 0.792 0.601
0 0.679 0.482 0.659 0.479 0.641 0.467 0.629 0.451 0.61 0.411 0.609 0.386 0.622 0.337 0.631 0.319 0.649 0.299 0.696 0.301 0.72 0.315 0.746 0.336 0.757 0.358 0.766 0.387 0.763 0.411 0.749 0.434 0.736 0.451 0.707 0.479 0.679 0.482
0 0.56 0.551 0.542 0.546 0.518 0.533 0.512 0.502 0.514 0.451 0.519 0.432 0.524 0.425 0.536 0.408 0.55 0.398 0.575 0.394 0.593 0.396 0.604 0.403 0.616 0.414 0.628 0.432 0.633 0.448 0.634 0.465 0.63 0.495 0.624 0.508 0.612 0.522 0.604 0.539 0.576 0.55 0.56 0.551
0 0.699 0.491 0.674 0.486 0.664 0.487 0.634 0.469 0.632 0.451 0.628 0.436 0.621 0.42 0.611 0.408 0.609 0.394 0.61 0.366 0.619 0.341 0.633 0.325 0.645 0.319 0.663 0.303 0.675 0.298 0.687 0.297 0.7 0.301 0.735 0.327 0.756 0.356 0.763 0.381 0.762 0.409 0.753 0.434 0.73 0.451 0.719 0.464 0.717 0.471 0.719 0.482 0.699 0.49
