0 0.61 0.993 0.592 0.99 0.579 0.983 0.532 0.945 0.497 0.91 0.479 0.897 0.463 0.889 0.438 0.884 0.42 0.877 0.417 0.873 0.412 0.872 0.411 0.869 0.396 0.852 0.389 0.837 0.386 0.816 0.386 0.802 0.388 0.784 0.406 0.735 0.435 0.691 0.445 0.683 0.457 0.68 0.471 0.68 0.487 0.686 0.499 0.697 0.525 0.747 0.545 0.772 0.554 0.779 0.584 0.793 0.625 0.817 0.641 0.833 0.651 0.845 0.656 0.857 0.659 0.872 0.657 0.896 0.651 0.91 0.652 0.915 0.657 0.92 0.654 0.941 0.651 0.945 0.654 0.948 0.647 0.953 0.646 0.95 0.643 0.951 0.645 0.954 0.639 0.955 0.638 0.968 0.635 0.977 0.628 0.986 0.621 0.99 0.61 0.993
0 0.669 0.843 0.658 0.841 0.646 0.833 0.623 0.8 0.591 0.76 0.563 0.732 0.549 0.722 0.515 0.71 0.501 0.7 0.489 0.684 0.482 0.668 0.48 0.656 0.479 0.64 0.482 0.626 0.498 0.589 0.524 0.554 0.535 0.546 0.546 0.543 0.563 0.546 0.572 0.552 0.586 0.571 0.597 0.589 0.604 0.609 0.613 0.625 0.641 0.655 0.677 0.698 0.701 0.722 0.713 0.741 0.717 0.753 0.721 0.77 0.721 0.781 0.716 0.798 0.705 0.819 0.691 0.833 0.669 0.843
0 0.65 0.623 0.632 0.621 0.614 0.607 0.6 0.592 0.568 0.547 0.546 0.521 0.531 0.509 0.523 0.504 0.494 0.504 0.485 0.502 0.47 0.492 0.455 0.475 0.45 0.463 0.443 0.438 0.441 0.422 0.442 0.406 0.453 0.374 0.464 0.355 0.472 0.343 0.49 0.332 0.497 0.33 0.515 0.332 0.534 0.34 0.55 0.355 0.578 0.399 0.616 0.423 0.646 0.45 0.692 0.478 0.71 0.497 0.716 0.514 0.717 0.531 0.716 0.539 0.711 0.551 0.708 0.556 0.703 0.557 0.7 0.563 0.698 0.582 0.691 0.589 0.692 0.592 0.683 0.599 0.679 0.606 0.676 0.606 0.678 0.608 0.675 0.608 0.671 0.615 0.665 0.619 0.65 0.623
0 0.559 0.365 0.555 0.363 0.536 0.342 0.515 0.332 0.513 0.329 0.512 0.297 0.522 0.248 0.524 0.22 0.522 0.197 0.512 0.158 0.511 0.127 0.512 0.113 0.517 0.098 0.524 0.082 0.531 0.073 0.545 0.061 0.58 0.056 0.604 0.062 0.621 0.076 0.63 0.088 0.635 0.099 0.639 0.117 0.639 0.131 0.637 0.145 0.631 0.167 0.621 0.189 0.608 0.211 0.605 0.222 0.602 0.245 0.601 0.302 0.596 0.326 0.579 0.356 0.575 0.36 0.565 0.362 0.559 0.365
0 0.705 0.488 0.688 0.475 0.643 0.447 0.616 0.422 0.619 0.404 0.63 0.377 0.634 0.359 0.628 0.322 0.627 0.305 0.628 0.283 0.631 0.269 0.637 0.256 0.645 0.247 0.659 0.235 0.668 0.232 0.688 0.229 0.707 0.232 0.717 0.237 0.727 0.246 0.739 0.263 0.744 0.273 0.747 0.288 0.748 0.307 0.745 0.326 0.728 0.37 0.724 0.389 0.722 0.427 0.719 0.455 0.714 0.472 0.705 0.488
0 0.703 0.709 0.693 0.706 0.684 0.696 0.673 0.69 0.651 0.661 0.649 0.654 0.647 0.642 0.651 0.625 0.67 0.617 0.697 0.587 0.7 0.578 0.7 0.569 0.706 0.563 0.713 0.549 0.717 0.537 0.718 0.525 0.716 0.512 0.71 0.495 0.714 0.478 0.72 0.463 0.729 0.448 0.739 0.439 0.75 0.432 0.762 0.43 0.774 0.43 0.789 0.434 0.821 0.454 0.828 0.461 0.835 0.472 0.843 0.498 0.843 0.514 0.841 0.529 0.831 0.558 0.817 0.575 0.787 0.596 0.771 0.612 0.751 0.644 0.726 0.694 0.716 0.704 0.703 0.709
0 0.883 0.627 0.873 0.624 0.869 0.618 0.859 0.61 0.854 0.599 0.843 0.592 0.838 0.591 0.833 0.576 0.832 0.556 0.84 0.538 0.843 0.522 0.844 0.502 0.842 0.485 0.847 0.441 0.846 0.427 0.839 0.397 0.839 0.365 0.842 0.351 0.848 0.336 0.859 0.32 0.87 0.311 0.886 0.303 0.896 0.301 0.936 0.305 0.955 0.315 0.971 0.333 0.98 0.361 0.98 0.391 0.972 0.418 0.951 0.448 0.943 0.467 0.936 0.516 0.936 0.565 0.931 0.587 0.927 0.596 0.918 0.606 0.911 0.61 0.894 0.611 0.888 0.62 0.887 0.626 0.883 0.627
0 0.799 0.418 0.798 0.415 0.794 0.416 0.791 0.41 0.776 0.412 0.768 0.409 0.76 0.402 0.754 0.393 0.747 0.368 0.746 0.357 0.746 0.321 0.748 0.303 0.747 0.283 0.741 0.267 0.724 0.243 0.723 0.239 0.723 0.221 0.726 0.207 0.732 0.193 0.74 0.181 0.749 0.173 0.761 0.166 0.783 0.16 0.799 0.16 0.81 0.164 0.825 0.175 0.831 0.182 0.836 0.194 0.841 0.22 0.839 0.241 0.83 0.272 0.829 0.286 0.83 0.304 0.839 0.348 0.837 0.38 0.826 0.397 0.814 0.406 0.804 0.407 0.801 0.417 0.799 0.418
0 0.692 0.211 0.676 0.21 0.666 0.204 0.656 0.192 0.651 0.17 0.65 0.152 0.647 0.13 0.649 0.114 0.657 0.097 0.672 0.079 0.687 0.07 0.7 0.07 0.711 0.072 0.725 0.079 0.74 0.081 0.788 0.07 0.81 0.061 0.839 0.054 0.856 0.058 0.866 0.068 0.873 0.086 0.872 0.097 0.877 0.112 0.872 0.128 0.873 0.143 0.867 0.161 0.854 0.179 0.843 0.186 0.834 0.188 0.826 0.176 0.811 0.164 0.796 0.16 0.775 0.161 0.751 0.171 0.74 0.181 0.731 0.194 0.715 0.204 0.692 0.211
0 0.845 1.0 0.768 1.0 0.741 0.981 0.729 0.977 0.715 0.965 0.703 0.948 0.695 0.926 0.692 0.908 0.691 0.875 0.695 0.849 0.706 0.817 0.725 0.781 0.732 0.761 0.751 0.681 0.766 0.636 0.775 0.614 0.784 0.602 0.791 0.596 0.805 0.589 0.819 0.589 0.831 0.593 0.843 0.592 0.854 0.598 0.856 0.601 0.857 0.609 0.869 0.618 0.882 0.635 0.888 0.649 0.891 0.664 0.891 0.686 0.885 0.724 0.879 0.755 0.867 0.797 0.863 0.823 0.864 0.845 0.874 0.911 0.873 0.942 0.868 0.962 0.862 0.978 0.852 0.994 0.845 1.
