0 0.408 0.842 0.381 0.839 0.368 0.833 0.358 0.824 0.346 0.806 0.34 0.778 0.337 0.772 0.337 0.734 0.349 0.698 0.403 0.599 0.441 0.548 0.45 0.541 0.529 0.42 0.552 0.39 0.565 0.374 0.575 0.366 0.592 0.343 0.614 0.321 0.618 0.313 0.635 0.299 0.643 0.285 0.658 0.268 0.681 0.23 0.711 0.199 0.72 0.184 0.738 0.162 0.761 0.146 0.806 0.134 0.826 0.134 0.839 0.139 0.849 0.147 0.856 0.161 0.859 0.174 0.859 0.201 0.855 0.228 0.843 0.267 0.812 0.314 0.786 0.346 0.736 0.427 0.724 0.449 0.709 0.488 0.676 0.539 0.664 0.551 0.658 0.565 0.641 0.591 0.62 0.632 0.589 0.674 0.557 0.709 0.528 0.739 0.515 0.747 0.509 0.761 0.491 0.783 0.443 0.824 0.408 0.842
0 0.728 0.998 0.595 0.998 0.591 0.98 0.591 0.963 0.599 0.933 0.612 0.901 0.618 0.893 0.66 0.768 0.679 0.73 0.688 0.692 0.702 0.669 0.713 0.637 0.724 0.624 0.744 0.59 0.765 0.568 0.77 0.552 0.81 0.487 0.839 0.452 0.866 0.433 0.88 0.432 0.887 0.434 0.897 0.442 0.907 0.458 0.926 0.509 0.927 0.536 0.917 0.571 0.914 0.601 0.858 0.734 0.852 0.745 0.841 0.753 0.839 0.765 0.83 0.788 0.81 0.813 0.784 0.883 0.756 0.933 0.738 0.976 0.736 0.986 0.728 0.998
0 0.0 0.722 0.009 0.718 0.023 0.72 0.05 0.74 0.06 0.757 0.07 0.762 0.078 0.771 0.096 0.8 0.102 0.816 0.114 0.826 0.126 0.847 0.131 0.865 0.128 0.906 0.122 0.925 0.111 0.943 0.094 0.958 0.084 0.964 0.073 0.965 0.045 0.954 0.029 0.941 0.0 0.905
0 0.392 0.462 0.365 0.462 0.361 0.451 0.346 0.443 0.333 0.429 0.312 0.393 0.285 0.29 0.275 0.236 0.26 0.174 0.243 0.136 0.229 0.092 0.223 0.062 0.224 0.042 0.223 0.027 0.219 0.014 0.22 0.003 0.311 0.003 0.33 0.044 0.377 0.122 0.404 0.179 0.42 0.247 0.439 0.31 0.442 0.346 0.441 0.385 0.439 0.402 0.427 0.424 0.414 0.438 0.404 0.445 0.4 0.455 0.392 0.462
0 0.49 0.349 0.471 0.345 0.453 0.329 0.443 0.308 0.425 0.256 0.419 0.213 0.418 0.172 0.415 0.143 0.401 0.075 0.407 0.05 0.426 0.026 0.458 0.026 0.474 0.033 0.489 0.059 0.498 0.097 0.508 0.181 0.518 0.222 0.522 0.255 0.527 0.264 0.527 0.305 0.524 0.319 0.514 0.337 0.505 0.345 0.49 0.349
0 0.557 0.349 0.545 0.348 0.537 0.343 0.53 0.335 0.524 0.32 0.526 0.31 0.526 0.265 0.511 0.181 0.516 0.136 0.514 0.126 0.518 0.121 0.519 0.103 0.533 0.056 0.55 0.035 0.558 0.029 0.567 0.024 0.59 0.02 0.609 0.026 0.621 0.034 0.641 0.061 0.648 0.088 0.648 0.168 0.634 0.195 0.632 0.206 0.615 0.235 0.602 0.278 0.586 0.317 0.581 0.318 0.578 0.329 0.572 0.339 0.557 0.349
0 0.612 0.903 0.571 0.903 0.55 0.866 0.549 0.838 0.552 0.814 0.566 0.779 0.575 0.744 0.595 0.7 0.611 0.653 0.624 0.622 0.641 0.591 0.654 0.571 0.663 0.551 0.678 0.536 0.746 0.441 0.781 0.381 0.791 0.357 0.829 0.306 0.93 0.158 0.969 0.108 0.998 0.078 0.999 0.41 0.985 0.424 0.968 0.447 0.948 0.483 0.936 0.49 0.922 0.506 0.918 0.504 0.901 0.452 0.885 0.441 0.87 0.441 0.842 0.454 0.814 0.48 0.794 0.509 0.774 0.557 0.755 0.582 0.746 0.605 0.733 0.621 0.712 0.664 0.697 0.688 0.658 0.779 0.646 0.819 0.635 0.843 0.619 0.894 0.612 0.903
0 0.382 0.987 0.369 0.982 0.358 0.972 0.343 0.945 0.332 0.917 0.321 0.866 0.308 0.834 0.277 0.74 0.235 0.679 0.211 0.63 0.191 0.578 0.189 0.55 0.184 0.53 0.183 0.506 0.212 0.506 0.22 0.533 0.232 0.549 0.249 0.561 0.267 0.561 0.285 0.544 0.301 0.567 0.309 0.571 0.325 0.571 0.328 0.574 0.334 0.601 0.348 0.627 0.364 0.667 0.348 0.703 0.337 0.742 0.337 0.767 0.341 0.777 0.344 0.802 0.357 0.822 0.381 0.841 0.396 0.849 0.428 0.857 0.434 0.872 0.44 0.899 0.44 0.936 0.432 0.958 0.411 0.978 0.399 0.984 0.382 0.987
0 0.137 0.526 0.113 0.523 0.099 0.514 0.09 0.503 0.083 0.486 0.08 0.465 0.079 0.451 0.083 0.423 0.094 0.372 0.117 0.318 0.139 0.213 0.165 0.139 0.172 0.109 0.18 0.086 0.196 0.011 0.199 0.004 0.22 0.004 0.224 0.031 0.224 0.06 0.229 0.09 0.25 0.154 0.248 0.188 0.24 0.245 0.206 0.401 0.188 0.465 0.174 0.494 0.168 0.502 0.137 0.526
0 0.083 0.155 0.064 0.152 0.058 0.136 0.048 0.12 0.043 0.103 0.042 0.083 0.044 0.068 0.061 0.029 0.073 0.016 0.082 0.001 0.192 0.001 0.191 0.029 0.181 0.07 0.176 0.073 0.168 0.072 0.163 0.082 0.163 0.087 0.158 0.091 0.122 0.136 0.083 0.155
0 0.102 0.352 0.057 0.349 0.041 0.339 0.033 0.326 0.029 0.313 0.029 0.275 0.055 0.214 0.075 0.182 0.087 0.154 0.154 0.15 0.158 0.147 0.157 0.163 0.139 0.212 0.124 0.274 0.116 0.321 0.11 0.342 0.102 0.352
0 0.124 0.718 0.093 0.716 0.072 0.706 0.055 0.689 0.04 0.661 0.034 0.63 0.031 0.596 0.034 0.547 0.032 0.526 0.038 0.51 0.048 0.5 0.087 0.5 0.097 0.513 0.121 0.525 0.146 0.523 0.16 0.511 0.161 0.522 0.169 0.544 0.171 0.646 0.164 0.668 0.154 0.687 0.145 0.699 0.13 0.709 0.124 0.718
0 0.263 0.56 0.248 0.559 0.236 0.553 0.218 0.531 0.211 0.514 0.209 0.41 0.217 0.358 0.232 0.317 0.262 0.246 0.267 0.237 0.274 0.232 0.297 0.332 0.297 0.517 0.282 0.542 0.278 0.557 0.263 0.56
0 0.871 0.175 0.857 0.175 0.85 0.152 0.84 0.142 0.829 0.137 0.805 0.137 0.77 0.145 0.74 0.159 0.719 0.142 0.686 0.134 0.679 0.127 0.651 0.111 0.648 0.105 0.644 0.077 0.637 0.057 0.621 0.037 0.606 0.027 0.589 0.022 0.567 0.025 0.555 0.032 0.538 0.047 0.522 0.036 0.483 0.025 0.421 0.024 0.414 0.015 0.412 0.002 0.81 0.003 0.849 0.028 0.868 0.051 0.878 0.071 0.883 0.158 0.871 0.175
0 0.369 0.998 0.244 0.996 0.236 0.967 0.222 0.941 0.192 0.86 0.188 0.82 0.191 0.808 0.199 0.789 0.226 0.769 0.233 0.768 0.244 0.772 0.265 0.791 0.286 0.823 0.314 0.876 0.351 0.96 0.367 0.98 0.37 0.987 0.369 0.998
0 0.573 0.36 0.582 0.336 0.585 0.319 0.594 0.304 0.604 0.268 0.629 0.219 0.645 0.199 0.651 0.184 0.658 0.174 0.668 0.166 0.678 0.163 0.687 0.145 0.701 0.135 0.723 0.149 0.734 0.162 0.729 0.176 0.71 0.193 0.702 0.208 0.664 0.256 0.641 0.299 0.622 0.315 0.6 0.341 0.585 0.355 0.573 0.3
