0 0.53 0.393 0.496 0.388 0.459 0.365 0.436 0.334 0.424 0.291 0.425 0.24 0.447 0.17 0.474 0.132 0.509 0.114 0.545 0.117 0.58 0.141 0.606 0.18 0.619 0.226 0.612 0.292 0.594 0.347 0.57 0.376 0.53 0.393
0 0.311 0.853 0.269 0.85 0.235 0.829 0.196 0.757 0.184 0.705 0.186 0.649 0.207 0.59 0.244 0.551 0.298 0.524 0.348 0.533 0.385 0.562 0.414 0.617 0.429 0.683 0.42 0.751 0.393 0.802 0.358 0.837 0.311 0.853
0 0.682 0.819 0.652 0.817 0.616 0.793 0.594 0.762 0.58 0.713 0.58 0.671 0.602 0.605 0.627 0.577 0.662 0.562 0.691 0.564 0.723 0.585 0.744 0.622 0.758 0.68 0.757 0.729 0.743 0.762 0.72 0.794 0.682 0.819
0 0.475 0.657 0.442 0.646 0.42 0.629 0.377 0.543 0.38 0.494 0.397 0.45 0.427 0.417 0.466 0.401 0.509 0.41 0.539 0.438 0.562 0.479 0.571 0.521 0.567 0.563 0.546 0.607 0.523 0.636 0.475 0.657
0 0.0 0.246 0.041 0.222 0.074 0.221 0.107 0.231 0.149 0.264 0.171 0.326 0.17 0.359 0.157 0.398 0.138 0.432 0.118 0.448 0.091 0.46 0.056 0.462 0.015 0.445 0.0 0.429
0 0.051 0.0 0.079 0.058 0.082 0.107 0.078 0.138 0.068 0.168 0.045 0.2 0.02 0.214 0.0 0.215
0 0.797 0.442 0.76 0.436 0.726 0.409 0.701 0.361 0.696 0.306 0.71 0.256 0.737 0.218 0.78 0.188 0.82 0.183 0.852 0.2 0.885 0.243 0.9 0.287 0.901 0.338 0.882 0.383 0.861 0.41 0.834 0.432 0.797 0.442
0 0.621 0.514 0.594 0.509 0.567 0.494 0.525 0.415 0.528 0.393 0.564 0.38 0.589 0.354 0.616 0.268 0.647 0.276 0.677 0.301 0.696 0.338 0.705 0.387 0.7 0.434 0.681 0.477 0.648 0.507 0.621 0.514
0 0.998 0.58 0.96 0.571 0.923 0.544 0.889 0.494 0.88 0.447 0.886 0.392 0.914 0.334 0.959 0.296 0.994 0.282 0.999 0.282 0.998 0.58
0 0.922 0.829 0.885 0.822 0.851 0.793 0.823 0.738 0.814 0.692 0.816 0.648 0.829 0.609 0.859 0.576 0.9 0.555 0.94 0.559 0.97 0.576 0.999 0.606 0.999 0.789 0.955 0.817 0.922 0.829
0 0.501 0.998 0.4 0.998 0.369 0.94 0.359 0.891 0.36 0.855 0.421 0.75 0.471 0.747 0.498 0.755 0.527 0.785 0.544 0.829 0.549 0.871 0.538 0.935 0.518 0.98 0.501 0.998
0 0.602 0.998 0.579 0.997 0.554 0.936 0.551 0.885 0.562 0.839 0.593 0.8 0.659 0.817 0.702 0.813 0.729 0.866 0.736 0.906 0.733 0.939 0.704 0.962 0.682 0.997 0.602 0.998
0 0.193 0.615 0.183 0.608 0.182 0.589 0.148 0.53 0.143 0.502 0.145 0.469 0.163 0.431 0.185 0.409 0.22 0.397 0.257 0.401 0.314 0.464 0.323 0.485 0.326 0.522 0.288 0.528 0.24 0.554 0.214 0.579 0.193 0.615
0 0.334 0.476 0.321 0.476 0.28 0.424 0.245 0.397 0.238 0.371 0.244 0.328 0.261 0.293 0.292 0.263 0.319 0.254 0.332 0.259 0.389 0.312 0.404 0.335 0.407 0.356 0.404 0.399 0.386 0.444 0.357 0.469 0.334 0.476
0 0.22 0.38 0.188 0.377 0.168 0.366 0.17 0.328 0.164 0.298 0.128 0.244 0.151 0.203 0.205 0.173 0.212 0.176 0.237 0.218 0.277 0.249 0.277 0.274 0.246 0.323 0.239 0.372 0.22 0.38
0 0.153 0.187 0.101 0.17 0.078 0.139 0.081 0.074 0.062 0.003 0.211 0.003 0.218 0.039 0.205 0.086 0.207 0.156 0.18 0.179 0.153 0.187
0 0.302 0.249 0.274 0.246 0.252 0.232 0.228 0.207 0.213 0.178 0.204 0.134 0.206 0.07 0.213 0.047 0.231 0.023 0.248 0.023 0.269 0.053 0.3 0.081 0.347 0.099 0.332 0.132 0.323 0.172 0.328 0.236 0.302 0.249
0 0.359 0.095 0.323 0.091 0.291 0.074 0.265 0.049 0.236 0.003 0.449 0.003 0.427 0.056 0.359 0.095
0 0.426 0.309 0.384 0.299 0.356 0.278 0.33 0.236 0.321 0.202 0.327 0.144 0.344 0.101 0.409 0.07 0.455 0.088 0.486 0.124 0.457 0.154 0.44 0.188 0.424 0.255 0.426 0.309
0 0.0 0.514 0.039 0.464 0.109 0.452 0.129 0.456 0.147 0.467 0.148 0.523 0.185 0.591 0.152 0.646 0.124 0.664 0.089 0.67 0.063 0.663 0.03 0.641 0.0 0.587
0 0.116 0.794 0.097 0.773 0.086 0.746 0.083 0.709 0.091 0.682 0.099 0.671 0.146 0.651 0.18 0.602 0.191 0.63 0.184 0.667 0.187 0.728 0.15 0.75 0.116 0.794
0 0.171 0.965 0.143 0.956 0.117 0.933 0.102 0.9 0.097 0.854 0.107 0.811 0.123 0.779 0.154 0.744 0.187 0.728 0.229 0.82 0.231 0.846 0.193 0.895 0.171 0.965
0 0.383 0.998 0.169 0.998 0.168 0.991 0.175 0.939 0.192 0.896 0.22 0.856 0.245 0.838 0.284 0.852 0.33 0.848 0.345 0.861 0.359 0.882 0.383 0.998
0 0.549 0.849 0.53 0.79 0.509 0.763 0.476 0.747 0.44 0.745 0.446 0.709 0.47 0.663 0.523 0.636 0.551 0.644 0.579 0.673 0.582 0.723 0.596 0.762 0.58 0.812 0.549 0.849
0 0.769 0.88 0.727 0.862 0.699 0.812 0.721 0.793 0.754 0.74 0.757 0.671 0.737 0.609 0.753 0.6 0.782 0.604 0.821 0.629 0.816 0.69 0.822 0.728 0.843 0.777 0.873 0.811 0.86 0.84 0.836 0.861 0.769 0.88
0 0.741 0.606 0.702 0.57 0.655 0.563 0.641 0.518 0.643 0.507 0.682 0.474 0.705 0.411 0.715 0.405 0.755 0.433 0.795 0.441 0.807 0.478 0.806 0.516 0.793 0.557 0.769 0.589 0.741 0.606
0 0.764 0.0 0.779 0.033 0.786 0.072 0.782 0.118 0.767 0.152 0.693 0.247 0.655 0.251 0.62 0.233 0.606 0.185 0.573 0.135 0.574 0.076 0.588 0.027 0.608 0.001 0.743 0.0
0 0.781 0.0 0.979 0.004 0.963 0.067 0.932 0.121 0.895 0.151 0.845 0.161 0.804 0.144 0.782 0.118 0.785 0.065 0.768 0.008 0.771 0.0
0 0.902 0.341 0.895 0.273 0.878 0.235 0.841 0.192 0.848 0.179 0.88 0.173 0.918 0.186 0.955 0.218 0.973 0.251 0.977 0.29 0.902 0.341
0 0.882 0.996 0.845 0.995 0.791 0.945 0.762 0.933 0.734 0.936 0.734 0.923 0.758 0.886 0.788 0.868 0.834 0.868 0.863 0.878 0.91 0.921 0.927 0.965 0.927 0.995 0.882 0.996
0 0.848 0.998 0.681 0.998 0.717 0.949 0.763 0.934 0.803 0.953 0.848 0.998
0 0.845 0.586 0.821 0.562 0.806 0.53 0.809 0.483 0.84 0.426 0.88 0.385 0.889 0.385 0.882 0.426 0.889 0.482 0.932 0.55 0.888 0.556 0.845 0.586
0 0.565 0.648 0.538 0.64 0.533 0.628 0.566 0.567 0.57 0.509 0.638 0.512 0.643 0.547 0.638 0.571 0.607 0.6 0.588 0.641 0.565 0.64
