0 0.125 0.0 0.112 0.018 0.09 0.037 0.076 0.031 0.053 0.03 0.032 0.031 0.012 0.038 0.0 0.031
0 0.0 0.046 0.019 0.034 0.045 0.029 0.077 0.031 0.1 0.043 0.102 0.039 0.113 0.052 0.118 0.053 0.121 0.057 0.13 0.079 0.135 0.103 0.143 0.117 0.14 0.127 0.126 0.133 0.112 0.142 0.092 0.166 0.084 0.19 0.082 0.206 0.081 0.228 0.084 0.247 0.083 0.251 0.067 0.257 0.042 0.253 0.018 0.238 0.0 0.216
0 0.289 0.0 0.302 0.028 0.305 0.045 0.308 0.082 0.304 0.114 0.294 0.136 0.281 0.153 0.266 0.163 0.247 0.169 0.244 0.161 0.237 0.125 0.232 0.122 0.23 0.117 0.225 0.119 0.22 0.113 0.213 0.112 0.204 0.12 0.191 0.126 0.145 0.126 0.136 0.098 0.134 0.074 0.134 0.043 0.139 0.014 0.137 0.006 0.138 0.0
0 0.154 0.348 0.141 0.346 0.124 0.334 0.115 0.32 0.092 0.268 0.085 0.249 0.081 0.229 0.082 0.205 0.085 0.188 0.094 0.163 0.105 0.148 0.128 0.131 0.149 0.124 0.195 0.124 0.206 0.118 0.213 0.111 0.221 0.112 0.225 0.119 0.23 0.116 0.232 0.121 0.237 0.125 0.245 0.161 0.263 0.215 0.265 0.245 0.263 0.269 0.246 0.311 0.238 0.325 0.228 0.334 0.214 0.342 0.2 0.346 0.154 0.348
0 0.387 0.0 0.382 0.007 0.36 0.021 0.348 0.036 0.339 0.054 0.333 0.075 0.33 0.098 0.331 0.121 0.336 0.147 0.345 0.171 0.346 0.18 0.321 0.143 0.322 0.132 0.32 0.123 0.307 0.104 0.307 0.064 0.305 0.044 0.301 0.027 0.289 0.0
0 0.459 0.0 0.485 0.031 0.498 0.062 0.506 0.101 0.504 0.142 0.494 0.171 0.475 0.2 0.449 0.218 0.433 0.223 0.4 0.217 0.375 0.204 0.351 0.179 0.342 0.165 0.336 0.148 0.33 0.115 0.331 0.08 0.339 0.053 0.36 0.016 0.359 0.004 0.363 0.0
0 0.627 0.269 0.613 0.268 0.6 0.263 0.585 0.264 0.575 0.261 0.562 0.254 0.551 0.243 0.542 0.241 0.53 0.233 0.52 0.223 0.511 0.21 0.503 0.185 0.503 0.129 0.507 0.107 0.514 0.09 0.532 0.06 0.542 0.048 0.559 0.035 0.583 0.024 0.64 0.024 0.656 0.029 0.671 0.042 0.683 0.049 0.693 0.059 0.715 0.09 0.723 0.116 0.724 0.137 0.722 0.171 0.719 0.187 0.711 0.205 0.705 0.213 0.688 0.217 0.674 0.227 0.666 0.229 0.653 0.237 0.641 0.25 0.632 0.267 0.627 0.269
0 0.882 0.0 0.884 0.013 0.885 0.055 0.879 0.099 0.869 0.111 0.861 0.131 0.829 0.146 0.807 0.161 0.797 0.171 0.789 0.184 0.775 0.184 0.763 0.179 0.738 0.159 0.724 0.145 0.725 0.123 0.721 0.102 0.71 0.079 0.698 0.067 0.697 0.061 0.697 0.047 0.7 0.029 0.706 0.012 0.714 0.0
0 0.81 0.371 0.805 0.367 0.807 0.338 0.799 0.294 0.781 0.254 0.767 0.238 0.769 0.222 0.775 0.206 0.799 0.169 0.808 0.158 0.852 0.134 0.862 0.131 0.891 0.132 0.905 0.136 0.917 0.144 0.937 0.166 0.945 0.179 0.953 0.204 0.962 0.218 0.97 0.241 0.972 0.258 0.971 0.282 0.957 0.331 0.945 0.348 0.931 0.359 0.915 0.351 0.902 0.351 0.883 0.346 0.868 0.351 0.855 0.352 0.828 0.358 0.81 0.371
0 0.721 0.465 0.705 0.464 0.691 0.457 0.67 0.455 0.651 0.441 0.635 0.425 0.627 0.412 0.613 0.37 0.61 0.351 0.61 0.333 0.615 0.314 0.617 0.292 0.623 0.276 0.63 0.262 0.657 0.231 0.669 0.224 0.684 0.221 0.695 0.214 0.705 0.212 0.719 0.212 0.746 0.22 0.758 0.227 0.768 0.237 0.791 0.27 0.797 0.294 0.806 0.314 0.809 0.332 0.809 0.351 0.806 0.364 0.794 0.39 0.768 0.418 0.762 0.432 0.751 0.449 0.737 0.46 0.721 0.465
0 0.513 0.454 0.508 0.454 0.5 0.438 0.49 0.427 0.471 0.416 0.448 0.416 0.427 0.429 0.415 0.415 0.406 0.393 0.403 0.37 0.398 0.357 0.395 0.339 0.394 0.3 0.396 0.286 0.403 0.266 0.412 0.253 0.435 0.229 0.447 0.221 0.461 0.217 0.486 0.216 0.509 0.222 0.527 0.232 0.542 0.237 0.56 0.254 0.567 0.291 0.576 0.315 0.575 0.327 0.579 0.349 0.577 0.376 0.567 0.406 0.547 0.434 0.529 0.449 0.513 0.454
0 0.913 0.0 0.915 0.012 0.929 0.045 0.935 0.084 0.932 0.11 0.925 0.131 0.922 0.153 0.912 0.142 0.899 0.135 0.875 0.13 0.862 0.13 0.866 0.117 0.878 0.097 0.878 0.092 0.883 0.074 0.884 0.028 0.881 0.0
0 0.38 0.401 0.371 0.373 0.362 0.36 0.352 0.35 0.31 0.328 0.3 0.325 0.279 0.328 0.279 0.322 0.278 0.299 0.281 0.28 0.29 0.255 0.302 0.235 0.313 0.223 0.338 0.203 0.366 0.193 0.378 0.206 0.39 0.214 0.403 0.218 0.417 0.217 0.427 0.239 0.415 0.251 0.407 0.263 0.398 0.292 0.397 0.324 0.399 0.338 0.399 0.358 0.403 0.374 0.408 0.386 0.392 0.391 0.38 0.401
0 0.28 0.327 0.264 0.325 0.243 0.315 0.252 0.302 0.26 0.285 0.264 0.266 0.267 0.241 0.266 0.217 0.261 0.199 0.253 0.181 0.243 0.168 0.267 0.163 0.281 0.154 0.294 0.141 0.308 0.147 0.324 0.16 0.336 0.178 0.344 0.202 0.329 0.209 0.313 0.222 0.289 0.262 0.28 0.293 0.279 0.317 0.28 0.327
0 0.0 0.299 0.021 0.292 0.035 0.281 0.043 0.27 0.049 0.27 0.071 0.253 0.087 0.252 0.094 0.274 0.103 0.288 0.111 0.313 0.123 0.33 0.135 0.341 0.147 0.348 0.16 0.351 0.172 0.351 0.176 0.363 0.158 0.377 0.146 0.395 0.136 0.426 0.136 0.454 0.119 0.471 0.097 0.463 0.082 0.464 0.071 0.468 0.061 0.458 0.032 0.438 0.028 0.422 0.018 0.405 0.017 0.389 0.013 0.37 0.0 0.346
0 0.0 0.443 0.04 0.45 0.05 0.456 0.061 0.46 0.08 0.477 0.097 0.483 0.125 0.498 0.149 0.502 0.166 0.497 0.174 0.504 0.187 0.509 0.184 0.526 0.179 0.531 0.157 0.54 0.145 0.551 0.136 0.564 0.126 0.588 0.123 0.609 0.118 0.609 0.116 0.623 0.108 0.642 0.091 0.665 0.085 0.681 0.073 0.699 0.058 0.712 0.041 0.718 0.026 0.729 0.014 0.733 0.0 0.734
0 0.189 0.511 0.175 0.506 0.157 0.506 0.146 0.489 0.138 0.47 0.135 0.449 0.136 0.425 0.14 0.406 0.157 0.375 0.166 0.363 0.179 0.352 0.217 0.336 0.232 0.336 0.248 0.34 0.231 0.349 0.219 0.36 0.198 0.392 0.19 0.41 0.186 0.428 0.181 0.463 0.182 0.487 0.189 0.511
0 0.226 0.573 0.202 0.553 0.196 0.533 0.186 0.515 0.183 0.495 0.178 0.479 0.182 0.453 0.182 0.429 0.199 0.391 0.203 0.378 0.243 0.339 0.28 0.323 0.288 0.325 0.303 0.323 0.327 0.336 0.338 0.336 0.351 0.348 0.358 0.352 0.376 0.382 0.382 0.402 0.383 0.415 0.383 0.43 0.38 0.448 0.384 0.475 0.372 0.499 0.366 0.524 0.355 0.53 0.325 0.557 0.289 0.55 0.274 0.55 0.244 0.56 0.226 0.573
0 0.421 0.697 0.405 0.686 0.404 0.664 0.398 0.64 0.389 0.625 0.374 0.604 0.366 0.587 0.361 0.558 0.362 0.535 0.377 0.484 0.393 0.457 0.408 0.447 0.421 0.43 0.435 0.421 0.452 0.416 0.47 0.417 0.484 0.423 0.499 0.437 0.516 0.467 0.519 0.478 0.526 0.492 0.531 0.508 0.534 0.525 0.534 0.54 0.529 0.575 0.523 0.599 0.502 0.639 0.498 0.642 0.48 0.643 0.462 0.651 0.433 0.679 0.421 0.697
0 0.279 0.882 0.254 0.882 0.239 0.875 0.218 0.851 0.194 0.817 0.182 0.793 0.173 0.764 0.167 0.722 0.167 0.692 0.174 0.652 0.18 0.634 0.189 0.615 0.209 0.584 0.223 0.571 0.25 0.556 0.268 0.55 0.295 0.548 0.319 0.554 0.335 0.562 0.35 0.573 0.367 0.592 0.376 0.608 0.39 0.627 0.4 0.644 0.407 0.687 0.407 0.697 0.401 0.733 0.399 0.773 0.39 0.786 0.383 0.806 0.374 0.817 0.366 0.833 0.351 0.851 0.323 0.869 0.308 0.876 0.279 0.882
0 0.17 0.728 0.146 0.723 0.125 0.707 0.111 0.683 0.103 0.653 0.119 0.616 0.124 0.593 0.132 0.568 0.142 0.548 0.159 0.542 0.189 0.522 0.195 0.524 0.205 0.547 0.216 0.561 0.226 0.568 0.2 0.601 0.175 0.647 0.17 0.675 0.17 0.72
