0 0.614 0.554 0.599 0.553 0.586 0.546 0.57 0.506 0.57 0.491 0.573 0.476 0.582 0.46 0.59 0.45 0.608 0.448 0.625 0.456 0.636 0.471 0.641 0.507 0.638 0.528 0.629 0.542 0.614 0.554
0 0.595 0.726 0.588 0.724 0.563 0.702 0.556 0.68 0.554 0.666 0.554 0.645 0.556 0.63 0.563 0.613 0.583 0.59 0.612 0.575 0.628 0.577 0.642 0.584 0.649 0.603 0.653 0.623 0.652 0.643 0.647 0.691 0.638 0.706 0.628 0.714 0.612 0.723 0.595 0.726
0 0.542 0.62 0.524 0.618 0.512 0.608 0.504 0.588 0.499 0.569 0.496 0.556 0.496 0.537 0.501 0.518 0.518 0.504 0.539 0.5 0.56 0.514 0.569 0.527 0.58 0.56 0.58 0.583 0.575 0.595 0.561 0.61 0.542 0.62
0 0.537 0.494 0.521 0.493 0.503 0.478 0.496 0.465 0.494 0.451 0.495 0.431 0.503 0.412 0.509 0.403 0.524 0.398 0.541 0.398 0.551 0.406 0.563 0.421 0.566 0.453 0.561 0.468 0.555 0.481 0.547 0.492 0.537 0.494
0 0.574 0.416 0.569 0.416 0.544 0.394 0.525 0.388 0.515 0.377 0.508 0.341 0.513 0.325 0.522 0.31 0.539 0.301 0.549 0.301 0.564 0.306 0.581 0.316 0.598 0.339 0.604 0.368 0.604 0.39 0.599 0.403 0.579 0.416 0.574 0.416
0 0.454 0.532 0.445 0.532 0.421 0.523 0.414 0.514 0.409 0.501 0.407 0.463 0.41 0.446 0.434 0.4 0.448 0.386 0.466 0.382 0.478 0.391 0.485 0.408 0.489 0.455 0.491 0.501 0.475 0.523 0.462 0.531 0.454 0.532
0 0.39 0.492 0.353 0.492 0.342 0.482 0.336 0.463 0.333 0.433 0.34 0.424 0.377 0.41 0.396 0.408 0.408 0.413 0.415 0.419 0.417 0.421 0.417 0.432 0.405 0.451 0.401 0.463 0.402 0.481 0.397 0.492 0.39 0.492
0 0.363 0.609 0.357 0.609 0.343 0.598 0.337 0.577 0.337 0.54 0.346 0.505 0.361 0.496 0.383 0.496 0.396 0.506 0.409 0.524 0.413 0.565 0.394 0.604 0.382 0.608 0.363 0.609
0 0.462 0.695 0.456 0.695 0.445 0.687 0.418 0.642 0.409 0.609 0.41 0.584 0.419 0.553 0.436 0.54 0.45 0.536 0.464 0.536 0.483 0.553 0.49 0.562 0.501 0.584 0.507 0.605 0.511 0.632 0.512 0.65 0.506 0.664 0.496 0.681 0.483 0.692 0.462 0.695
0 0.393 0.723 0.374 0.722 0.363 0.714 0.353 0.699 0.347 0.686 0.347 0.662 0.353 0.647 0.369 0.628 0.377 0.624 0.395 0.623 0.407 0.634 0.417 0.654 0.423 0.675 0.42 0.691 0.412 0.709 0.403 0.72 0.393 0.72
