0 0.624 0.598 0.621 0.598 0.608 0.587 0.601 0.575 0.598 0.547 0.614 0.516 0.63 0.512 0.652 0.526 0.659 0.537 0.662 0.558 0.659 0.57 0.643 0.595 0.624 0.598
0 0.581 0.673 0.56 0.672 0.554 0.665 0.548 0.647 0.532 0.621 0.528 0.608 0.528 0.593 0.536 0.578 0.545 0.566 0.56 0.558 0.573 0.558 0.598 0.578 0.614 0.602 0.617 0.617 0.619 0.63 0.617 0.643 0.611 0.653 0.581 0.673
0 0.555 0.556 0.528 0.551 0.522 0.539 0.519 0.527 0.519 0.501 0.525 0.484 0.534 0.476 0.545 0.471 0.57 0.471 0.577 0.48 0.582 0.495 0.584 0.525 0.582 0.535 0.572 0.548 0.566 0.554 0.555 0.556
0 0.609 0.511 0.594 0.508 0.586 0.5 0.578 0.475 0.582 0.462 0.594 0.441 0.606 0.438 0.62 0.439 0.634 0.455 0.638 0.472 0.638 0.482 0.626 0.5 0.616 0.51 0.609 0.511
0 0.63 0.437 0.611 0.436 0.595 0.424 0.586 0.414 0.577 0.374 0.576 0.354 0.578 0.341 0.592 0.334 0.601 0.334 0.612 0.338 0.629 0.35 0.646 0.369 0.652 0.388 0.653 0.411 0.646 0.426 0.637 0.436 0.63 0.437
0 0.568 0.349 0.555 0.346 0.538 0.331 0.531 0.313 0.53 0.301 0.535 0.278 0.552 0.262 0.565 0.254 0.582 0.257 0.593 0.262 0.6 0.276 0.601 0.283 0.601 0.309 0.595 0.322 0.586 0.336 0.568 0.349
0 0.545 0.468 0.527 0.464 0.519 0.455 0.511 0.439 0.508 0.428 0.508 0.37 0.501 0.388 0.495 0.397 0.474 0.399 0.468 0.392 0.458 0.363 0.453 0.323 0.454 0.307 0.464 0.298 0.491 0.295 0.502 0.299 0.507 0.306 0.514 0.322 0.516 0.34 0.51 0.365 0.518 0.352 0.534 0.342 0.546 0.347 0.554 0.355 0.564 0.373 0.572 0.406 0.573 0.447 0.563 0.465 0.545 0.468
0 0.418 0.401 0.411 0.401 0.391 0.393 0.375 0.381 0.369 0.37 0.368 0.354 0.37 0.342 0.372 0.339 0.397 0.317 0.414 0.314 0.436 0.316 0.448 0.323 0.452 0.332 0.456 0.366 0.447 0.391 0.437 0.398 0.418 0.401
0 0.49 0.488 0.476 0.488 0.469 0.482 0.453 0.462 0.448 0.449 0.445 0.416 0.454 0.395 0.465 0.386 0.487 0.394 0.503 0.398 0.508 0.425 0.508 0.459 0.499 0.48 0.49 0.488
0 0.414 0.485 0.408 0.485 0.387 0.464 0.375 0.447 0.371 0.434 0.375 0.417 0.386 0.406 0.4 0.402 0.428 0.404 0.44 0.415 0.446 0.443 0.446 0.464 0.444 0.476 0.431 0.483 0.414 0.485
0 0.448 0.562 0.434 0.556 0.422 0.544 0.418 0.53 0.417 0.517 0.423 0.501 0.433 0.492 0.452 0.482 0.471 0.484 0.482 0.501 0.482 0.531 0.47 0.552 0.448 0.562
0 0.388 0.57 0.374 0.569 0.363 0.559 0.35 0.542 0.345 0.525 0.343 0.501 0.345 0.485 0.353 0.471 0.376 0.462 0.392 0.466 0.399 0.477 0.416 0.511 0.415 0.548 0.388 0.57
0 0.422 0.646 0.41 0.646 0.4 0.638 0.394 0.624 0.39 0.598 0.39 0.579 0.401 0.566 0.415 0.556 0.424 0.555 0.437 0.56 0.446 0.568 0.451 0.583 0.451 0.598 0.445 0.621 0.434 0.638 0.422 0.646
0 0.491 0.685 0.483 0.682 0.467 0.663 0.461 0.644 0.457 0.614 0.457 0.571 0.468 0.552 0.481 0.548 0.5 0.548 0.517 0.565 0.528 0.617 0.528 0.64 0.516 0.666 0.504 0.683 0.491 0.68
