0 0.585 0.71 0.564 0.708 0.545 0.702 0.53 0.691 0.52 0.682 0.511 0.67 0.501 0.653 0.494 0.629 0.49 0.607 0.49 0.583 0.492 0.552 0.497 0.536 0.506 0.516 0.514 0.505 0.534 0.487 0.541 0.482 0.561 0.475 0.581 0.474 0.597 0.479 0.623 0.495 0.638 0.508 0.65 0.524 0.661 0.546 0.667 0.565 0.673 0.592 0.672 0.612 0.669 0.63 0.664 0.646 0.652 0.667 0.647 0.672 0.638 0.685 0.622 0.698 0.599 0.708 0.585 0.71
0 0.816 0.84 0.791 0.839 0.773 0.833 0.758 0.824 0.744 0.811 0.73 0.792 0.72 0.771 0.709 0.738 0.705 0.711 0.703 0.707 0.702 0.698 0.705 0.694 0.705 0.682 0.704 0.679 0.706 0.676 0.709 0.652 0.714 0.636 0.721 0.623 0.732 0.607 0.745 0.594 0.761 0.584 0.778 0.578 0.786 0.577 0.817 0.578 0.839 0.584 0.857 0.594 0.879 0.614 0.896 0.637 0.904 0.653 0.909 0.665 0.914 0.689 0.914 0.719 0.912 0.742 0.906 0.763 0.896 0.789 0.882 0.807 0.861 0.827 0.84 0.836 0.816 0.84
0 0.602 0.329 0.582 0.326 0.57 0.32 0.539 0.288 0.529 0.272 0.52 0.251 0.514 0.231 0.512 0.207 0.514 0.176 0.518 0.161 0.528 0.135 0.536 0.119 0.545 0.108 0.559 0.095 0.577 0.083 0.588 0.078 0.609 0.077 0.622 0.08 0.635 0.088 0.649 0.102 0.661 0.119 0.683 0.157 0.69 0.174 0.693 0.191 0.694 0.211 0.691 0.234 0.681 0.266 0.671 0.285 0.66 0.299 0.643 0.315 0.634 0.321 0.618 0.327 0.602 0.329
0 0.253 0.378 0.225 0.378 0.202 0.372 0.179 0.36 0.166 0.345 0.16 0.331 0.158 0.317 0.154 0.305 0.143 0.298 0.144 0.293 0.149 0.289 0.158 0.289 0.166 0.285 0.163 0.274 0.152 0.251 0.148 0.238 0.146 0.224 0.147 0.202 0.152 0.179 0.162 0.153 0.172 0.136 0.189 0.119 0.205 0.107 0.225 0.097 0.249 0.093 0.275 0.093 0.288 0.096 0.303 0.103 0.317 0.113 0.327 0.125 0.331 0.134 0.336 0.151 0.349 0.182 0.361 0.218 0.364 0.235 0.363 0.255 0.355 0.287 0.349 0.303 0.334 0.328 0.323 0.343 0.308 0.357 0.288 0.369 0.266 0.377 0.253 0.378
0 0.392 0.545 0.377 0.545 0.354 0.537 0.341 0.53 0.326 0.517 0.313 0.5 0.301 0.476 0.294 0.452 0.291 0.432 0.291 0.412 0.299 0.381 0.304 0.369 0.324 0.341 0.34 0.327 0.357 0.317 0.386 0.311 0.402 0.313 0.416 0.318 0.431 0.326 0.447 0.34 0.459 0.357 0.465 0.37 0.47 0.387 0.473 0.407 0.472 0.44 0.467 0.461 0.455 0.49 0.442 0.514 0.431 0.527 0.421 0.536 0.405 0.543 0.392 0.545
0 0.739 0.999 0.554 0.999 0.544 0.964 0.541 0.948 0.541 0.931 0.553 0.896 0.574 0.842 0.579 0.819 0.586 0.806 0.596 0.794 0.609 0.786 0.632 0.78 0.649 0.782 0.661 0.785 0.688 0.798 0.705 0.811 0.721 0.829 0.731 0.844 0.74 0.862 0.747 0.884 0.751 0.91 0.752 0.939 0.75 0.957 0.746 0.977 0.739 0.999
0 0.303 0.808 0.279 0.804 0.261 0.796 0.246 0.784 0.231 0.764 0.219 0.738 0.212 0.71 0.211 0.681 0.213 0.66 0.219 0.637 0.229 0.612 0.239 0.595 0.264 0.565 0.288 0.548 0.304 0.54 0.327 0.534 0.347 0.535 0.363 0.542 0.377 0.551 0.389 0.567 0.399 0.585 0.413 0.621 0.418 0.642 0.42 0.665 0.417 0.685 0.412 0.706 0.406 0.721 0.389 0.75 0.373 0.772 0.357 0.786 0.333 0.8 0.317 0.806 0.303 0.808
0 0.489 0.946 0.465 0.946 0.445 0.94 0.428 0.93 0.411 0.917 0.399 0.902 0.389 0.881 0.383 0.863 0.38 0.839 0.38 0.807 0.383 0.782 0.392 0.751 0.402 0.728 0.416 0.707 0.435 0.689 0.453 0.678 0.473 0.671 0.491 0.67 0.507 0.674 0.516 0.679 0.542 0.701 0.55 0.71 0.557 0.721 0.57 0.751 0.574 0.768 0.576 0.787 0.576 0.804 0.574 0.831 0.564 0.865 0.55 0.901 0.538 0.919 0.523 0.933 0.507 0.942 0.489 0.946
0 0.765 0.198 0.742 0.195 0.72 0.183 0.704 0.17 0.696 0.158 0.69 0.146 0.679 0.117 0.674 0.084 0.674 0.054 0.681 0.002 0.892 0.002 0.892 0.038 0.888 0.067 0.876 0.105 0.864 0.13 0.841 0.161 0.819 0.179 0.788 0.194 0.765 0.198
0 0.066 0.359 0.048 0.359 0.025 0.349 0.002 0.332 0.001 0.329 0.001 0.089 0.015 0.078 0.035 0.07 0.05 0.068 0.068 0.07 0.085 0.077 0.104 0.089 0.126 0.106 0.146 0.127 0.156 0.144 0.161 0.155 0.15 0.184 0.147 0.202 0.146 0.223 0.15 0.246 0.164 0.278 0.165 0.286 0.158 0.289 0.149 0.29 0.145 0.293 0.144 0.299 0.151 0.303 0.153 0.306 0.149 0.313 0.137 0.327 0.103 0.346 0.084 0.354 0.066 0.359
0 0.266 0.999 0.139 0.999 0.131 0.989 0.123 0.975 0.115 0.951 0.111 0.93 0.111 0.898 0.115 0.874 0.126 0.837 0.137 0.813 0.151 0.793 0.169 0.775 0.182 0.768 0.2 0.761 0.216 0.758 0.227 0.758 0.239 0.776 0.255 0.792 0.271 0.802 0.293 0.808 0.297 0.815 0.305 0.837 0.31 0.861 0.31 0.889 0.307 0.913 0.302 0.935 0.295 0.954 0.281 0.978 0.266 0.999
0 0.072 0.753 0.046 0.75 0.034 0.746 0.001 0.723 0.001 0.523 0.01 0.513 0.03 0.501 0.046 0.498 0.059 0.499 0.091 0.514 0.139 0.541 0.15 0.549 0.159 0.561 0.165 0.574 0.168 0.588 0.169 0.614 0.166 0.637 0.159 0.664 0.147 0.69 0.126 0.721 0.109 0.738 0.094 0.748 0.072 0.753
0 0.17 0.551 0.157 0.55 0.149 0.548 0.12 0.53 0.099 0.519 0.091 0.514 0.087 0.503 0.081 0.496 0.063 0.455 0.06 0.439 0.059 0.422 0.059 0.401 0.061 0.383 0.065 0.37 0.073 0.358 0.1 0.348 0.119 0.346 0.132 0.342 0.157 0.325 0.166 0.345 0.172 0.353 0.183 0.363 0.204 0.373 0.236 0.38 0.237 0.382 0.244 0.406 0.246 0.427 0.243 0.463 0.238 0.483 0.224 0.511 0.207 0.531 0.189 0.545 0.17 0.551
0 0.682 0.573 0.669 0.572 0.663 0.553 0.654 0.532 0.645 0.517 0.636 0.506 0.626 0.497 0.606 0.484 0.59 0.477 0.577 0.473 0.577 0.455 0.578 0.438 0.582 0.421 0.587 0.406 0.595 0.392 0.605 0.379 0.614 0.37 0.626 0.363 0.65 0.356 0.671 0.356 0.693 0.361 0.705 0.366 0.71 0.393 0.718 0.416 0.737 0.447 0.75 0.46 0.75 0.469 0.747 0.49 0.743 0.509 0.735 0.527 0.711 0.558 0.701 0.565 0.682 0.573
0 0.493 0.629 0.486 0.627 0.468 0.617 0.454 0.604 0.444 0.593 0.433 0.577 0.427 0.564 0.422 0.551 0.42 0.538 0.432 0.528 0.441 0.515 0.457 0.488 0.463 0.473 0.472 0.443 0.473 0.403 0.493 0.397 0.507 0.397 0.525 0.401 0.534 0.406 0.547 0.415 0.558 0.425 0.568 0.438 0.575 0.451 0.577 0.457 0.577 0.474 0.556 0.477 0.54 0.484 0.517 0.503 0.505 0.519 0.497 0.536 0.492 0.552 0.491 0.564 0.49 0.592 0.493 0.629
0 0.483 0.248 0.473 0.248 0.455 0.243 0.44 0.231 0.408 0.187 0.401 0.169 0.396 0.149 0.396 0.122 0.397 0.112 0.406 0.072 0.412 0.056 0.417 0.046 0.43 0.031 0.442 0.023 0.454 0.018 0.475 0.018 0.492 0.021 0.507 0.027 0.523 0.038 0.537 0.054 0.542 0.064 0.548 0.077 0.553 0.096 0.553 0.1 0.541 0.113 0.53 0.132 0.517 0.162 0.514 0.177 0.512 0.199 0.514 0.234 0.493 0.247 0.483 0.248
0 0.591 0.798 0.577 0.797 0.574 0.765 0.568 0.745 0.556 0.718 0.545 0.703 0.573 0.71 0.59 0.71 0.606 0.705 0.631 0.689 0.638 0.684 0.65 0.667 0.662 0.649 0.669 0.631 0.672 0.607 0.674 0.605 0.679 0.609 0.687 0.623 0.706 0.668 0.706 0.675 0.704 0.68 0.705 0.682 0.705 0.694 0.702 0.698 0.708 0.733 0.706 0.746 0.694 0.767 0.672 0.79 0.658 0.784 0.642 0.78 0.63 0.78 0.608 0.786 0.591 0.798
0 0.737 0.601 0.727 0.594 0.721 0.585 0.715 0.57 0.712 0.556 0.732 0.531 0.74 0.516 0.747 0.49 0.751 0.462 0.768 0.473 0.787 0.479 0.816 0.479 0.827 0.482 0.845 0.478 0.865 0.468 0.869 0.472 0.875 0.484 0.88 0.5 0.883 0.517 0.883 0.533 0.881 0.548 0.875 0.565 0.868 0.577 0.858 0.589 0.852 0.593 0.838 0.585 0.825 0.58 0.805 0.577 0.786 0.577 0.762 0.584 0.737 0.601
0 0.174 0.772 0.159 0.754 0.152 0.738 0.15 0.729 0.148 0.698 0.148 0.686 0.159 0.662 0.166 0.639 0.169 0.618 0.17 0.596 0.192 0.572 0.21 0.563 0.22 0.559 0.232 0.558 0.248 0.558 0.26 0.561 0.263 0.566 0.24 0.593 0.231 0.608 0.215 0.652 0.211 0.68 0.212 0.707 0.219 0.737 0.227 0.758 0.204 0.76 0.174 0.772
0 0.573 0.425 0.561 0.425 0.556 0.422 0.538 0.401 0.531 0.396 0.52 0.394 0.499 0.395 0.49 0.393 0.482 0.385 0.475 0.371 0.473 0.363 0.473 0.323 0.477 0.301 0.485 0.277 0.494 0.258 0.502 0.248 0.514 0.234 0.521 0.255 0.533 0.279 0.542 0.29 0.569 0.318 0.581 0.325 0.593 0.328 0.602 0.329 0.623 0.326 0.621 0.352 0.616 0.367 0.595 0.392 0.587 0.406 0.582 0.42 0.573 0.425
0 0.349 0.175 0.346 0.174 0.337 0.155 0.331 0.136 0.325 0.123 0.31 0.108 0.291 0.098 0.272 0.093 0.255 0.092 0.233 0.095 0.227 0.078 0.224 0.061 0.226 0.025 0.232 0.0 0.391 0.0 0.393 0.003 0.4 0.021 0.404 0.044 0.403 0.074 0.398 0.101 0.386 0.133 0.377 0.149 0.366 0.164 0.349 0.175
0 0.16 0.153 0.147 0.129 0.131 0.111 0.106 0.09 0.082 0.074 0.08 0.059 0.075 0.051 0.072 0.041 0.073 0.037 0.077 0.034 0.081 0.0 0.232 0.0 0.226 0.029 0.224 0.056 0.227 0.077 0.233 0.095 0.214 0.103 0.192 0.116 0.179 0.128 0.164 0.15 0.16 0.153
0 0.462 0.362 0.447 0.339 0.434 0.329 0.416 0.317 0.398 0.312 0.385 0.311 0.359 0.316 0.344 0.325 0.326 0.338 0.347 0.306 0.358 0.276 0.363 0.258 0.363 0.237 0.358 0.205 0.379 0.192 0.394 0.191 0.404 0.194 0.413 0.198 0.428 0.214 0.461 0.265 0.468 0.281 0.472 0.294 0.473 0.315 0.471 0.336 0.467 0.351 0.462 0.362
0 0.359 0.983 0.339 0.982 0.313 0.974 0.3 0.965 0.293 0.956 0.301 0.937 0.307 0.916 0.31 0.883 0.308 0.851 0.304 0.833 0.295 0.809 0.316 0.806 0.333 0.8 0.357 0.786 0.373 0.771 0.382 0.784 0.379 0.807 0.379 0.835 0.38 0.851 0.386 0.878 0.396 0.898 0.405 0.91 0.427 0.93 0.414 0.952 0.393 0.972 0.38 0.98 0.359 0.983
0 0.884 0.999 0.799 0.999 0.784 0.986 0.77 0.97 0.759 0.951 0.753 0.937 0.752 0.932 0.75 0.885 0.753 0.853 0.758 0.825 0.775 0.833 0.793 0.839 0.81 0.84 0.829 0.839 0.841 0.836 0.858 0.828 0.87 0.82 0.889 0.8 0.909 0.819 0.918 0.836 0.924 0.853 0.925 0.871 0.922 0.914 0.916 0.939 0.905 0.968 0.894 0.986 0.884 0.999
0 0.264 0.566 0.252 0.551 0.242 0.528 0.238 0.507 0.239 0.478 0.243 0.462 0.248 0.447 0.262 0.42 0.275 0.403 0.296 0.39 0.291 0.413 0.291 0.43 0.293 0.449 0.299 0.471 0.307 0.489 0.318 0.507 0.334 0.525 0.349 0.536 0.327 0.535 0.311 0.538 0.294 0.545 0.264 0.566
0 0.886 0.452 0.884 0.45 0.892 0.439 0.897 0.428 0.906 0.397 0.908 0.364 0.906 0.354 0.904 0.322 0.892 0.289 0.878 0.267 0.86 0.248 0.834 0.234 0.852 0.216 0.866 0.206 0.887 0.199 0.902 0.2 0.917 0.205 0.932 0.215 0.947 0.23 0.958 0.245 0.965 0.257 0.973 0.278 0.977 0.294 0.979 0.316 0.976 0.335 0.969 0.355 0.957 0.376 0.925 0.427 0.917 0.436 0.908 0.444 0.886 0.452
0 0.706 0.368 0.689 0.361 0.672 0.357 0.654 0.356 0.638 0.358 0.629 0.343 0.624 0.327 0.642 0.317 0.657 0.304 0.672 0.284 0.681 0.266 0.688 0.245 0.693 0.22 0.694 0.197 0.692 0.175 0.712 0.178 0.727 0.188 0.745 0.196 0.761 0.214 0.77 0.233 0.749 0.245 0.739 0.254 0.732 0.265 0.725 0.272 0.718 0.286 0.712 0.303 0.708 0.326 0.706 0.368
0 0.902 0.79 0.896 0.79 0.906 0.764 0.912 0.743 0.914 0.727 0.914 0.693 0.911 0.674 0.903 0.652 0.886 0.623 0.871 0.607 0.854 0.593 0.867 0.578 0.878 0.56 0.902 0.562 0.915 0.57 0.927 0.579 0.937 0.59 0.941 0.598 0.95 0.603 0.949 0.611 0.965 0.649 0.971 0.671 0.974 0.692 0.974 0.707 0.97 0.726 0.966 0.738 0.958 0.749 0.95 0.76 0.934 0.773 0.913 0.786 0.902 0.79
0 0.999 0.593 0.987 0.591 0.972 0.583 0.96 0.574 0.944 0.556 0.929 0.527 0.925 0.509 0.923 0.49 0.925 0.462 0.929 0.438 0.943 0.404 0.956 0.384 0.97 0.365 0.986 0.353 0.998 0.348 0.999 0.358 0.999 0.593
0 0.952 0.192 0.935 0.189 0.914 0.176 0.896 0.154 0.884 0.128 0.882 0.114 0.882 0.087 0.888 0.066 0.892 0.021 0.898 0.002 1.0 0.002 1.0 0.18 0.993 0.184 0.952 0.192
0 0.0 0.722 0.033 0.744 0.044 0.749 0.059 0.752 0.073 0.752 0.092 0.748 0.119 0.731 0.122 0.733 0.123 0.737 0.12 0.744 0.12 0.77 0.117 0.79 0.112 0.802 0.101 0.819 0.091 0.841 0.082 0.849 0.069 0.858 0.042 0.871 0.025 0.875 0.004 0.873 0.001 0.876 0.0 0.874
0 0.683 0.151 0.677 0.147 0.661 0.119 0.649 0.102 0.635 0.088 0.621 0.08 0.608 0.077 0.586 0.079 0.569 0.088 0.554 0.099 0.554 0.075 0.557 0.039 0.564 0.012 0.569 0.0 0.681 0.0 0.674 0.053 0.673 0.078 0.679 0.117 0.688 0.145 0.683 0.151
0 0.919 0.571 0.903 0.562 0.878 0.558 0.883 0.532 0.883 0.51 0.876 0.484 0.867 0.467 0.883 0.452 0.903 0.448 0.914 0.448 0.919 0.452 0.922 0.462 0.922 0.487 0.924 0.508 0.929 0.527 0.936 0.543 0.936 0.547 0.919 0.571
0 0.969 0.735 0.966 0.734 0.973 0.712 0.974 0.694 0.971 0.675 0.965 0.65 0.949 0.612 0.95 0.602 0.942 0.597 0.927 0.579 0.919 0.572 0.937 0.545 0.958 0.571 0.965 0.578 0.985 0.591 0.993 0.607 0.999 0.625 1.0 0.673 0.997 0.689 0.994 0.699 0.986 0.717 0.976 0.73 0.969 0.735
0 0.0 0.41 0.003 0.409 0.021 0.416 0.03 0.421 0.046 0.434 0.055 0.446 0.06 0.458 0.066 0.477 0.068 0.491 0.067 0.502 0.053 0.498 0.036 0.5 0.019 0.507 0.002 0.522 0.0 0.521
0 0.116 0.954 0.109 0.948 0.097 0.931 0.088 0.904 0.087 0.877 0.091 0.847 0.102 0.819 0.117 0.796 0.145 0.774 0.165 0.766 0.169 0.767 0.174 0.772 0.153 0.791 0.136 0.815 0.128 0.832 0.117 0.865 0.115 0.876 0.111 0.904 0.112 0.933 0.116 0.954
0 0.532 0.999 0.524 0.999 0.525 0.988 0.513 0.991 0.501 0.991 0.484 0.987 0.473 0.982 0.465 0.974 0.458 0.964 0.448 0.941 0.477 0.946 0.502 0.943 0.511 0.939 0.523 0.931 0.54 0.916 0.541 0.945 0.547 0.979 0.544 0.982 0.533 0.987 0.532 0.999
0 0.823 0.482 0.819 0.482 0.817 0.48 0.808 0.481 0.801 0.477 0.781 0.477 0.768 0.474 0.753 0.464 0.738 0.449 0.723 0.426 0.714 0.406 0.708 0.386 0.706 0.363 0.707 0.333 0.711 0.307 0.715 0.291 0.725 0.27 0.731 0.265 0.739 0.253 0.753 0.242 0.768 0.234 0.782 0.23 0.794 0.229 0.819 0.23 0.84 0.237 0.855 0.245 0.867 0.254 0.884 0.275 0.9 0.299 0.907 0.317 0.906 0.32 0.911 0.327 0.909 0.335 0.91 0.361 0.908 0.367 0.907 0.393 0.902 0.413 0.892 0.439 0.877 0.458 0.867 0.467 0.846 0.478 0.823 0.482
0 0.045 0.0 0.056 0.019 0.062 0.035 0.065 0.048 0.066 0.065 0.062 0.069 0.046 0.068 0.03 0.071 0.012 0.079 0.001 0.087 0.0 0.081
0 0.0 0.335 0.004 0.333 0.026 0.348 0.047 0.357 0.073 0.357 0.066 0.368 0.062 0.38 0.059 0.382 0.047 0.384 0.026 0.382 0.0 0.371
0 0.0 0.372 0.03 0.386 0.058 0.386 0.059 0.387 0.058 0.396 0.049 0.41 0.041 0.429 0.021 0.416 0.0 0.409
0 0.785 0.22 0.764 0.22 0.746 0.196 0.775 0.196 0.794 0.192 0.818 0.179 0.835 0.166 0.847 0.152 0.852 0.149 0.857 0.142 0.858 0.134 0.87 0.118 0.876 0.116 0.882 0.121 0.884 0.126 0.883 0.132 0.878 0.142 0.875 0.153 0.869 0.158 0.863 0.169 0.852 0.184 0.825 0.208 0.807 0.215 0.8 0.216 0.785 0.22
0 0.858 0.208 0.843 0.202 0.839 0.198 0.855 0.181 0.873 0.155 0.882 0.139 0.885 0.137 0.889 0.139 0.897 0.155 0.906 0.167 0.915 0.177 0.933 0.192 0.929 0.201 0.927 0.202 0.928 0.205 0.926 0.206 0.902 0.199 0.889 0.198 0.877 0.201 0.858 0.208
0 1.0 0.323 0.999 0.317 0.992 0.312 0.99 0.312 0.988 0.307 0.982 0.308 0.982 0.306 0.978 0.3 0.974 0.278 0.964 0.255 0.951 0.234 0.936 0.217 0.936 0.189 0.946 0.191 0.964 0.189 0.993 0.183 1.0 0.178 1.0 0.323
0 0.408 0.718 0.416 0.692 0.42 0.666 0.419 0.652 0.416 0.631 0.403 0.591 0.403 0.588 0.408 0.584 0.421 0.581 0.433 0.582 0.463 0.612 0.49 0.63 0.505 0.661 0.515 0.677 0.492 0.67 0.474 0.67 0.467 0.672 0.436 0.688 0.417 0.706 0.408 0.718
0 0.114 0.801 0.117 0.787 0.119 0.769 0.117 0.761 0.112 0.75 0.111 0.738 0.126 0.721 0.139 0.703 0.142 0.702 0.142 0.7 0.145 0.699 0.148 0.705 0.15 0.73 0.152 0.738 0.161 0.758 0.163 0.764 0.159 0.768 0.139 0.778 0.114 0.801
0 0.75 0.894 0.74 0.861 0.724 0.833 0.704 0.81 0.681 0.793 0.674 0.79 0.675 0.788 0.678 0.786 0.681 0.788 0.686 0.787 0.688 0.788 0.689 0.786 0.698 0.784 0.705 0.786 0.712 0.786 0.72 0.793 0.733 0.809 0.744 0.835 0.75 0.855 0.752 0.868 0.75 0.894
0 0.923 0.848 0.917 0.835 0.91 0.823 0.889 0.8 0.897 0.789 0.914 0.785 0.938 0.77 0.936 0.774 0.937 0.798 0.935 0.817 0.928 0.838 0.923 0.84
