0 0.477 0.0 0.502 0.019 0.516 0.037 0.53 0.07 0.534 0.114 0.524 0.152 0.501 0.195 0.485 0.215 0.466 0.22 0.435 0.216 0.409 0.193 0.393 0.165 0.384 0.125 0.387 0.093 0.397 0.061 0.409 0.037 0.435 0.005 0.436 0.0
0 0.284 0.262 0.237 0.258 0.223 0.24 0.208 0.208 0.208 0.164 0.213 0.144 0.227 0.123 0.241 0.112 0.268 0.108 0.29 0.115 0.311 0.137 0.324 0.163 0.326 0.191 0.32 0.228 0.31 0.247 0.299 0.257 0.284 0.262
0 0.428 0.0 0.425 0.014 0.408 0.038 0.391 0.076 0.384 0.11 0.386 0.133 0.357 0.131 0.347 0.139 0.335 0.134 0.32 0.117 0.309 0.098 0.302 0.075 0.302 0.05 0.306 0.025 0.321 0.0
0 0.141 0.0 0.167 0.022 0.183 0.057 0.191 0.105 0.183 0.127 0.175 0.13 0.138 0.122 0.11 0.135 0.073 0.093 0.065 0.064 0.073 0.031 0.086 0.01 0.104 0.0
0 0.076 0.284 0.053 0.277 0.041 0.267 0.013 0.22 0.001 0.183 0.001 0.151 0.007 0.133 0.027 0.109 0.056 0.096 0.07 0.097 0.085 0.107 0.106 0.137 0.095 0.169 0.094 0.207 0.116 0.259 0.099 0.279 0.076 0.284
0 0.063 0.0 0.069 0.024 0.069 0.047 0.054 0.057 0.032 0.093 0.026 0.093 0.017 0.055 0.0 0.035
0 0.0 0.033 0.016 0.051 0.026 0.089 0.025 0.111 0.004 0.142 0.0 0.175
0 0.092 0.111 0.063 0.095 0.028 0.106 0.046 0.067 0.057 0.054 0.068 0.048 0.073 0.083 0.092 0.111
0 0.279 0.0 0.278 0.031 0.262 0.063 0.214 0.079 0.187 0.066 0.168 0.024 0.155 0.009 0.154 0.0
0 0.107 0.0 0.083 0.014 0.07 0.038 0.06 0.0
0 0.193 0.3 0.17 0.296 0.132 0.276 0.117 0.26 0.103 0.236 0.094 0.212 0.093 0.172 0.103 0.147 0.114 0.132 0.135 0.123 0.161 0.125 0.183 0.138 0.208 0.163 0.208 0.205 0.221 0.237 0.222 0.255 0.216 0.273 0.199 0.297 0.193 0.3
0 0.208 0.166 0.185 0.139 0.186 0.107 0.207 0.084 0.231 0.07 0.269 0.064 0.283 0.07 0.298 0.094 0.306 0.129 0.272 0.109 0.242 0.112 0.226 0.125 0.215 0.14 0.208 0.166
0 0.267 0.407 0.242 0.404 0.226 0.396 0.208 0.382 0.2 0.365 0.194 0.34 0.197 0.306 0.203 0.288 0.219 0.27 0.239 0.262 0.286 0.265 0.306 0.28 0.322 0.31 0.328 0.347 0.321 0.378 0.3 0.401 0.267 0.407
0 0.141 0.536 0.124 0.534 0.105 0.517 0.09 0.487 0.088 0.467 0.089 0.442 0.097 0.416 0.116 0.388 0.136 0.375 0.161 0.379 0.174 0.386 0.188 0.403 0.2 0.429 0.193 0.462 0.196 0.488 0.193 0.498 0.176 0.522 0.157 0.532 0.141 0.536
0 0.289 0.565 0.249 0.556 0.223 0.535 0.198 0.499 0.192 0.463 0.197 0.436 0.21 0.411 0.229 0.401 0.257 0.408 0.289 0.407 0.314 0.424 0.331 0.446 0.338 0.461 0.342 0.48 0.34 0.516 0.332 0.532 0.315 0.552 0.289 0.565
0 0.362 0.321 0.348 0.318 0.331 0.296 0.32 0.261 0.317 0.24 0.33 0.16 0.347 0.139 0.37 0.131 0.386 0.136 0.397 0.174 0.421 0.208 0.422 0.235 0.417 0.268 0.405 0.304 0.383 0.32 0.362 0.321
0 0.0 0.253 0.006 0.241 0.02 0.234 0.035 0.255 0.054 0.275 0.089 0.285 0.099 0.281 0.101 0.295 0.099 0.312 0.09 0.332 0.063 0.351 0.021 0.347 0.008 0.336 0.0 0.319
0 0.195 0.413 0.174 0.386 0.159 0.377 0.135 0.374 0.109 0.393 0.094 0.38 0.089 0.347 0.092 0.329 0.108 0.292 0.117 0.282 0.137 0.277 0.185 0.298 0.196 0.352 0.204 0.376 0.2 0.403 0.195 0.413
0 0.0 0.349 0.019 0.347 0.075 0.365 0.084 0.388 0.087 0.411 0.066 0.443 0.035 0.42 0.0 0.416
0 0.0 0.418 0.031 0.418 0.063 0.442 0.079 0.47 0.081 0.502 0.08 0.508 0.059 0.52 0.049 0.533 0.034 0.574 0.013 0.577 0.0 0.585
0 0.109 0.667 0.059 0.646 0.047 0.627 0.04 0.607 0.036 0.573 0.043 0.547 0.058 0.52 0.075 0.511 0.097 0.508 0.129 0.532 0.157 0.531 0.18 0.561 0.18 0.622 0.157 0.65 0.131 0.664 0.109 0.667
0 0.422 0.536 0.404 0.535 0.377 0.516 0.354 0.487 0.342 0.461 0.337 0.437 0.339 0.409 0.347 0.385 0.358 0.372 0.383 0.361 0.408 0.367 0.444 0.395 0.462 0.422 0.472 0.455 0.471 0.495 0.466 0.507 0.451 0.524 0.422 0.536
0 0.0 0.655 0.027 0.647 0.057 0.65 0.081 0.666 0.093 0.684 0.095 0.694 0.094 0.702 0.082 0.73 0.078 0.757 0.04 0.785 0.0 0.798
0 0.14 0.832 0.113 0.824 0.091 0.799 0.08 0.768 0.081 0.73 0.09 0.709 0.105 0.686 0.136 0.658 0.168 0.649 0.201 0.657 0.212 0.668 0.221 0.687 0.227 0.737 0.208 0.778 0.184 0.809 0.163 0.825 0.14 0.832
0 0.031 0.997 0.012 0.997 0.004 0.974 0.001 0.921 0.007 0.864 0.027 0.833 0.038 0.823 0.063 0.815 0.091 0.82 0.112 0.844 0.124 0.886 0.122 0.94 0.111 0.989 0.107 0.997 0.031 0.997
0 0.004 0.654 0.001 0.651 0.001 0.582 0.009 0.576 0.03 0.573 0.037 0.584 0.046 0.624 0.059 0.651 0.028 0.647 0.004 0.654
0 0.0 0.82 0.002 0.797 0.041 0.785 0.06 0.789 0.093 0.816 0.092 0.82 0.071 0.815 0.05 0.817 0.032 0.827 0.017 0.844 0.002 0.846 0.0 0.828
0 0.344 0.834 0.324 0.832 0.302 0.819 0.282 0.799 0.267 0.773 0.263 0.739 0.269 0.705 0.282 0.68 0.3 0.659 0.317 0.655 0.336 0.657 0.359 0.67 0.365 0.677 0.373 0.712 0.391 0.752 0.393 0.768 0.376 0.812 0.361 0.828 0.344 0.834
0 0.251 0.905 0.226 0.899 0.208 0.875 0.203 0.858 0.202 0.804 0.208 0.78 0.224 0.741 0.245 0.723 0.263 0.72 0.263 0.745 0.271 0.783 0.294 0.811 0.313 0.824 0.315 0.84 0.308 0.875 0.301 0.886 0.282 0.899 0.251 0.905
0 0.182 0.959 0.131 0.958 0.12 0.952 0.123 0.883 0.114 0.849 0.124 0.832 0.155 0.83 0.178 0.814 0.2 0.814 0.209 0.872 0.222 0.895 0.213 0.925 0.205 0.939 0.196 0.951 0.182 0.95
