0 0.389 0.267 0.379 0.266 0.36 0.255 0.355 0.249 0.35 0.236 0.363 0.222 0.369 0.21 0.377 0.187 0.383 0.149 0.393 0.162 0.401 0.178 0.406 0.195 0.408 0.212 0.409 0.23 0.405 0.246 0.399 0.259 0.389 0.267
0 0.396 0.158 0.387 0.154 0.383 0.148 0.382 0.098 0.38 0.083 0.383 0.085 0.389 0.084 0.397 0.09 0.404 0.097 0.404 0.103 0.407 0.108 0.407 0.131 0.406 0.145 0.401 0.155 0.396 0.158
0 0.303 0.317 0.294 0.316 0.287 0.307 0.288 0.287 0.291 0.276 0.313 0.246 0.333 0.248 0.341 0.245 0.347 0.239 0.349 0.241 0.353 0.249 0.361 0.281 0.361 0.292 0.357 0.302 0.349 0.311 0.339 0.315 0.303 0.317
0 0.289 0.281 0.276 0.279 0.262 0.272 0.256 0.268 0.249 0.254 0.248 0.237 0.25 0.226 0.254 0.218 0.264 0.207 0.272 0.205 0.277 0.214 0.291 0.231 0.306 0.243 0.313 0.247 0.297 0.265 0.289 0.281
0 0.384 0.576 0.369 0.572 0.362 0.565 0.367 0.554 0.371 0.529 0.372 0.5 0.37 0.486 0.38 0.486 0.39 0.491 0.403 0.506 0.404 0.515 0.405 0.542 0.403 0.558 0.395 0.571 0.384 0.576
0 0.389 0.491 0.37 0.483 0.369 0.463 0.365 0.443 0.357 0.419 0.352 0.408 0.361 0.4 0.386 0.397 0.398 0.412 0.401 0.42 0.404 0.44 0.403 0.45 0.405 0.475 0.398 0.487 0.389 0.491
0 0.351 0.409 0.346 0.395 0.332 0.374 0.324 0.366 0.306 0.356 0.32 0.348 0.333 0.347 0.343 0.35 0.354 0.357 0.359 0.367 0.36 0.384 0.357 0.399 0.351 0.409
0 0.346 0.656 0.334 0.654 0.324 0.647 0.311 0.631 0.307 0.622 0.322 0.62 0.334 0.613 0.347 0.599 0.359 0.581 0.366 0.588 0.376 0.602 0.377 0.61 0.376 0.621 0.371 0.637 0.363 0.647 0.355 0.654 0.346 0.656
0 0.283 0.653 0.266 0.651 0.256 0.643 0.246 0.63 0.241 0.612 0.241 0.601 0.248 0.587 0.254 0.584 0.26 0.585 0.267 0.596 0.278 0.609 0.301 0.622 0.302 0.631 0.299 0.641 0.292 0.649 0.283 0.653
0 0.372 0.64 0.368 0.639 0.373 0.632 0.376 0.623 0.377 0.607 0.375 0.601 0.362 0.584 0.363 0.58 0.369 0.571 0.373 0.574 0.385 0.576 0.394 0.571 0.401 0.584 0.4 0.606 0.393 0.621 0.385 0.633 0.372 0.64
0 0.384 0.776 0.369 0.773 0.362 0.755 0.353 0.742 0.342 0.735 0.325 0.729 0.329 0.71 0.337 0.7 0.347 0.694 0.363 0.69 0.375 0.69 0.385 0.694 0.404 0.71 0.414 0.728 0.415 0.745 0.411 0.754 0.402 0.766 0.384 0.776
0 0.389 0.907 0.383 0.906 0.386 0.853 0.381 0.814 0.385 0.813 0.399 0.817 0.412 0.832 0.417 0.859 0.41 0.89 0.405 0.894 0.401 0.902 0.389 0.907
0 0.372 0.966 0.366 0.963 0.369 0.959 0.377 0.936 0.383 0.905 0.389 0.907 0.4 0.903 0.415 0.922 0.415 0.937 0.412 0.956 0.404 0.963 0.374 0.964 0.372 0.966
0 0.546 0.298 0.537 0.298 0.525 0.295 0.517 0.286 0.514 0.27 0.515 0.255 0.527 0.229 0.539 0.226 0.545 0.221 0.566 0.193 0.577 0.204 0.581 0.215 0.587 0.251 0.587 0.268 0.583 0.276 0.572 0.287 0.558 0.295 0.546 0.298
0 0.488 0.306 0.478 0.305 0.464 0.296 0.457 0.286 0.453 0.275 0.451 0.261 0.452 0.24 0.458 0.228 0.468 0.217 0.481 0.216 0.494 0.218 0.504 0.232 0.508 0.242 0.509 0.279 0.499 0.298 0.488 0.306
0 0.573 0.626 0.562 0.623 0.552 0.61 0.549 0.59 0.551 0.578 0.554 0.577 0.566 0.559 0.58 0.519 0.585 0.521 0.597 0.534 0.603 0.554 0.603 0.565 0.602 0.576 0.591 0.609 0.581 0.623 0.573 0.626
0 0.505 0.642 0.49 0.642 0.485 0.64 0.479 0.636 0.473 0.627 0.471 0.618 0.471 0.605 0.474 0.593 0.481 0.581 0.487 0.573 0.492 0.58 0.502 0.588 0.519 0.594 0.534 0.592 0.546 0.584 0.546 0.604 0.543 0.615 0.529 0.632 0.518 0.638 0.505 0.642
0 0.46 0.412 0.449 0.394 0.447 0.382 0.451 0.361 0.46 0.347 0.467 0.342 0.479 0.338 0.492 0.342 0.479 0.36 0.478 0.358 0.466 0.391 0.46 0.412
0 0.474 0.57 0.465 0.57 0.458 0.565 0.451 0.554 0.448 0.546 0.448 0.515 0.452 0.503 0.458 0.494 0.466 0.529 0.474 0.552 0.481 0.565 0.474 0.57
0 0.27 0.772 0.264 0.762 0.261 0.75 0.261 0.738 0.266 0.728 0.282 0.708 0.298 0.701 0.316 0.702 0.323 0.713 0.325 0.729 0.314 0.729 0.294 0.739 0.278 0.758 0.27 0.772
0 0.5 0.748 0.493 0.739 0.489 0.726 0.49 0.71 0.499 0.694 0.505 0.689 0.528 0.682 0.543 0.684 0.551 0.688 0.553 0.695 0.554 0.706 0.552 0.712 0.547 0.718 0.535 0.718 0.528 0.721 0.513 0.732 0.5 0.748
0 0.596 0.782 0.585 0.753 0.574 0.735 0.558 0.723 0.571 0.708 0.581 0.707 0.586 0.71 0.599 0.724 0.603 0.732 0.606 0.745 0.604 0.768 0.596 0.782
0 0.475 0.927 0.47 0.921 0.455 0.888 0.452 0.876 0.453 0.866 0.451 0.862 0.452 0.828 0.463 0.81 0.473 0.805 0.476 0.805 0.47 0.832 0.47 0.872 0.472 0.91 0.475 0.927
0 0.487 0.771 0.475 0.77 0.465 0.761 0.46 0.746 0.459 0.73 0.464 0.717 0.476 0.701 0.487 0.692 0.497 0.689 0.502 0.691 0.491 0.706 0.489 0.723 0.492 0.736 0.5 0.747 0.487 0.771
0 0.693 0.63 0.677 0.629 0.662 0.622 0.652 0.613 0.645 0.596 0.643 0.577 0.644 0.569 0.649 0.559 0.66 0.544 0.682 0.541 0.686 0.552 0.694 0.565 0.707 0.581 0.718 0.589 0.716 0.6 0.708 0.619 0.701 0.627 0.693 0.63
0 0.746 0.632 0.736 0.631 0.726 0.621 0.722 0.606 0.722 0.591 0.738 0.592 0.751 0.587 0.771 0.568 0.775 0.56 0.788 0.568 0.799 0.583 0.791 0.601 0.776 0.617 0.761 0.627 0.746 0.632
0 0.665 0.423 0.659 0.419 0.651 0.406 0.65 0.389 0.653 0.377 0.658 0.366 0.665 0.357 0.682 0.349 0.691 0.348 0.696 0.346 0.686 0.36 0.676 0.381 0.667 0.409 0.665 0.423
0 0.676 0.531 0.667 0.528 0.658 0.521 0.646 0.502 0.637 0.48 0.639 0.45 0.641 0.442 0.652 0.43 0.665 0.43 0.665 0.479 0.67 0.509 0.676 0.531
0 0.713 0.308 0.699 0.307 0.681 0.301 0.677 0.298 0.672 0.29 0.671 0.271 0.675 0.26 0.684 0.246 0.691 0.24 0.699 0.237 0.716 0.238 0.73 0.246 0.739 0.262 0.74 0.275 0.734 0.292 0.725 0.302 0.713 0.308
0 0.757 0.279 0.748 0.279 0.739 0.274 0.74 0.265 0.738 0.26 0.731 0.248 0.724 0.244 0.724 0.239 0.735 0.237 0.753 0.226 0.763 0.213 0.771 0.197 0.776 0.198 0.784 0.206 0.79 0.22 0.791 0.231 0.789 0.24 0.785 0.254 0.776 0.266 0.769 0.274 0.757 0.279
0 0.66 0.247 0.647 0.246 0.638 0.234 0.632 0.214 0.631 0.2 0.631 0.189 0.645 0.171 0.657 0.161 0.664 0.16 0.678 0.202 0.69 0.221 0.687 0.227 0.678 0.238 0.66 0.247
0 0.645 0.173 0.634 0.167 0.631 0.163 0.626 0.147 0.625 0.12 0.627 0.1 0.632 0.083 0.641 0.074 0.648 0.073 0.663 0.08 0.661 0.092 0.661 0.131 0.662 0.147 0.665 0.159 0.653 0.165 0.645 0.173
0 0.687 0.733 0.676 0.729 0.667 0.718 0.665 0.707 0.665 0.695 0.668 0.683 0.674 0.673 0.685 0.665 0.702 0.662 0.714 0.667 0.723 0.678 0.727 0.687 0.707 0.699 0.687 0.733
0 0.69 0.914 0.674 0.909 0.662 0.901 0.65 0.888 0.647 0.88 0.646 0.863 0.647 0.835 0.649 0.828 0.652 0.823 0.661 0.817 0.653 0.816 0.643 0.806 0.638 0.785 0.638 0.762 0.643 0.737 0.649 0.727 0.656 0.722 0.664 0.722 0.672 0.726 0.676 0.729 0.684 0.741 0.676 0.77 0.672 0.816 0.671 0.817 0.672 0.817 0.674 0.849 0.68 0.884 0.69 0.914
0 0.688 0.945 0.653 0.942 0.646 0.93 0.647 0.92 0.651 0.909 0.659 0.899 0.67 0.908 0.691 0.916 0.699 0.928 0.7 0.934 0.696 0.943 0.691 0.942 0.688 0.945
0 0.0 0.773 0.017 0.762 0.034 0.764 0.046 0.772 0.052 0.78 0.055 0.789 0.057 0.802 0.055 0.83 0.053 0.836 0.042 0.853 0.021 0.864 0.0 0.868
0 0.0 0.668 0.023 0.658 0.038 0.661 0.055 0.674 0.061 0.682 0.065 0.695 0.065 0.703 0.06 0.725 0.057 0.734 0.043 0.753 0.035 0.759 0.023 0.764 0.0 0.764
0 0.0 0.596 0.004 0.573 0.014 0.559 0.024 0.553 0.036 0.551 0.048 0.558 0.067 0.584 0.071 0.597 0.071 0.614 0.065 0.629 0.048 0.647 0.035 0.648 0.021 0.643 0.009 0.636 0.0 0.626
0 0.08 0.718 0.063 0.716 0.062 0.712 0.063 0.707 0.063 0.693 0.06 0.682 0.052 0.67 0.037 0.662 0.038 0.656 0.042 0.649 0.051 0.645 0.063 0.629 0.066 0.621 0.07 0.619 0.081 0.62 0.094 0.629 0.104 0.642 0.11 0.661 0.11 0.678 0.104 0.696 0.093 0.709 0.08 0.718
0 0.079 0.8 0.067 0.8 0.059 0.795 0.056 0.79 0.056 0.787 0.049 0.772 0.048 0.761 0.053 0.74 0.059 0.731 0.077 0.724 0.091 0.724 0.096 0.726 0.102 0.734 0.105 0.742 0.106 0.772 0.102 0.783 0.093 0.795 0.079 0.
