0 0.0 0.331 0.004 0.331 0.009 0.335 0.036 0.345 0.089 0.356 0.115 0.358 0.166 0.372 0.195 0.374 0.228 0.369 0.238 0.369 0.258 0.372 0.282 0.381 0.323 0.4 0.346 0.408 0.346 0.415 0.331 0.45 0.325 0.458 0.32 0.459 0.31 0.454 0.259 0.438 0.256 0.435 0.221 0.428 0.203 0.42 0.179 0.397 0.156 0.385 0.125 0.374 0.109 0.372 0.086 0.364 0.054 0.356 0.036 0.349 0.0 0.34
0 0.323 0.459 0.318 0.459 0.31 0.454 0.26 0.439 0.255 0.436 0.218 0.427 0.201 0.418 0.198 0.414 0.208 0.408 0.209 0.397 0.219 0.385 0.22 0.372 0.226 0.37 0.237 0.369 0.263 0.374 0.345 0.409 0.343 0.422 0.331 0.45 0.323 0.459
0 0.324 0.458 0.268 0.441 0.256 0.435 0.236 0.431 0.209 0.423 0.191 0.409 0.181 0.398 0.17 0.39 0.127 0.374 0.107 0.371 0.0 0.34 0.0 0.331 0.006 0.331 0.01 0.334 0.032 0.343 0.074 0.354 0.161 0.372 0.179 0.374 0.195 0.374 0.238 0.369 0.258 0.372 0.283 0.381 0.324 0.4 0.346 0.406 0.344 0.418 0.331 0.449 0.324 0.458
0 0.531 0.514 0.525 0.509 0.519 0.486 0.502 0.457 0.488 0.442 0.468 0.426 0.448 0.42 0.448 0.418 0.463 0.412 0.473 0.404 0.47 0.397 0.473 0.388 0.47 0.388 0.468 0.392 0.456 0.398 0.453 0.405 0.443 0.41 0.427 0.408 0.414 0.395 0.386 0.339 0.385 0.319 0.376 0.303 0.376 0.276 0.379 0.273 0.386 0.242 0.395 0.215 0.411 0.192 0.434 0.169 0.458 0.153 0.512 0.132 0.56 0.13 0.593 0.134 0.63 0.152 0.667 0.175 0.68 0.192 0.68 0.195 0.67 0.2 0.655 0.186 0.611 0.175 0.603 0.175 0.591 0.172 0.525 0.17 0.509 0.178 0.472 0.204 0.45 0.227 0.44 0.244 0.436 0.26 0.436 0.282 0.45 0.339 0.478 0.387 0.48 0.419 0.51 0.455 0.522 0.473 0.532 0.502 0.531 0.514
0 0.515 0.46 0.512 0.459 0.511 0.454 0.524 0.442 0.53 0.433 0.534 0.422 0.554 0.39 0.567 0.363 0.567 0.334 0.564 0.319 0.567 0.307 0.581 0.284 0.609 0.245 0.625 0.228 0.652 0.208 0.685 0.191 0.718 0.179 0.75 0.173 0.787 0.17 0.821 0.17 0.854 0.173 0.873 0.181 0.893 0.186 0.904 0.193 0.925 0.195 0.923 0.201 0.941 0.204 0.942 0.206 0.937 0.209 0.914 0.216 0.862 0.219 0.855 0.221 0.828 0.222 0.779 0.227 0.729 0.237 0.702 0.248 0.678 0.268 0.663 0.285 0.643 0.325 0.633 0.339 0.593 0.363 0.55 0.426 0.521 0.457 0.515 0.46
0 0.502 0.625 0.426 0.623 0.384 0.615 0.357 0.605 0.344 0.599 0.311 0.574 0.296 0.558 0.28 0.529 0.277 0.514 0.278 0.497 0.296 0.473 0.309 0.464 0.314 0.464 0.324 0.459 0.33 0.45 0.349 0.403 0.37 0.361 0.377 0.331 0.375 0.314 0.379 0.307 0.384 0.313 0.387 0.322 0.385 0.344 0.345 0.458 0.345 0.464 0.356 0.484 0.364 0.522 0.375 0.538 0.388 0.549 0.405 0.559 0.454 0.574 0.521 0.583 0.54 0.583 0.552 0.58 0.59 0.577 0.624 0.581 0.633 0.588 0.635 0.597 0.627 0.604 0.591 0.605 0.537 0.621 0.524 0.623 0.502 0.625
0 0.727 0.549 0.7 0.549 0.677 0.546 0.637 0.536 0.624 0.529 0.601 0.513 0.59 0.502 0.579 0.486 0.571 0.467 0.567 0.446 0.567 0.423 0.576 0.393 0.59 0.37 0.605 0.357 0.632 0.341 0.663 0.332 0.689 0.331 0.713 0.335 0.73 0.345 0.739 0.348 0.755 0.359 0.818 0.379 0.828 0.38 0.828 0.378 0.838 0.375 0.849 0.375 0.853 0.377 0.868 0.378 0.869 0.38 0.88 0.38 0.883 0.383 0.892 0.386 0.89 0.392 0.852 0.391 0.812 0.385 0.775 0.376 0.74 0.371 0.731 0.373 0.716 0.385 0.704 0.386 0.697 0.389 0.667 0.392 0.655 0.4 0.649 0.407 0.642 0.43 0.646 0.488 0.66 0.506 0.681 0.519 0.695 0.524 0.75 0.534 0.761 0.538 0.761 0.542 0.749 0.548 0.727 0.549
0 0.404 0.679 0.373 0.676 0.346 0.663 0.337 0.651 0.34 0.646 0.339 0.64 0.329 0.632 0.229 0.61 0.203 0.609 0.194 0.613 0.182 0.607 0.19 0.599 0.219 0.6 0.299 0.614 0.333 0.621 0.342 0.625 0.354 0.623 0.359 0.618 0.38 0.618 0.389 0.615 0.401 0.62 0.423 0.623 0.532 0.624 0.614 0.616 0.622 0.616 0.627 0.62 0.627 0.631 0.621 0.638 0.616 0.637 0.591 0.652 0.57 0.659 0.525 0.668 0.439 0.676 0.414 0.676 0.404 0.679
0 0.465 0.766 0.442 0.765 0.435 0.761 0.419 0.757 0.41 0.749 0.396 0.741 0.385 0.739 0.37 0.733 0.366 0.73 0.367 0.725 0.375 0.723 0.387 0.727 0.395 0.726 0.405 0.723 0.421 0.71 0.443 0.702 0.506 0.696 0.549 0.688 0.633 0.664 0.726 0.631 0.761 0.616 0.788 0.602 0.823 0.573 0.826 0.571 0.83 0.571 0.826 0.593 0.813 0.611 0.795 0.624 0.781 0.643 0.761 0.665 0.731 0.688 0.705 0.705 0.66 0.725 0.608 0.741 0.555 0.751 0.54 0.756 0.465 0.766
0 0.248 0.917 0.241 0.914 0.241 0.906 0.285 0.866 0.327 0.836 0.355 0.823 0.381 0.807 0.403 0.803 0.424 0.803 0.493 0.816 0.541 0.817 0.604 0.827 0.669 0.828 0.702 0.817 0.724 0.804 0.751 0.779 0.773 0.753 0.777 0.739 0.773 0.731 0.754 0.72 0.729 0.711 0.722 0.705 0.723 0.7 0.759 0.703 0.787 0.711 0.803 0.724 0.812 0.736 0.815 0.744 0.813 0.771 0.803 0.795 0.789 0.817 0.765 0.839 0.75 0.849 0.718 0.866 0.699 0.873 0.676 0.878 0.586 0.88 0.552 0.875 0.532 0.875 0.507 0.869 0.48 0.868 0.441 0.86 0.394 0.86 0.389 0.858 0.364 0.852 0.355 0.847 0.348 0.847 0.304 0.873 0.272 0.899 0.252 0.911 0.248 0.91
