0 0.096 0.0 0.12 0.015 0.161 0.055 0.192 0.096 0.215 0.139 0.233 0.192 0.24 0.264 0.235 0.314 0.226 0.343 0.207 0.374 0.187 0.393 0.157 0.411 0.11 0.421 0.061 0.419 0.024 0.411 0.0 0.398
0 0.334 0.0 0.344 0.017 0.33 0.025 0.309 0.045 0.275 0.087 0.251 0.136 0.234 0.186 0.206 0.123 0.185 0.086 0.153 0.047 0.114 0.011 0.113 0.0
0 0.469 0.0 0.521 0.039 0.558 0.089 0.6 0.178 0.611 0.208 0.618 0.245 0.618 0.277 0.615 0.306 0.605 0.349 0.594 0.382 0.558 0.44 0.534 0.462 0.511 0.471 0.407 0.466 0.372 0.451 0.328 0.418 0.298 0.384 0.273 0.341 0.244 0.279 0.233 0.227 0.23 0.228 0.226 0.223 0.226 0.21 0.234 0.196 0.244 0.15 0.273 0.089 0.318 0.035 0.332 0.022 0.356 0.01 0.363 0.0
0 0.631 0.0 0.628 0.032 0.615 0.066 0.58 0.132 0.558 0.09 0.531 0.052 0.473 0.0
0 0.912 0.0 0.917 0.042 0.909 0.096 0.903 0.123 0.908 0.147 0.907 0.162 0.879 0.141 0.844 0.128 0.804 0.13 0.774 0.143 0.736 0.174 0.704 0.211 0.683 0.245 0.666 0.305 0.639 0.287 0.629 0.261 0.621 0.217 0.619 0.148 0.624 0.094 0.625 0.041 0.631 0.0
0 0.999 0.0 0.999 0.336 0.993 0.325 0.982 0.323 0.972 0.269 0.954 0.228 0.935 0.194 0.908 0.163 0.902 0.124 0.914 0.061 0.916 0.027 0.93 0.0
0 0.0 0.4 0.051 0.419 0.093 0.423 0.124 0.421 0.128 0.432 0.122 0.455 0.122 0.472 0.116 0.477 0.088 0.472 0.058 0.473 0.033 0.479 0.0 0.495
0 0.295 0.716 0.291 0.714 0.289 0.662 0.272 0.615 0.259 0.598 0.171 0.512 0.125 0.483 0.121 0.477 0.124 0.445 0.133 0.42 0.168 0.405 0.201 0.379 0.224 0.342 0.233 0.312 0.239 0.307 0.258 0.309 0.301 0.387 0.332 0.421 0.383 0.456 0.405 0.465 0.436 0.469 0.438 0.475 0.437 0.513 0.415 0.52 0.396 0.532 0.368 0.557 0.35 0.582 0.333 0.627 0.321 0.71 0.295 0.716
0 0.651 0.661 0.645 0.66 0.632 0.623 0.61 0.584 0.571 0.547 0.537 0.528 0.5 0.517 0.47 0.511 0.435 0.512 0.437 0.469 0.517 0.469 0.538 0.458 0.559 0.438 0.58 0.405 0.597 0.37 0.617 0.287 0.647 0.294 0.667 0.307 0.664 0.367 0.672 0.423 0.694 0.488 0.707 0.516 0.725 0.544 0.727 0.553 0.724 0.573 0.713 0.603 0.697 0.632 0.675 0.654 0.651 0.661
0 0.828 0.587 0.796 0.585 0.765 0.575 0.732 0.552 0.714 0.529 0.69 0.478 0.672 0.422 0.665 0.377 0.664 0.335 0.666 0.307 0.675 0.269 0.685 0.243 0.71 0.203 0.738 0.172 0.775 0.142 0.802 0.13 0.832 0.127 0.859 0.132 0.886 0.146 0.91 0.165 0.935 0.194 0.954 0.228 0.971 0.266 0.979 0.304 0.981 0.347 0.978 0.404 0.965 0.475 0.941 0.526 0.924 0.548 0.9 0.57 0.87 0.583 0.828 0.587
0 0.987 0.634 0.961 0.6 0.934 0.579 0.908 0.566 0.936 0.534 0.963 0.489 0.978 0.407 0.982 0.329 0.999 0.346 0.999 0.61 0.997 0.622 0.987 0.634
0 0.0 0.495 0.04 0.477 0.088 0.472 0.116 0.479 0.157 0.5 0.21 0.548 0.267 0.607 0.286 0.649 0.292 0.684 0.288 0.761 0.285 0.785 0.271 0.833 0.251 0.876 0.22 0.913 0.177 0.929 0.135 0.929 0.037 0.921 0.0 0.905
0 0.47 0.926 0.453 0.926 0.429 0.918 0.393 0.897 0.378 0.883 0.349 0.836 0.328 0.775 0.321 0.733 0.322 0.691 0.332 0.628 0.349 0.582 0.367 0.559 0.396 0.532 0.418 0.518 0.445 0.512 0.479 0.513 0.529 0.526 0.58 0.554 0.605 0.577 0.625 0.611 0.641 0.649 0.652 0.695 0.649 0.74 0.646 0.758 0.633 0.788 0.609 0.831 0.573 0.873 0.535 0.903 0.512 0.915 0.47 0.926
0 0.862 0.946 0.833 0.943 0.809 0.927 0.78 0.918 0.752 0.892 0.736 0.872 0.718 0.838 0.704 0.793 0.702 0.77 0.704 0.72 0.71 0.693 0.729 0.648 0.743 0.626 0.768 0.6 0.792 0.585 0.843 0.586 0.881 0.578 0.908 0.565 0.933 0.577 0.962 0.6 0.982 0.625 0.996 0.654 0.999 0.668 0.999 0.744 0.992 0.768 0.991 0.796 0.987 0.807 0.98 0.807 0.985 0.816 0.996 0.816 0.999 0.822 0.991 0.821 0.983 0.829 0.971 0.86 0.932 0.917 0.9 0.937 0.862 0.946
0 0.0 0.93 0.003 0.905 0.032 0.92 0.055 0.924 0.179 0.93 0.187 0.973 0.179 0.999 0.002 0.998 0.0 0.979
0 0.528 0.998 0.201 0.998 0.196 0.992 0.187 0.97 0.183 0.935 0.187 0.928 0.223 0.91 0.25 0.876 0.267 0.844 0.279 0.805 0.286 0.773 0.29 0.727 0.32 0.723 0.328 0.773 0.349 0.835 0.374 0.877 0.39 0.893 0.424 0.915 0.454 0.925 0.493 0.922 0.53 0.906 0.536 0.932 0.538 0.961 0.534 0.997 0.528 0.99
