0 0.997 0.853 0.952 0.851 0.95 0.85 0.955 0.848 0.956 0.844 0.949 0.835 0.94 0.831 0.932 0.83 0.931 0.827 0.91 0.824 0.89 0.824 0.872 0.826 0.864 0.831 0.863 0.835 0.873 0.84 0.864 0.841 0.79 0.828 0.726 0.813 0.683 0.8 0.615 0.774 0.575 0.751 0.553 0.734 0.526 0.708 0.501 0.667 0.495 0.643 0.495 0.603 0.5 0.563 0.518 0.521 0.532 0.504 0.565 0.476 0.591 0.462 0.641 0.444 0.693 0.432 0.764 0.421 0.804 0.419 0.87 0.419 0.926 0.422 1.0 0.432 1.0 0.852 0.997 0.853
0 0.999 0.433 0.975 0.433 0.958 0.428 0.92 0.423 0.847 0.419 0.813 0.419 0.739 0.424 0.716 0.412 0.7 0.4 0.684 0.392 0.662 0.37 0.645 0.351 0.629 0.324 0.622 0.292 0.622 0.26 0.63 0.224 0.65 0.181 0.658 0.171 0.676 0.152 0.696 0.137 0.723 0.123 0.755 0.112 0.787 0.106 0.825 0.102 0.872 0.102 0.896 0.104 0.963 0.119 1.0 0.13 0.999 0.433
0 0.0 0.247 0.049 0.235 0.087 0.228 0.124 0.224 0.18 0.225 0.23 0.233 0.266 0.243 0.298 0.256 0.341 0.279 0.365 0.297 0.369 0.303 0.383 0.315 0.396 0.332 0.402 0.345 0.41 0.358 0.418 0.379 0.42 0.393 0.42 0.411 0.417 0.432 0.405 0.466 0.379 0.505 0.314 0.573 0.294 0.589 0.244 0.637 0.179 0.689 0.155 0.703 0.14 0.715 0.101 0.739 0.101 0.741 0.084 0.751 0.08 0.752 0.08 0.754 0.054 0.767 0.036 0.773 0.023 0.777 0.015 0.778 0.005 0.783 0.0 0.783
0 0.572 0.476 0.573 0.475 0.578 0.475 0.572 0.476
0 0.998 1.0 0.653 1.0 0.622 0.965 0.616 0.962 0.605 0.947 0.592 0.92 0.587 0.903 0.583 0.872 0.583 0.854 0.588 0.85 0.589 0.843 0.595 0.833 0.595 0.81 0.592 0.807 0.594 0.763 0.592 0.76 0.595 0.759 0.602 0.767 0.618 0.776 0.625 0.776 0.653 0.789 0.691 0.801 0.791 0.827 0.85 0.838 0.898 0.845 0.948 0.85 0.998 0.852 0.998 1.0
0 0.0 0.022 0.015 0.017 0.069 0.006 0.085 0.0
0 0.0 0.778 0.004 0.78 0.02 0.776 0.048 0.767 0.068 0.758 0.12 0.727 0.153 0.703 0.181 0.687 0.198 0.674 0.205 0.674 0.205 0.689 0.194 0.714 0.185 0.754 0.18 0.794 0.171 0.834 0.171 0.866 0.174 0.88 0.182 0.903 0.182 0.909 0.18 0.914 0.161 0.937 0.144 0.954 0.12 0.971 0.095 0.983 0.082 0.989 0.04 0.998 0.024 1.0 0.0 1.0
0 0.636 0.211 0.629 0.211 0.611 0.204 0.602 0.204 0.597 0.2 0.584 0.197 0.58 0.193 0.572 0.192 0.563 0.182 0.539 0.163 0.525 0.137 0.521 0.135 0.521 0.128 0.518 0.12 0.521 0.094 0.53 0.071 0.545 0.048 0.565 0.026 0.599 0.002 0.603 0.001 0.981 0.001 0.984 0.005 0.994 0.014 0.997 0.013 0.997 0.128 0.966 0.119 0.894 0.103 0.868 0.102 0.826 0.102 0.793 0.105 0.761 0.11 0.719 0.124 0.704 0.131 0.686 0.143 0.662 0.165 0.649 0.18 0.646 0.192 0.641 0.196 0.635 0.206 0.636 0.211
0 0.413 0.462 0.406 0.46 0.413 0.448 0.417 0.432 0.42 0.407 0.418 0.404 0.419 0.389 0.413 0.367 0.396 0.333 0.363 0.297 0.352 0.29 0.346 0.283 0.334 0.274 0.315 0.266 0.312 0.262 0.303 0.26 0.3 0.256 0.303 0.249 0.312 0.247 0.329 0.211 0.333 0.208 0.339 0.207 0.344 0.196 0.346 0.186 0.349 0.18 0.375 0.181 0.402 0.184 0.431 0.195 0.444 0.202 0.461 0.215 0.473 0.229 0.491 0.256 0.498 0.276 0.5 0.311 0.485 0.349 0.485 0.37 0.488 0.386 0.485 0.393 0.485 0.416 0.482 0.423 0.474 0.436 0.462 0.447 0.423 0.46 0.413 0.462
0 0.583 0.466 0.545 0.457 0.495 0.423 0.491 0.416 0.489 0.404 0.483 0.356 0.484 0.347 0.49 0.33 0.498 0.317 0.524 0.288 0.546 0.273 0.572 0.259 0.6 0.246 0.625 0.24 0.622 0.276 0.625 0.305 0.629 0.321 0.638 0.339 0.658 0.367 0.685 0.392 0.707 0.404 0.718 0.412 0.735 0.421 0.736 0.425 0.69 0.433 0.646 0.443 0.583 0.466
0 0.527 0.25 0.504 0.248 0.483 0.237 0.456 0.205 0.45 0.184 0.452 0.17 0.474 0.136 0.516 0.101 0.521 0.103 0.522 0.106 0.521 0.134 0.527 0.137 0.536 0.156 0.534 0.159 0.539 0.165 0.541 0.167 0.546 0.167 0.549 0.172 0.575 0.192 0.581 0.192 0.585 0.198 0.597 0.2 0.604 0.205 0.611 0.205 0.626 0.209 0.634 0.215 0.629 0.224 0.629 0.231 0.626 0.236 0.605 0.243 0.576 0.248 0.527 0.25
0 0.134 0.0 0.094 0.002 0.058 0.008 0.026 0.016 0.0 0.025
0 0.386 0.0 0.383 0.003 0.385 0.008 0.395 0.015 0.397 0.022 0.405 0.028 0.411 0.031 0.415 0.034 0.415 0.04 0.421 0.045 0.448 0.057 0.46 0.059 0.471 0.064 0.479 0.065 0.479 0.074 0.487 0.082 0.487 0.09 0.491 0.101 0.489 0.113 0.495 0.119 0.471 0.14 0.47 0.146 0.461 0.157 0.457 0.164 0.442 0.172 0.434 0.184 0.427 0.188 0.421 0.188 0.394 0.182 0.354 0.18 0.349 0.178 0.35 0.157 0.339 0.119 0.353 0.104 0.37 0.076 0.378 0.021 0.376 0.0
0 0.528 0.0 0.575 0.018 0.549 0.043 0.528 0.073 0.519 0.07 0.494 0.069 0.428 0.045 0.416 0.037 0.399 0.021 0.382 0.0
0 0.497 0.119 0.492 0.117 0.489 0.113 0.492 0.106 0.484 0.088 0.486 0.082 0.48 0.077 0.478 0.072 0.479 0.068 0.484 0.065 0.494 0.067 0.497 0.07 0.507 0.07 0.512 0.068 0.514 0.07 0.521 0.068 0.526 0.07 0.529 0.074 0.521 0.101 0.514 0.103 0.511 0.108 0.497 0.11
