0 0.241 0.443 0.237 0.442 0.223 0.42 0.222 0.396 0.218 0.372 0.22 0.341 0.23 0.292 0.243 0.251 0.255 0.223 0.266 0.204 0.282 0.187 0.298 0.177 0.309 0.167 0.32 0.163 0.328 0.176 0.329 0.183 0.318 0.202 0.316 0.229 0.313 0.243 0.289 0.328 0.276 0.393 0.268 0.413 0.254 0.436 0.25 0.441 0.241 0.443
0 0.323 0.463 0.313 0.454 0.307 0.445 0.299 0.42 0.293 0.383 0.29 0.328 0.313 0.242 0.32 0.198 0.324 0.189 0.33 0.181 0.333 0.18 0.346 0.193 0.342 0.21 0.342 0.219 0.348 0.248 0.351 0.406 0.348 0.437 0.341 0.459 0.339 0.462 0.332 0.458 0.323 0.463
0 0.404 0.528 0.396 0.525 0.393 0.526 0.392 0.522 0.386 0.517 0.386 0.51 0.382 0.5 0.381 0.488 0.382 0.452 0.41 0.291 0.409 0.286 0.41 0.248 0.423 0.21 0.427 0.206 0.426 0.192 0.434 0.153 0.436 0.151 0.446 0.151 0.451 0.154 0.451 0.187 0.462 0.224 0.461 0.236 0.469 0.243 0.467 0.288 0.469 0.309 0.468 0.332 0.455 0.413 0.441 0.477 0.435 0.493 0.427 0.509 0.411 0.525 0.404 0.528
0 0.388 0.414 0.365 0.362 0.35 0.311 0.345 0.238 0.346 0.215 0.345 0.204 0.345 0.195 0.348 0.192 0.362 0.197 0.365 0.199 0.367 0.215 0.399 0.286 0.406 0.312 0.396 0.383 0.39 0.413 0.388 0.414
0 0.49 0.503 0.481 0.501 0.472 0.491 0.467 0.479 0.465 0.462 0.469 0.314 0.467 0.298 0.467 0.243 0.46 0.236 0.461 0.228 0.459 0.22 0.46 0.21 0.457 0.21 0.456 0.208 0.45 0.181 0.451 0.154 0.458 0.149 0.466 0.151 0.476 0.181 0.484 0.193 0.5 0.21 0.507 0.221 0.518 0.251 0.524 0.275 0.527 0.296 0.529 0.325 0.529 0.378 0.522 0.454 0.517 0.472 0.507 0.49 0.498 0.5 0.49 0.503
0 0.591 0.468 0.581 0.463 0.576 0.458 0.562 0.429 0.554 0.4 0.546 0.36 0.528 0.296 0.523 0.267 0.513 0.236 0.502 0.213 0.475 0.179 0.471 0.171 0.466 0.148 0.474 0.137 0.481 0.14 0.49 0.154 0.5 0.157 0.502 0.164 0.522 0.17 0.539 0.184 0.561 0.217 0.578 0.254 0.592 0.303 0.605 0.369 0.61 0.404 0.61 0.431 0.607 0.446 0.598 0.461 0.591 0.468
0 0.639 0.331 0.636 0.331 0.623 0.32 0.61 0.305 0.578 0.24 0.543 0.189 0.526 0.172 0.513 0.165 0.5 0.155 0.489 0.153 0.485 0.148 0.479 0.135 0.48 0.122 0.484 0.106 0.49 0.105 0.494 0.109 0.502 0.11 0.525 0.105 0.558 0.104 0.574 0.112 0.586 0.12 0.603 0.139 0.617 0.157 0.634 0.182 0.653 0.232 0.66 0.259 0.662 0.292 0.658 0.319 0.652 0.325 0.639 0.331
0 0.683 0.412 0.676 0.409 0.668 0.399 0.665 0.399 0.657 0.409 0.655 0.396 0.648 0.389 0.642 0.375 0.638 0.356 0.636 0.336 0.636 0.331 0.651 0.326 0.658 0.319 0.662 0.293 0.662 0.276 0.658 0.25 0.65 0.225 0.635 0.187 0.64 0.122 0.645 0.09 0.651 0.07 0.66 0.053 0.676 0.034 0.687 0.035 0.69 0.038 0.701 0.069 0.704 0.093 0.701 0.178 0.701 0.326 0.695 0.362 0.683 0.392 0.683 0.412
0 0.711 0.431 0.709 0.431 0.687 0.413 0.685 0.391 0.698 0.353 0.701 0.326 0.702 0.204 0.704 0.138 0.71 0.11 0.724 0.077 0.726 0.074 0.734 0.075 0.74 0.07 0.743 0.073 0.751 0.084 0.759 0.102 0.764 0.119 0.768 0.142 0.77 0.278 0.768 0.318 0.76 0.365 0.751 0.39 0.74 0.408 0.732 0.418 0.716 0.426 0.711 0.431
0 0.372 0.859 0.361 0.857 0.357 0.852 0.353 0.845 0.351 0.828 0.35 0.809 0.352 0.793 0.361 0.753 0.394 0.645 0.422 0.577 0.431 0.534 0.434 0.528 0.456 0.501 0.466 0.492 0.472 0.492 0.479 0.499 0.487 0.502 0.488 0.506 0.483 0.514 0.479 0.531 0.478 0.581 0.47 0.624 0.433 0.743 0.411 0.808 0.394 0.838 0.381 0.852 0.372 0.859
0 0.478 0.865 0.468 0.861 0.46 0.85 0.455 0.836 0.453 0.819 0.452 0.785 0.456 0.672 0.472 0.619 0.477 0.595 0.479 0.576 0.479 0.536 0.483 0.514 0.49 0.501 0.506 0.496 0.507 0.502 0.506 0.517 0.507 0.536 0.515 0.575 0.519 0.586 0.517 0.599 0.517 0.634 0.512 0.709 0.51 0.768 0.506 0.809 0.5 0.833 0.491 0.853 0.484 0.862 0.478 0.865
0 0.654 1.0 0.616 1.0 0.607 0.983 0.6 0.956 0.599 0.921 0.607 0.84 0.615 0.792 0.623 0.757 0.636 0.719 0.648 0.693 0.66 0.672 0.672 0.657 0.692 0.644 0.721 0.638 0.734 0.627 0.739 0.619 0.74 0.626 0.748 0.62 0.753 0.623 0.763 0.622 0.765 0.625 0.769 0.635 0.768 0.647 0.764 0.653 0.755 0.656 0.749 0.661 0.742 0.673 0.737 0.704 0.732 0.722 0.72 0.755 0.714 0.766 0.699 0.813 0.686 0.873 0.676 0.935 0.669 0.965 0.662 0.987 0.654 1.0
0 0.601 0.901 0.596 0.894 0.591 0.881 0.584 0.86 0.58 0.831 0.58 0.798 0.592 0.727 0.596 0.71 0.609 0.681 0.619 0.662 0.63 0.646 0.643 0.632 0.655 0.623 0.676 0.615 0.688 0.615 0.71 0.62 0.735 0.61 0.736 0.616 0.739 0.621 0.734 0.628 0.72 0.639 0.696 0.643 0.681 0.65 0.665 0.667 0.646 0.698 0.629 0.743 0.618 0.779 0.609 0.834 0.601 0.901
0 0.713 1.0 0.654 0.999 0.66 0.989 0.67 0.965 0.697 0.82 0.711 0.771 0.724 0.742 0.733 0.715 0.741 0.675 0.747 0.662 0.753 0.656 0.764 0.652 0.77 0.643 0.781 0.657 0.778 0.668 0.768 0.675 0.763 0.684 0.757 0.702 0.752 0.749 0.739 0.811 0.741 0.823 0.741 0.843 0.737 0.856 0.732 0.864 0.728 0.9 0.721 0.912 0.713 1.0
0 0.778 1.0 0.713 1.0 0.713 0.997 0.72 0.916 0.721 0.911 0.725 0.906 0.728 0.899 0.731 0.865 0.737 0.856 0.74 0.846 0.741 0.824 0.739 0.811 0.751 0.752 0.757 0.699 0.766 0.678 0.778 0.667 0.781 0.66 0.785 0.659 0.799 0.667 0.787 0.685 0.783 0.698 0.781 0.711 0.784 0.766 0.777 0.897 0.778 1.0
0 0.879 1.0 0.801 1.0 0.777 0.915 0.777 0.876 0.783 0.777 0.783 0.749 0.78 0.71 0.785 0.688 0.794 0.674 0.795 0.668 0.806 0.667 0.812 0.67 0.812 0.676 0.808 0.694 0.81 0.713 0.828 0.765 0.851 0.89 0.879 1.0
0 0.579 0.796 0.565 0.778 0.548 0.743 0.53 0.696 0.517 0.644 0.517 0.599 0.519 0.584 0.515 0.576 0.509 0.542 0.506 0.509 0.508 0.496 0.523 0.488 0.524 0.489 0.526 0.504 0.529 0.517 0.548 0.555 0.555 0.58 0.567 0.606 0.568 0.616 0.572 0.624 0.573 0.633 0.583 0.666 0.597 0.707 0.591 0.732 0.581 0.794 0.579 0.796
0 0.603 0.692 0.593 0.676 0.583 0.651 0.573 0.632 0.567 0.616 0.567 0.61 0.563 0.604 0.558 0.588 0.555 0.573 0.543 0.54 0.538 0.518 0.526 0.5 0.525 0.487 0.539 0.473 0.54 0.483 0.551 0.501 0.578 0.521 0.592 0.538 0.606 0.565 0.635 0.638 0.617 0.666 0.603 0.692
0 0.682 0.582 0.676 0.581 0.674 0.577 0.665 0.555 0.665 0.544 0.663 0.545 0.662 0.542 0.66 0.523 0.663 0.49 0.665 0.483 0.665 0.481 0.675 0.482 0.678 0.492 0.682 0.495 0.7 0.497 0.716 0.503 0.713 0.536 0.708 0.557 0.695 0.574 0.682 0.582
0 0.331 0.709 0.324 0.698 0.322 0.69 0.314 0.683 0.307 0.683 0.304 0.676 0.305 0.655 0.317 0.629 0.329 0.613 0.347 0.594 0.379 0.569 0.39 0.562 0.425 0.558 0.42 0.581 0.396 0.64 0.367 0.672 0.338 0.698 0.331 0.709
0 0.281 0.729 0.27 0.714 0.25 0.71 0.243 0.703 0.236 0.684 0.236 0.675 0.238 0.665 0.251 0.641 0.28 0.615 0.322 0.596 0.33 0.594 0.345 0.595 0.316 0.631 0.307 0.649 0.303 0.666 0.291 0.687 0.29 0.693 0.274 0.706 0.275 0.71 0.287 0.725 0.281 0.729
0 0.636 0.639 0.611 0.575 0.594 0.541 0.577 0.52 0.552 0.504 0.545 0.491 0.545 0.485 0.551 0.485 0.545 0.473 0.545 0.468 0.55 0.472 0.558 0.472 0.567 0.476 0.582 0.491 0.594 0.511 0.612 0.55 0.643 0.63 0.636 0.639
0 0.462 0.942 0.43 0.938 0.414 0.923 0.403 0.907 0.399 0.896 0.397 0.881 0.395 0.836 0.396 0.831 0.405 0.82 0.411 0.82 0.415 0.818 0.429 0.832 0.439 0.835 0.446 0.855 0.453 0.867 0.462 0.878 0.478 0.892 0.503 0.903 0.524 0.907 0.54 0.906 0.527 0.922 0.462 0.942
0 0.532 0.908 0.503 0.904 0.491 0.9 0.474 0.89 0.46 0.877 0.446 0.855 0.435 0.824 0.42 0.808 0.423 0.801 0.43 0.796 0.434 0.79 0.433 0.783 0.428 0.779 0.428 0.773 0.438 0.784 0.451 0.791 0.452 0.819 0.456 0.84 0.46 0.849 0.467 0.859 0.472 0.863 0.478 0.864 0.483 0.862 0.491 0.851 0.505 0.816 0.519 0.814 0.521 0.811 0.554 0.826 0.579 0.833 0.583 0.856 0.589 0.879 0.589 0.881 0.58 0.889 0.561 0.901 0.532 0.908
0 0.34 0.591 0.326 0.59 0.317 0.587 0.309 0.58 0.302 0.566 0.299 0.549 0.303 0.522 0.322 0.519 0.325 0.516 0.341 0.52 0.349 0.525 0.355 0.539 0.364 0.551 0.376 0.558 0.392 0.561 0.353 0.589 0.34 0.591
0 0.62 0.459 0.612 0.459 0.603 0.453 0.609 0.433 0.61 0.408 0.607 0.38 0.598 0.329 0.601 0.325 0.622 0.323 0.63 0.327 0.635 0.332 0.641 0.371 0.65 0.392 0.651 0.413 0.65 0.424 0.641 0.433 0.639 0.456 0.633 0.455 0.62 0.459
0 0.988 0.6 0.959 0.599 0.904 0.59 0.904 0.552 0.912 0.544 0.91 0.532 0.907 0.523 0.942 0.523 0.967 0.527 1.0 0.535 1.0 0.6 0.998 0.598 0.988 0.6
0 0.906 0.518 0.899 0.512 0.896 0.506 0.883 0.452 0.884 0.448 0.91 0.437 0.933 0.432 0.952 0.431 0.962 0.432 0.98 0.438 0.993 0.45 0.994 0.46 0.993 0.475 0.99 0.484 0.982 0.493 0.968 0.498 0.925 0.508 0.906 0.518
0 0.883 0.448 0.879 0.434 0.881 0.426 0.879 0.424 0.881 0.419 0.882 0.42 0.883 0.418 0.884 0.411 0.879 0.401 0.874 0.396 0.876 0.384 0.892 0.373 0.907 0.358 0.912 0.355 0.931 0.356 0.947 0.366 0.95 0.375 0.949 0.392 0.945 0.405 0.935 0.42 0.918 0.435 0.883 0.448
0 0.874 0.385 0.873 0.378 0.875 0.369 0.876 0.314 0.89 0.31 0.908 0.314 0.912 0.318 0.916 0.33 0.915 0.343 0.912 0.35 0.895 0.37 0.874 0.385
0 0.932 0.356 0.91 0.354 0.915 0.343 0.917 0.33 0.91 0.316 0.896 0.312 0.882 0.311 0.905 0.288 0.923 0.277 0.956 0.261 0.974 0.257 1.0 0.264 1.0 0.31 0.972 0.332 0.932 0.356
0 0.882 0.31 0.876 0.309 0.875 0.299 0.876 0.283 0.89 0.256 0.896 0.238 0.9 0.215 0.906 0.205 0.937 0.179 0.955 0.17 0.971 0.167 0.989 0.171 0.998 0.179 1.0 0.175 0.998 0.201 0.986 0.225 0.976 0.238 0.953 0.261 0.91 0.284 0.882 0.31
0 0.898 0.208 0.889 0.202 0.877 0.2 0.887 0.172 0.884 0.144 0.887 0.133 0.899 0.115 0.909 0.108 0.925 0.1 0.937 0.101 0.941 0.121 0.94 0.14 0.935 0.161 0.926 0.188 0.914 0.199 0.898 0.208
0 0.876 0.282 0.871 0.221 0.876 0.201 0.883 0.201 0.895 0.207 0.898 0.223 0.891 0.253 0.876 0.282
0 0.397 0.561 0.376 0.558 0.36 0.546 0.355 0.538 0.349 0.524 0.339 0.518 0.342 0.514 0.343 0.507 0.348 0.502 0.343 0.497 0.343 0.492 0.346 0.491 0.352 0.494 0.359 0.494 0.381 0.49 0.387 0.512 0.387 0.516 0.39 0.517 0.394 0.525 0.395 0.523 0.403 0.527 0.411 0.525 0.426 0.51 0.437 0.51 0.445 0.513 0.434 0.531 0.425 0.557 0.397 0.561
0 0.365 0.495 0.343 0.494 0.344 0.489 0.33 0.476 0.33 0.469 0.36 0.447 0.385 0.437 0.382 0.469 0.382 0.491 0.365 0.495
0 0.299 0.813 0.283 0.811 0.277 0.801 0.261 0.783 0.259 0.775 0.273 0.761 0.286 0.755 0.287 0.751 0.294 0.751 0.312 0.777 0.305 0.777 0.302 0.774 0.294 0.78 0.308 0.786 0.314 0.781 0.32 0.781 0.323 0.79 0.329 0.798 0.318 0.806 0.299 0.813
0 0.283 0.759 0.267 0.756 0.256 0.748 0.254 0.725 0.258 0.712 0.267 0.712 0.271 0.714 0.28 0.729 0.289 0.738 0.292 0.746 0.292 0.751 0.286 0.753 0.283 0.759
0 0.346 0.744 0.334 0.73 0.334 0.703 0.34 0.695 0.369 0.671 0.395 0.641 0.366 0.732 0.346 0.744
0 0.45 0.788 0.439 0.786 0.433 0.78 0.428 0.771 0.427 0.776 0.426 0.77 0.424 0.768 0.457 0.667 0.452 0.778 0.45 0.788
0 0.404 0.324 0.403 0.314 0.398 0.286 0.367 0.213 0.366 0.201 0.375 0.191 0.378 0.19 0.383 0.195 0.397 0.203 0.404 0.211 0.414 0.228 0.409 0.266 0.409 0.298 0.404 0.324
0 0.399 0.898 0.386 0.884 0.378 0.87 0.375 0.857 0.395 0.835 0.396 0.872 0.399 0.898
0 0.712 0.5 0.704 0.499 0.701 0.495 0.724 0.459 0.725 0.454 0.711 0.433 0.711 0.429 0.719 0.42 0.733 0.413 0.743 0.401 0.754 0.379 0.764 0.347 0.765 0.349 0.764 0.39 0.759 0.443 0.754 0.461 0.747 0.478 0.738 0.489 0.724 0.498 0.712 0.5
0 0.622 0.573 0.593 0.507 0.598 0.471 0.603 0.454 0.615 0.459 0.632 0.455 0.638 0.456 0.643 0.467 0.651 0.475 0.637 0.543 0.632 0.558 0.622 0.573
0 0.708 0.619 0.687 0.613 0.682 0.592 0.682 0.581 0.696 0.572 0.701 0.565 0.702 0.559 0.705 0.557 0.709 0.551 0.722 0.559 0.73 0.568 0.736 0.578 0.742 0.599 0.735 0.609 0.731 0.612 0.708 0.619
0 0.643 0.632 0.641 0.623 0.652 0.602 0.654 0.594 0.672 0.594 0.683 0.606 0.688 0.613 0.688 0.615 0.675 0.615 0.664 0.619 0.643 0.632
0 0.47 0.489 0.467 0.489 0.466 0.486 0.462 0.486 0.464 0.489 0.46 0.489 0.458 0.486 0.442 0.481 0.441 0.479 0.464 0.356 0.468 0.356 0.464 0.458 0.466 0.476 0.47 0.489
0 0.984 0.143 0.981 0.142 0.981 0.121 0.979 0.115 0.95 0.102 0.945 0.091 0.956 0.076 0.977 0.06 0.999 0.047 1.0 0.134 0.984 0.143
0 0.999 0.172 0.984 0.156 0.98 0.148 0.981 0.145 0.999 0.135 0.999 0.172
0 0.578 0.486 0.563 0.474 0.548 0.47 0.544 0.465 0.541 0.455 0.533 0.445 0.534 0.437 0.547 0.417 0.558 0.42 0.573 0.451 0.578 0.459 0.586 0.465 0.578 0.486
0 0.342 0.462 0.34 0.461 0.348 0.431 0.351 0.394 0.366 0.382 0.379 0.396 0.384 0.407 0.387 0.419 0.386 0.435 0.36 0.447 0.342 0.462
0 0.585 0.118 0.567 0.108 0.552 0.104 0.521 0.105 0.536 0.091 0.561 0.074 0.585 0.071 0.591 0.076 0.594 0.087 0.593 0.1 0.585 0.11
