0 0.0 0.001 0.069 0.001 0.066 0.02 0.07 0.044 0.075 0.053 0.081 0.08 0.099 0.114 0.107 0.135 0.112 0.176 0.112 0.199 0.115 0.218 0.114 0.224 0.118 0.239 0.131 0.267 0.132 0.29 0.11 0.328 0.102 0.339 0.101 0.345 0.088 0.345 0.07 0.295 0.06 0.275 0.044 0.253 0.026 0.236 0.007 0.232 0.004 0.224 0.001 0.228 0.003 0.231 0.0 0.234
0 0.136 0.273 0.125 0.27 0.118 0.261 0.114 0.249 0.112 0.232 0.113 0.18 0.111 0.157 0.103 0.138 0.1 0.117 0.091 0.103 0.085 0.087 0.078 0.081 0.073 0.044 0.068 0.024 0.071 0.002 0.139 0.002 0.144 0.033 0.153 0.047 0.155 0.059 0.161 0.068 0.17 0.075 0.176 0.087 0.191 0.109 0.199 0.127 0.209 0.16 0.211 0.18 0.209 0.201 0.193 0.216 0.157 0.239 0.153 0.244 0.144 0.266 0.136 0.273
0 0.174 0.0 0.178 0.019 0.19 0.045 0.197 0.053 0.213 0.062 0.217 0.069 0.203 0.105 0.201 0.12 0.195 0.12 0.169 0.076 0.161 0.072 0.154 0.06 0.14 0.025 0.141 0.0
0 0.218 0.06 0.203 0.057 0.19 0.046 0.179 0.021 0.176 0.002 0.344 0.002 0.344 0.005 0.32 0.019 0.305 0.025 0.292 0.038 0.283 0.049 0.258 0.05 0.218 0.06
0 0.628 0.132 0.61 0.132 0.597 0.122 0.59 0.11 0.571 0.103 0.533 0.108 0.515 0.123 0.486 0.131 0.367 0.132 0.363 0.13 0.311 0.13 0.285 0.11 0.273 0.093 0.271 0.083 0.274 0.068 0.293 0.037 0.302 0.028 0.32 0.019 0.33 0.011 0.353 0.001 0.846 0.001 0.828 0.01 0.806 0.007 0.792 0.014 0.783 0.014 0.761 0.023 0.743 0.039 0.719 0.074 0.708 0.085 0.704 0.085 0.699 0.092 0.696 0.094 0.675 0.091 0.665 0.093 0.655 0.103 0.647 0.12 0.64 0.126 0.628 0.132
0 0.245 0.249 0.233 0.247 0.228 0.244 0.216 0.229 0.213 0.221 0.21 0.203 0.21 0.166 0.201 0.131 0.203 0.106 0.21 0.087 0.226 0.06 0.248 0.051 0.281 0.048 0.284 0.051 0.274 0.071 0.271 0.085 0.272 0.092 0.288 0.113 0.312 0.131 0.329 0.13 0.346 0.134 0.349 0.15 0.348 0.178 0.346 0.18 0.344 0.176 0.34 0.176 0.336 0.18 0.323 0.183 0.3 0.208 0.284 0.233 0.279 0.235 0.274 0.231 0.274 0.236 0.272 0.238 0.245 0.249
0 0.104 0.439 0.102 0.436 0.093 0.367 0.094 0.359 0.102 0.341 0.151 0.256 0.17 0.229 0.19 0.221 0.209 0.202 0.216 0.229 0.228 0.243 0.233 0.247 0.24 0.246 0.245 0.25 0.228 0.263 0.201 0.29 0.153 0.35 0.13 0.396 0.126 0.396 0.126 0.406 0.116 0.431 0.113 0.435 0.107 0.435 0.104 0.439
0 0.299 0.803 0.289 0.803 0.266 0.789 0.259 0.789 0.258 0.744 0.262 0.727 0.281 0.677 0.315 0.616 0.321 0.598 0.322 0.58 0.321 0.575 0.328 0.558 0.328 0.546 0.333 0.537 0.344 0.53 0.349 0.522 0.371 0.461 0.371 0.445 0.375 0.441 0.372 0.423 0.386 0.403 0.387 0.388 0.384 0.379 0.384 0.37 0.388 0.36 0.388 0.354 0.382 0.33 0.384 0.316 0.381 0.273 0.384 0.252 0.381 0.245 0.381 0.237 0.377 0.229 0.377 0.221 0.388 0.213 0.399 0.196 0.408 0.188 0.411 0.178 0.425 0.177 0.434 0.173 0.474 0.173 0.478 0.18 0.498 0.198 0.508 0.213 0.518 0.238 0.523 0.261 0.526 0.309 0.522 0.344 0.523 0.387 0.526 0.397 0.527 0.416 0.516 0.459 0.516 0.495 0.513 0.506 0.491 0.563 0.487 0.592 0.482 0.608 0.474 0.622 0.465 0.629 0.46 0.638 0.446 0.671 0.437 0.682 0.416 0.698 0.373 0.756 0.352 0.778 0.332 0.792 0.299 0.803
0 0.586 0.629 0.572 0.628 0.56 0.619 0.543 0.589 0.538 0.573 0.544 0.51 0.552 0.458 0.552 0.416 0.551 0.395 0.547 0.376 0.544 0.344 0.539 0.33 0.534 0.308 0.532 0.271 0.528 0.258 0.526 0.238 0.529 0.229 0.528 0.184 0.538 0.142 0.546 0.129 0.551 0.111 0.561 0.104 0.572 0.104 0.59 0.11 0.598 0.125 0.605 0.133 0.612 0.137 0.626 0.16 0.636 0.187 0.641 0.206 0.65 0.278 0.652 0.312 0.655 0.323 0.657 0.398 0.658 0.41 0.661 0.416 0.659 0.425 0.662 0.445 0.659 0.464 0.659 0.475 0.647 0.53 0.648 0.535 0.644 0.539 0.633 0.571 0.617 0.604 0.603 0.623 0.597 0.627 0.586 0.629
0 0.756 0.678 0.742 0.677 0.731 0.671 0.713 0.647 0.688 0.591 0.682 0.571 0.681 0.562 0.669 0.539 0.663 0.515 0.662 0.5 0.665 0.461 0.663 0.455 0.661 0.416 0.659 0.411 0.659 0.347 0.656 0.337 0.653 0.299 0.637 0.184 0.64 0.157 0.653 0.107 0.658 0.099 0.67 0.091 0.693 0.095 0.702 0.111 0.711 0.118 0.727 0.135 0.739 0.159 0.746 0.167 0.749 0.182 0.762 0.213 0.768 0.238 0.772 0.244 0.776 0.245 0.776 0.254 0.78 0.264 0.78 0.281 0.791 0.305 0.791 0.32 0.795 0.334 0.8 0.344 0.8 0.358 0.811 0.373 0.811 0.411 0.818 0.466 0.819 0.501 0.821 0.525 0.821 0.59 0.818 0.609 0.813 0.631 0.801 0.654 0.794 0.661 0.756 0.67
