0 0.215 0.0 0.214 0.013 0.217 0.034 0.216 0.044 0.211 0.056 0.212 0.084 0.217 0.099 0.235 0.131 0.24 0.149 0.221 0.122 0.188 0.091 0.145 0.067 0.126 0.06 0.112 0.06 0.109 0.028 0.103 0.0
0 0.102 0.0 0.109 0.027 0.111 0.06 0.09 0.062 0.074 0.068 0.054 0.084 0.028 0.109 0.02 0.122 0.01 0.144 0.005 0.176 0.006 0.208 0.0 0.208
0 0.0 0.206 0.006 0.207 0.012 0.242 0.028 0.283 0.056 0.326 0.077 0.348 0.073 0.355 0.049 0.374 0.043 0.378 0.033 0.379 0.007 0.346 0.0 0.328
0 0.0 0.38 0.018 0.381 0.036 0.387 0.013 0.424 0.0 0.454
0 0.371 0.605 0.36 0.583 0.338 0.558 0.306 0.533 0.29 0.524 0.292 0.511 0.292 0.472 0.285 0.449 0.306 0.464 0.326 0.472 0.338 0.475 0.362 0.474 0.367 0.49 0.363 0.511 0.363 0.534 0.371 0.605
0 0.289 0.524 0.263 0.518 0.238 0.517 0.236 0.502 0.238 0.498 0.235 0.494 0.233 0.478 0.224 0.448 0.213 0.42 0.205 0.405 0.192 0.388 0.161 0.359 0.182 0.354 0.215 0.333 0.224 0.374 0.236 0.4 0.262 0.433 0.289 0.454 0.292 0.471 0.292 0.495 0.289 0.524
0 0.0 0.972 0.001 0.831 0.015 0.803 0.034 0.777 0.076 0.734 0.079 0.779 0.082 0.807 0.092 0.853 0.106 0.886 0.115 0.89 0.12 0.9 0.128 0.903 0.136 0.911 0.184 0.928 0.216 0.934 0.241 0.931 0.232 0.966 0.216 1.0 0.002 1.0 0.0 0.991
0 0.001 0.829 0.001 0.711 0.017 0.672 0.053 0.701 0.078 0.713 0.076 0.735 0.031 0.78 0.011 0.808 0.001 0.829
0 0.495 1.0 0.287 0.999 0.293 0.981 0.303 0.969 0.306 0.957 0.314 0.95 0.318 0.941 0.334 0.926 0.357 0.909 0.392 0.893 0.396 0.889 0.409 0.886 0.433 0.897 0.457 0.924 0.48 0.961 0.493 0.988 0.495 1.0
0 0.284 1.0 0.218 0.999 0.233 0.962 0.239 0.941 0.24 0.929 0.281 0.913 0.314 0.885 0.318 0.878 0.323 0.874 0.325 0.874 0.331 0.886 0.343 0.894 0.372 0.902 0.349 0.913 0.318 0.943 0.307 0.956 0.284 1.0
0 0.642 1.0 0.495 1.0 0.49 0.983 0.481 0.962 0.449 0.914 0.446 0.906 0.459 0.893 0.485 0.852 0.499 0.816 0.506 0.805 0.509 0.793 0.511 0.818 0.518 0.857 0.532 0.894 0.542 0.916 0.564 0.945 0.584 0.965 0.599 0.976 0.632 0.991 0.642 1.0
0 0.45 0.906 0.443 0.906 0.424 0.89 0.412 0.885 0.4 0.886 0.392 0.893 0.37 0.903 0.359 0.901 0.334 0.888 0.323 0.877 0.337 0.862 0.359 0.829 0.368 0.812 0.379 0.781 0.39 0.725 0.391 0.705 0.389 0.658 0.393 0.668 0.416 0.695 0.431 0.707 0.454 0.72 0.466 0.725 0.491 0.73 0.521 0.724 0.521 0.733 0.514 0.756 0.511 0.796 0.495 0.825 0.486 0.852 0.459 0.897 0.45 0.906
0 0.751 0.816 0.75 0.816 0.748 0.795 0.742 0.768 0.726 0.727 0.714 0.708 0.688 0.676 0.656 0.652 0.643 0.648 0.625 0.648 0.602 0.656 0.584 0.666 0.608 0.611 0.612 0.599 0.61 0.593 0.612 0.588 0.624 0.605 0.642 0.621 0.668 0.64 0.686 0.646 0.731 0.646 0.745 0.642 0.782 0.622 0.769 0.661 0.763 0.701 0.764 0.745 0.77 0.783 0.759 0.81 0.751 0.816
0 0.891 0.96 0.845 0.92 0.834 0.914 0.8 0.904 0.777 0.902 0.769 0.897 0.757 0.875 0.762 0.866 0.763 0.846 0.778 0.801 0.779 0.8 0.79 0.82 0.804 0.84 0.83 0.866 0.87 0.895 0.898 0.906 0.92 0.908 0.898 0.94 0.891 0.96
0 1.0 1.0 0.921 1.0 0.917 0.983 0.908 0.97 0.89 0.961 0.905 0.927 0.909 0.921 0.915 0.916 0.919 0.908 0.938 0.908 0.966 0.9 0.98 0.894 1.0 0.88 1.0 1.0
0 0.732 0.92 0.745 0.887 0.749 0.868 0.766 0.891 0.771 0.902 0.744 0.913 0.732 0.92
0 0.889 1.0 0.661 0.999 0.671 0.978 0.684 0.959 0.716 0.928 0.757 0.907 0.775 0.902 0.789 0.902 0.804 0.905 0.842 0.918 0.859 0.931 0.886 0.958 0.906 0.968 0.917 0.987 0.921 0.999 0.889 1.0
0 0.54 0.0 0.511 0.03 0.5 0.047 0.484 0.076 0.473 0.107 0.466 0.138 0.462 0.183 0.456 0.204 0.452 0.23 0.452 0.251 0.456 0.294 0.441 0.248 0.426 0.225 0.409 0.205 0.438 0.175 0.451 0.15 0.457 0.122 0.46 0.086 0.459 0.052 0.446 0.02 0.433 0.0
0 0.792 0.61 0.813 0.58 0.824 0.559 0.834 0.53 0.857 0.546 0.888 0.56 0.917 0.56 0.928 0.557 0.969 0.543 0.976 0.594 0.95 0.576 0.928 0.566 0.912 0.563 0.885 0.562 0.848 0.568 0.827 0.578 0.804 0.596 0.792 0.61
0 0.802 0.352 0.784 0.335 0.766 0.325 0.748 0.318 0.719 0.315 0.728 0.285 0.734 0.247 0.739 0.24 0.75 0.212 0.775 0.229 0.793 0.236 0.82 0.239 0.846 0.234 0.866 0.227 0.898 0.202 0.924 0.175 0.936 0.158 0.925 0.195 0.924 0.221 0.925 0.234 0.928 0.241 0.939 0.255 0.905 0.258 0.882 0.269 0.866 0.28 0.839 0.302 0.802 0.352
0 0.96 0.076 0.956 0.076 0.957 0.051 0.952 0.027 0.942 0.004 1.0 0.004 1.0 0.057 0.979 0.065 0.96 0.076
0 0.999 0.274 0.97 0.261 0.936 0.255 0.928 0.242 0.924 0.221 0.924 0.206 0.927 0.185 0.934 0.16 0.948 0.127 0.957 0.079 0.971 0.068 0.978 0.068 1.0 0.058 0.999 0.274
0 0.652 0.0 0.67 0.026 0.685 0.032 0.697 0.047 0.699 0.066 0.691 0.082 0.693 0.101 0.674 0.08 0.663 0.072 0.635 0.062 0.602 0.062 0.564 0.074 0.53 0.09 0.505 0.112 0.479 0.147 0.462 0.182 0.462 0.17 0.466 0.136 0.479 0.086 0.496 0.053 0.51 0.031 0.534 0.004 0.54 0.0
0 0.943 0.0 0.951 0.021 0.956 0.042 0.959 0.07 0.954 0.104 0.948 0.13 0.937 0.157 0.923 0.178 0.908 0.194 0.871 0.224 0.85 0.234 0.823 0.239 0.799 0.238 0.757 0.218 0.736 0.197 0.73 0.187 0.724 0.161 0.714 0.136 0.712 0.123 0.714 0.101 0.722 0.058 0.731 0.025 0.741 0.0
0 0.576 0.44 0.554 0.438 0.535 0.432 0.526 0.426 0.506 0.408 0.484 0.376 0.462 0.357 0.461 0.345 0.466 0.345 0.465 0.331 0.458 0.307 0.452 0.257 0.452 0.231 0.455 0.205 0.464 0.177 0.476 0.151 0.497 0.12 0.529 0.091 0.56 0.076 0.604 0.062 0.63 0.061 0.655 0.068 0.676 0.083 0.691 0.1 0.715 0.136 0.723 0.157 0.728 0.175 0.735 0.219 0.734 0.242 0.729 0.283 0.723 0.305 0.71 0.335 0.689 0.37 0.671 0.392 0.65 0.41 0.626 0.424 0.601 0.434 0.576 0.44
0 0.342 0.475 0.3 0.462 0.283 0.453 0.263 0.436 0.247 0.418 0.234 0.398 0.225 0.378 0.218 0.35 0.214 0.319 0.202 0.293 0.201 0.273 0.204 0.264 0.21 0.256 0.217 0.253 0.225 0.245 0.231 0.227 0.242 0.204 0.258 0.184 0.271 0.174 0.287 0.167 0.309 0.164 0.345 0.166 0.377 0.181 0.411 0.206 0.433 0.233 0.452 0.272 0.458 0.307 0.465 0.331 0.466 0.345 0.462 0.344 0.461 0.346 0.462 0.356 0.464 0.361 0.464 0.374 0.46 0.389 0.455 0.399 0.429 0.412 0.414 0.423 0.393 0.445 0.382 0.462 0.373 0.468 0.364 0.468 0.358 0.472 0.342 0.475
0 0.436 0.0 0.45 0.025 0.46 0.057 0.46 0.096 0.457 0.125 0.453 0.147 0.445 0.164 0.429 0.186 0.41 0.205 0.375 0.178 0.344 0.165 0.307 0.164 0.287 0.166 0.267 0.175 0.256 0.164 0.228 0.127 0.22 0.113 0.212 0.092 0.21 0.057 0.217 0.035 0.217 0.025 0.214 0.014 0.214 0.0
0 0.162 0.361 0.142 0.344 0.129 0.336 0.106 0.335 0.094 0.338 0.077 0.347 0.055 0.326 0.038 0.302 0.023 0.275 0.012 0.244 0.006 0.209 0.006 0.167 0.011 0.141 0.019 0.122 0.028 0.11 0.055 0.083 0.076 0.067 0.093 0.061 0.132 0.06 0.184 0.085 0.227 0.128 0.247 0.16 0.252 0.192 0.24 0.21 0.225 0.245 0.218 0.253 0.21 0.257 0.202 0.272 0.203 0.295 0.213 0.313 0.216 0.333 0.183 0.354 0.162 0.361
0 0.0 0.464 0.001 0.455 0.008 0.435 0.021 0.409 0.047 0.376 0.072 0.356 0.079 0.346 0.093 0.338 0.108 0.334 0.122 0.335 0.135 0.34 0.181 0.378 0.21 0.417 0.223 0.448 0.233 0.48 0.237 0.507 0.237 0.516 0.235 0.52 0.207 0.529 0.181 0.544 0.135 0.587 0.11 0.629 0.101 0.648 0.091 0.683 0.079 0.713 0.071 0.712 0.057 0.705 0.038 0.692 0.012 0.664 0.0 0.639
0 0.223 0.934 0.184 0.929 0.174 0.924 0.164 0.923 0.142 0.914 0.128 0.903 0.122 0.902 0.116 0.895 0.109 0.892 0.101 0.884 0.1 0.873 0.091 0.852 0.09 0.839 0.08 0.796 0.077 0.748 0.078 0.72 0.1 0.651 0.109 0.63 0.131 0.592 0.142 0.578 0.172 0.55 0.204 0.53 0.236 0.519 0.274 0.519 0.296 0.527 0.312 0.537 0.341 0.56 0.356 0.576 0.365 0.591 0.379 0.623 0.385 0.641 0.388 0.661 0.388 0.739 0.38 0.78 0.369 0.81 0.356 0.835 0.336 0.863 0.316 0.884 0.275 0.915 0.25 0.928 0.223 0.934
0 0.497 0.729 0.466 0.725 0.44 0.713 0.415 0.694 0.392 0.669 0.389 0.662 0.382 0.633 0.369 0.601 0.364 0.554 0.365 0.538 0.362 0.528 0.361 0.51 0.364 0.502 0.362 0.478 0.364 0.47 0.372 0.468 0.38 0.463 0.402 0.433 0.424 0.414 0.449 0.402 0.467 0.397 0.498 0.396 0.51 0.412 0.53 0.428 0.552 0.437 0.574 0.44 0.589 0.46 0.598 0.477 0.606 0.5 0.609 0.52 0.61 0.592 0.614 0.6 0.59 0.658 0.574 0.687 0.56 0.702 0.523 0.723 0.497 0.729
0 0.661 1.0 0.641 1.0 0.626 0.988 0.594 0.974 0.574 0.956 0.553 0.932 0.538 0.909 0.523 0.873 0.515 0.846 0.51 0.809 0.51 0.783 0.513 0.756 0.523 0.724 0.561 0.7 0.573 0.687 0.586 0.665 0.606 0.653 0.632 0.647 0.658 0.652 0.698 0.684 0.728 0.729 0.747 0.781 0.751 0.812 0.75 0.869 0.744 0.89 0.735 0.916 0.711 0.933 0.689 0.954 0.671 0.979 0.661 1.0
0 0.939 0.908 0.896 0.906 0.868 0.895 0.84 0.877 0.818 0.858 0.798 0.834 0.781 0.805 0.77 0.778 0.765 0.756 0.762 0.715 0.765 0.679 0.773 0.647 0.782 0.629 0.802 0.602 0.819 0.585 0.842 0.57 0.872 0.56 0.904 0.56 0.926 0.564 0.944 0.572 0.964 0.583 1.0 0.616 1.0 0.88 0.972 0.898 0.939 0.908
0 0.738 0.648 0.694 0.648 0.671 0.642 0.644 0.624 0.618 0.599 0.614 0.598 0.61 0.589 0.609 0.523 0.606 0.506 0.594 0.469 0.575 0.441 0.624 0.424 0.651 0.408 0.665 0.396 0.696 0.358 0.71 0.335 0.72 0.314 0.752 0.318 0.766 0.324 0.782 0.334 0.803 0.356 0.819 0.382 0.831 0.409 0.84 0.465 0.84 0.497 0.834 0.533 0.828 0.551 0.814 0.58 0.79 0.613 0.779 0.626 0.752 0.643 0.738 0.648
0 0.921 0.562 0.902 0.56 0.878 0.553 0.85 0.541 0.836 0.53 0.84 0.476 0.833 0.418 0.824 0.394 0.803 0.356 0.802 0.352 0.837 0.302 0.866 0.277 0.87 0.276 0.878 0.27 0.92 0.258 0.948 0.258 0.988 0.268 1.0 0.277 1.0 0.528 0.975 0.543 0.921 0.56
