0 0.844 0.996 0.778 0.996 0.74 0.976 0.704 0.946 0.678 0.929 0.626 0.882 0.581 0.834 0.568 0.824 0.51 0.767 0.486 0.748 0.442 0.721 0.431 0.709 0.422 0.696 0.416 0.678 0.413 0.653 0.409 0.651 0.389 0.632 0.378 0.617 0.379 0.606 0.384 0.598 0.384 0.589 0.392 0.582 0.405 0.581 0.421 0.592 0.438 0.598 0.453 0.59 0.467 0.59 0.481 0.594 0.55 0.649 0.592 0.668 0.699 0.711 0.78 0.753 0.812 0.774 0.841 0.809 0.86 0.838 0.874 0.864 0.884 0.898 0.886 0.922 0.883 0.94 0.864 0.974 0.844 0.996
0 0.431 0.929 0.419 0.929 0.404 0.925 0.381 0.909 0.364 0.887 0.351 0.862 0.34 0.85 0.333 0.837 0.328 0.821 0.327 0.798 0.321 0.773 0.316 0.726 0.305 0.674 0.304 0.66 0.379 0.643 0.442 0.722 0.466 0.748 0.48 0.77 0.488 0.789 0.492 0.816 0.492 0.847 0.489 0.868 0.477 0.895 0.465 0.912 0.451 0.923 0.431 0.929
0 0.481 0.9 0.474 0.899 0.488 0.869 0.493 0.827 0.488 0.79 0.478 0.766 0.48 0.764 0.497 0.776 0.55 0.803 0.586 0.836 0.609 0.863 0.643 0.895 0.481 0.9
0 0.897 0.89 0.882 0.89 0.879 0.864 0.874 0.845 0.854 0.801 0.841 0.681 0.834 0.637 0.834 0.618 0.839 0.6 0.84 0.554 0.844 0.543 0.851 0.536 0.863 0.537 0.869 0.543 0.877 0.565 0.879 0.58 0.883 0.593 0.882 0.597 0.895 0.614 0.902 0.629 0.915 0.675 0.942 0.783 0.955 0.821 0.953 0.838 0.955 0.854 0.949 0.87 0.94 0.885 0.931 0.88 0.927 0.89 0.919 0.882 0.91 0.879 0.906 0.881 0.904 0.89 0.897 0.89
0 0.88 0.883 0.873 0.864 0.858 0.833 0.841 0.809 0.833 0.795 0.805 0.764 0.791 0.753 0.773 0.744 0.755 0.74 0.69 0.707 0.613 0.676 0.609 0.674 0.608 0.655 0.611 0.654 0.616 0.661 0.65 0.685 0.656 0.685 0.661 0.68 0.666 0.667 0.682 0.662 0.68 0.649 0.682 0.649 0.723 0.678 0.791 0.734 0.822 0.762 0.854 0.8 0.869 0.829 0.876 0.848 0.88 0.867 0.88 0.883
0 0.831 0.802 0.815 0.784 0.794 0.766 0.754 0.74 0.769 0.742 0.792 0.751 0.826 0.785 0.831 0.794 0.831 0.802
0 0.977 0.92 0.971 0.92 0.963 0.914 0.956 0.894 0.95 0.902 0.951 0.918 0.945 0.915 0.941 0.907 0.942 0.898 0.939 0.892 0.939 0.886 0.955 0.854 0.953 0.835 0.961 0.802 0.999 0.747 0.999 0.914 0.998 0.906 0.995 0.907 0.994 0.904 0.988 0.907 0.991 0.904 0.989 0.903 0.986 0.905 0.984 0.915 0.977 0.92
0 0.853 0.799 0.824 0.764 0.783 0.728 0.8 0.724 0.815 0.717 0.843 0.721 0.845 0.727 0.851 0.772 0.853 0.799
0 0.789 0.726 0.778 0.724 0.695 0.657 0.686 0.643 0.647 0.602 0.644 0.579 0.634 0.554 0.657 0.543 0.665 0.532 0.673 0.517 0.699 0.522 0.723 0.531 0.764 0.557 0.792 0.579 0.811 0.598 0.823 0.616 0.832 0.638 0.835 0.654 0.835 0.68 0.829 0.697 0.817 0.713 0.802 0.723 0.789 0.726
0 0.833 0.623 0.824 0.618 0.813 0.6 0.799 0.585 0.769 0.561 0.778 0.54 0.804 0.557 0.838 0.568 0.839 0.599 0.833 0.623
0 0.999 0.606 0.921 0.578 0.878 0.573 0.869 0.543 0.862 0.537 0.852 0.536 0.844 0.54 0.839 0.553 0.838 0.567 0.813 0.561 0.795 0.554 0.772 0.535 0.762 0.519 0.754 0.491 0.755 0.484 0.76 0.474 0.761 0.465 0.764 0.458 0.769 0.456 0.777 0.447 0.787 0.446 0.796 0.441 0.813 0.441 0.829 0.446 0.862 0.468 0.89 0.475 0.915 0.476 0.97 0.468 0.999 0.467 0.999 0.606
0 0.913 0.476 0.891 0.475 0.864 0.469 0.842 0.453 0.867 0.427 0.931 0.328 0.946 0.308 0.959 0.296 0.975 0.287 0.989 0.283 0.999 0.284 0.999 0.399 0.952 0.451 0.923 0.474 0.913 0.476
0 0.717 0.471 0.686 0.469 0.675 0.465 0.665 0.43 0.64 0.376 0.642 0.365 0.647 0.353 0.667 0.327 0.687 0.315 0.71 0.31 0.745 0.314 0.773 0.322 0.801 0.324 0.822 0.315 0.843 0.314 0.86 0.318 0.873 0.334 0.878 0.348 0.877 0.367 0.874 0.38 0.864 0.395 0.842 0.41 0.835 0.41 0.803 0.429 0.76 0.458 0.738 0.468 0.717 0.471
0 0.866 0.317 0.82 0.309 0.757 0.292 0.746 0.287 0.817 0.2 0.885 0.223 0.892 0.228 0.906 0.242 0.937 0.244 0.943 0.264 0.937 0.281 0.929 0.293 0.915 0.302 0.896 0.304 0.887 0.31 0.866 0.317
0 0.939 0.278 0.938 0.277 0.941 0.267 0.944 0.263 0.939 0.258 0.936 0.244 0.905 0.242 0.888 0.225 0.851 0.211 0.841 0.198 0.828 0.186 0.84 0.163 0.848 0.143 0.862 0.146 0.878 0.144 0.895 0.148 0.953 0.176 0.973 0.195 0.978 0.205 0.981 0.217 0.981 0.232 0.977 0.247 0.96 0.27 0.939 0.278
0 0.769 0.56 0.722 0.53 0.698 0.522 0.695 0.504 0.687 0.484 0.689 0.469 0.713 0.47 0.738 0.467 0.741 0.469 0.754 0.489 0.763 0.522 0.777 0.54 0.775 0.55 0.769 0.56
0 0.657 0.685 0.651 0.684 0.629 0.667 0.618 0.662 0.612 0.652 0.603 0.653 0.587 0.649 0.565 0.632 0.546 0.607 0.481 0.511 0.403 0.428 0.366 0.38 0.347 0.341 0.341 0.318 0.34 0.295 0.342 0.282 0.349 0.264 0.369 0.237 0.377 0.229 0.39 0.225 0.41 0.226 0.42 0.23 0.433 0.237 0.457 0.257 0.484 0.29 0.524 0.356 0.589 0.488 0.638 0.562 0.646 0.584 0.646 0.608 0.669 0.63 0.68 0.646 0.682 0.657 0.681 0.662 0.676 0.662 0.665 0.668 0.662 0.679 0.657 0.685
0 0.638 0.554 0.631 0.552 0.595 0.501 0.573 0.46 0.546 0.402 0.548 0.401 0.556 0.406 0.569 0.426 0.585 0.44 0.605 0.447 0.612 0.436 0.61 0.418 0.613 0.398 0.602 0.381 0.594 0.373 0.585 0.346 0.572 0.329 0.546 0.302 0.513 0.274 0.495 0.251 0.495 0.231 0.499 0.209 0.508 0.184 0.517 0.17 0.533 0.169 0.534 0.179 0.547 0.186 0.557 0.198 0.564 0.215 0.578 0.264 0.596 0.302 0.626 0.346 0.641 0.374 0.671 0.443 0.676 0.467 0.677 0.487 0.674 0.513 0.668 0.53 0.658 0.543 0.638 0.554
0 0.628 0.349 0.601 0.309 0.579 0.268 0.57 0.243 0.563 0.212 0.59 0.257 0.607 0.292 0.62 0.323 0.628 0.349
0 0.597 0.444 0.589 0.442 0.578 0.434 0.565 0.42 0.555 0.405 0.546 0.4 0.523 0.355 0.484 0.29 0.467 0.268 0.434 0.237 0.443 0.231 0.46 0.227 0.469 0.229 0.479 0.234 0.493 0.246 0.513 0.274 0.541 0.297 0.573 0.329 0.587 0.349 0.594 0.372 0.601 0.379 0.614 0.4 0.61 0.415 0.612 0.438 0.607 0.444 0.603 0.441 0.597 0.444
0 0.644 0.362 0.633 0.362 0.629 0.354 0.626 0.343 0.629 0.33 0.64 0.316 0.647 0.31 0.651 0.296 0.657 0.284 0.702 0.227 0.781 0.093 0.795 0.079 0.811 0.071 0.827 0.073 0.843 0.085 0.849 0.095 0.852 0.107 0.85 0.138 0.844 0.157 0.82 0.2 0.816 0.2 0.727 0.311 0.702 0.312 0.676 0.322 0.657 0.34 0.644 0.362
0 0.835 0.0 0.818 0.034 0.811 0.054 0.805 0.063 0.796 0.069 0.721 0.196 0.686 0.25 0.667 0.27 0.641 0.286 0.618 0.289 0.605 0.282 0.593 0.266 0.59 0.25 0.593 0.218 0.603 0.185 0.619 0.153 0.635 0.129 0.734 0.0
0 0.712 0.0 0.697 0.02 0.633 0.119 0.59 0.171 0.555 0.194 0.548 0.186 0.532 0.179 0.532 0.169 0.518 0.169 0.515 0.174 0.516 0.176 0.51 0.18 0.501 0.16 0.499 0.141 0.502 0.122 0.511 0.099 0.526 0.076 0.548 0.052 0.609 0.0
0 0.0 0.843 0.027 0.827 0.051 0.821 0.081 0.822 0.153 0.833 0.162 0.852 0.17 0.864 0.185 0.875 0.197 0.879 0.214 0.879 0.225 0.875 0.239 0.864 0.253 0.849 0.297 0.851 0.31 0.854 0.328 0.866 0.35 0.873 0.362 0.882 0.367 0.894 0.365 0.9 0.356 0.904 0.0 0.916
0 0.206 0.878 0.193 0.876 0.178 0.869 0.164 0.855 0.156 0.839 0.15 0.813 0.15 0.789 0.152 0.766 0.159 0.743 0.171 0.718 0.272 0.669 0.292 0.664 0.292 0.677 0.281 0.733 0.275 0.787 0.264 0.827 0.252 0.849 0.239 0.864 0.221 0.875 0.206 0.878
0 0.0 0.556 0.011 0.553 0.021 0.559 0.03 0.592 0.037 0.607 0.024 0.635 0.02 0.657 0.023 0.691 0.031 0.707 0.047 0.723 0.066 0.732 0.095 0.736 0.13 0.733 0.153 0.765 0.15 0.806 0.154 0.832 0.111 0.826 0.067 0.772 0.0 0.705
0 0.0 0.708 0.004 0.709 0.053 0.759 0.06 0.805 0.059 0.82 0.028 0.826 0.015 0.831 0.0 0.842
0 0.109 0.826 0.069 0.821 0.063 0.8 0.061 0.767 0.075 0.778 0.109 0.826
0 0.111 0.736 0.081 0.735 0.053 0.727 0.035 0.713 0.021 0.694 0.02 0.653 0.022 0.64 0.029 0.623 0.047 0.599 0.082 0.575 0.109 0.566 0.155 0.558 0.279 0.55 0.343 0.538 0.367 0.537 0.391 0.544 0.407 0.559 0.439 0.569 0.451 0.58 0.449 0.589 0.439 0.596 0.425 0.593 0.407 0.582 0.39 0.583 0.384 0.59 0.385 0.595 0.379 0.608 0.379 0.615 0.39 0.63 0.39 0.633 0.38 0.64 0.3 0.661 0.253 0.678 0.159 0.724 0.13 0.733 0.111 0.736
0 0.173 0.556 0.168 0.556 0.164 0.552 0.155 0.537 0.152 0.51 0.156 0.49 0.17 0.471 0.182 0.461 0.198 0.452 0.211 0.448 0.232 0.444 0.279 0.443 0.338 0.437 0.364 0.432 0.398 0.422 0.459 0.487 0.459 0.49 0.448 0.499 0.429 0.505 0.415 0.513 0.343 0.537 0.286 0.547 0.173 0.556
0 0.608 0.673 0.567 0.656 0.544 0.644 0.48 0.594 0.457 0.589 0.448 0.592 0.439 0.598 0.44 0.592 0.447 0.589 0.453 0.581 0.45 0.575 0.443 0.57 0.442 0.566 0.449 0.561 0.46 0.558 0.491 0.56 0.518 0.566 0.547 0.609 0.567 0.633 0.587 0.648 0.611 0.652 0.612 0.657 0.61 0.66 0.608 0.673
0 0.435 0.566 0.406 0.559 0.397 0.548 0.384 0.541 0.368 0.537 0.35 0.536 0.411 0.516 0.447 0.501 0.473 0.521 0.473 0.527 0.466 0.544 0.453 0.559 0.435 0.566
0 0.039 0.609 0.033 0.6 0.026 0.578 0.021 0.558 0.021 0.541 0.026 0.51 0.034 0.494 0.042 0.485 0.06 0.474 0.077 0.467 0.097 0.467 0.123 0.479 0.141 0.496 0.152 0.51 0.156 0.538 0.167 0.557 0.117 0.564 0.085 0.574 0.061 0.588 0.039 0.609
0 0.039 0.488 0.024 0.48 0.011 0.467 0.009 0.454 0.003 0.443 0.005 0.428 0.02 0.43 0.038 0.437 0.05 0.439 0.08 0.433 0.105 0.431 0.108 0.448 0.113 0.464 0.119 0.471 0.128 0.476 0.128 0.483 0.104 0.469 0.077 0.467 0.046 0.481 0.039 0.488
0 0.152 0.51 0.13 0.483 0.115 0.47 0.11 0.455 0.106 0.439 0.107 0.422 0.114 0.4 0.127 0.379 0.138 0.371 0.166 0.366 0.195 0.375 0.231 0.398 0.29 0.442 0.229 0.445 0.19 0.457 0.173 0.469 0.161 0.482 0.155 0.495 0.152 0.51
0 0.27 0.408 0.256 0.406 0.243 0.398 0.232 0.384 0.228 0.37 0.226 0.358 0.227 0.342 0.23 0.33 0.242 0.308 0.269 0.279 0.338 0.212 0.371 0.172 0.385 0.161 0.401 0.156 0.414 0.134 0.421 0.132 0.432 0.14 0.444 0.142 0.448 0.155 0.447 0.164 0.44 0.179 0.426 0.198 0.417 0.228 0.391 0.225 0.377 0.229 0.37 0.236 0.35 0.264 0.343 0.279 0.34 0.295 0.341 0.316 0.347 0.338 0.34 0.351 0.325 0.372 0.298 0.397 0.285 0.405 0.27 0.408
0 0.316 0.438 0.296 0.435 0.272 0.427 0.201 0.379 0.173 0.367 0.154 0.366 0.137 0.371 0.128 0.377 0.117 0.394 0.099 0.387 0.079 0.37 0.063 0.344 0.058 0.319 0.062 0.296 0.066 0.288 0.078 0.274 0.089 0.269 0.104 0.266 0.138 0.271 0.176 0.291 0.23 0.323 0.225 0.349 0.225 0.362 0.229 0.378 0.239 0.394 0.257 0.407 0.276 0.408 0.29 0.403 0.31 0.389 0.331 0.366 0.349 0.373 0.352 0.381 0.36 0.389 0.361 0.403 0.367 0.408 0.366 0.429 0.361 0.431 0.35 0.427 0.316 0.438
0 0.23 0.324 0.215 0.318 0.166 0.284 0.152 0.278 0.151 0.274 0.159 0.264 0.167 0.258 0.192 0.256 0.222 0.264 0.262 0.284 0.23 0.324
0 0.194 0.254 0.172 0.253 0.156 0.245 0.146 0.236 0.132 0.215 0.129 0.189 0.132 0.169 0.143 0.15 0.157 0.138 0.184 0.127 0.243 0.127 0.28 0.122 0.351 0.1 0.365 0.101 0.379 0.106 0.399 0.096 0.414 0.096 0.415 0.1 0.421 0.121 0.421 0.131 0.413 0.135 0.41 0.142 0.399 0.155 0.375 0.168 0.349 0.198 0.289 0.218 0.229 0.246 0.194 0.254
0 0.428 0.233 0.417 0.228 0.426 0.198 0.441 0.179 0.447 0.165 0.449 0.154 0.444 0.142 0.452 0.139 0.466 0.141 0.47 0.149 0.472 0.165 0.47 0.175 0.452 0.198 0.446 0.216 0.428 0.233
0 0.02 0.541 0.012 0.53 0.007 0.508 0.007 0.487 0.014 0.469 0.026 0.481 0.039 0.487 0.028 0.506 0.02 0.541
0 0.0 0.338 0.022 0.325 0.058 0.329 0.067 0.351 0.08 0.37 0.095 0.383 0.116 0.395 0.107 0.415 0.085 0.418 0.033 0.434 0.016 0.428 0.006 0.428 0.002 0.442 0.0 0.439
0 0.0 0.158 0.044 0.13 0.08 0.116 0.112 0.1 0.135 0.102 0.151 0.114 0.174 0.12 0.184 0.12 0.187 0.125 0.186 0.127 0.163 0.135 0.146 0.148 0.136 0.162 0.131 0.174 0.129 0.184 0.13 0.204 0.083 0.249 0.026 0.316 0.0 0.338
0 0.242 0.128 0.204 0.126 0.253 0.095 0.284 0.057 0.293 0.051 0.3 0.049 0.303 0.038 0.316 0.018 0.319 0.008 0.329 0.014 0.334 0.021 0.339 0.024 0.34 0.04 0.346 0.048 0.34 0.077 0.34 0.094 0.337 0.104 0.288 0.121 0.242 0.128
0 0.518 0.0 0.523 0.025 0.522 0.043 0.505 0.072 0.489 0.088 0.46 0.099 0.423 0.106 0.417 0.106 0.414 0.099 0.406 0.097 0.398 0.098 0.379 0.107 0.359 0.102 0.339 0.105 0.341 0.076 0.346 0.047 0.339 0.038 0.339 0.025 0.333 0.022 0.324 0.009 0.354 0.0
0 0.0 0.116 0.021 0.106 0.033 0.105 0.051 0.111 0.064 0.121 0.022 0.142 0.0 0.158
0 0.067 0.12 0.062 0.119 0.051 0.111 0.034 0.103 0.054 0.057 0.073 0.002 0.1 0.002 0.101 0.034 0.107 0.1 0.088 0.112 0.067 0.12
0 0.167 0.0 0.18 0.058 0.196 0.103 0.2 0.126 0.187 0.127 0.184 0.121 0.152 0.115 0.143 0.107 0.131 0.102 0.107 0.102 0.1 0.028 0.101 0.0
0 0.252 0.0 0.266 0.022 0.252 0.026 0.231 0.04 0.219 0.042 0.204 0.057 0.215 0.079 0.232 0.083 0.245 0.1 0.209 0.121 0.195 0.096 0.183 0.066 0.168 0.0
0 0.061 0.299 0.049 0.295 0.048 0.292 0.093 0.239 0.128 0.206 0.13 0.206 0.135 0.219 0.149 0.237 0.162 0.248 0.18 0.255 0.161 0.263 0.15 0.275 0.136 0.27 0.118 0.267 0.09 0.27 0.073 0.28 0.061 0.299
0 0.058 0.329 0.02 0.324 0.048 0.292 0.061 0.298 0.058 0.329
0 0.493 0.246 0.476 0.232 0.467 0.228 0.45 0.229 0.434 0.238 0.428 0.233 0.446 0.216 0.451 0.198 0.467 0.181 0.479 0.189 0.487 0.201 0.493 0.224 0.493 0.246
0 0.472 0.148 0.465 0.141 0.436 0.141 0.422 0.132 0.417 0.104 0.471 0.095 0.493 0.083 0.504 0.073 0.498 0.099 0.498 0.111 0.501 0.123 0.499 0.13 0.472 0.148
0 0.609 0.0 0.562 0.036 0.527 0.074 0.511 0.097 0.501 0.122 0.498 0.114 0.498 0.099 0.507 0.07 0.518 0.05 0.555 0.0
0 0.85 0.211 0.821 0.201 0.824 0.196 0.824 0.19 0.827 0.186 0.833 0.19 0.841 0.197 0.85 0.211
0 0.901 0.151 0.879 0.145 0.864 0.147 0.849 0.142 0.852 0.109 0.863 0.119 0.869 0.134 0.899 0.142 0.901 0.151
0 0.697 0.522 0.672 0.516 0.676 0.493 0.675 0.464 0.69 0.47 0.689 0.484 0.696 0.506 0.697 0.522
0 0.84 0.452 0.816 0.441 0.799 0.441 0.786 0.446 0.779 0.446 0.829 0.414 0.838 0.431 0.841 0.444 0.84 0.452
0 0.842 0.45 0.838 0.427 0.83 0.413 0.838 0.407 0.844 0.409 0.849 0.43 0.849 0.443 0.842 0.45
0 0.898 0.143 0.869 0.135 0.864 0.119 0.874 0.119 0.887 0.124 0.896 0.134 0.898 0.143
0 0.806 0.324 0.774 0.322 0.727 0.31 0.745 0.289 0.811 0.306 0.819 0.317 0.806 0.324
0 0.624 0.333 0.605 0.285 0.609 0.284 0.62 0.289 0.635 0.288 0.664 0.273 0.652 0.295 0.648 0.31 0.64 0.316 0.628 0.333 0.624 0.333
0 0.595 0.207 0.593 0.187 0.598 0.163 0.633 0.117 0.643 0.117 0.617 0.158 0.603 0.186 0.595 0.207
0 0.643 0.118 0.634 0.117 0.674 0.057 0.678 0.054 0.689 0.058 0.643 0.118
0 0.321 0.774 0.294 0.768 0.281 0.761 0.278 0.756 0.281 0.729 0.293 0.665 0.297 0.661 0.303 0.661 0.316 0.73 0.321 0.774
0 0.551 0.0 0.551 0.003 0.544 0.014 0.52 0.046 0.522 0.026 0.517 0.0
0 0.497 0.214 0.493 0.193 0.506 0.172 0.51 0.18 0.509 0.188 0.505 0.195 0.497 0.214
0 0.923 0.943 0.901 0.938 0.895 0.933 0.889 0.922 0.891 0.915 0.897 0.913 0.898 0.9 0.905 0.892 0.905 0.882 0.908 0.879 0.916 0.88 0.926 0.889 0.928 0.888 0.928 0.882 0.932 0.879 0.946 0.892 0.951 0.908 0.952 0.919 0.947 0.928 0.941 0.932 0.937 0.939 0.923 0.94
