0 0.692 0.662 0.666 0.658 0.651 0.652 0.624 0.63 0.613 0.611 0.606 0.591 0.599 0.57 0.598 0.549 0.608 0.515 0.633 0.477 0.651 0.455 0.66 0.445 0.675 0.435 0.701 0.434 0.717 0.44 0.732 0.451 0.751 0.473 0.771 0.512 0.777 0.543 0.777 0.561 0.771 0.596 0.762 0.617 0.754 0.627 0.725 0.651 0.692 0.662
0 0.852 0.441 0.824 0.437 0.812 0.43 0.795 0.416 0.79 0.409 0.782 0.369 0.781 0.343 0.783 0.334 0.789 0.311 0.798 0.292 0.804 0.284 0.818 0.272 0.84 0.264 0.866 0.268 0.902 0.297 0.909 0.306 0.913 0.315 0.916 0.336 0.916 0.35 0.911 0.374 0.902 0.393 0.878 0.422 0.852 0.441
0 0.643 0.33 0.629 0.33 0.623 0.328 0.61 0.317 0.602 0.305 0.596 0.28 0.598 0.257 0.603 0.238 0.609 0.226 0.616 0.221 0.63 0.204 0.651 0.198 0.665 0.202 0.676 0.208 0.683 0.194 0.686 0.195 0.687 0.198 0.679 0.211 0.682 0.214 0.693 0.235 0.696 0.247 0.695 0.274 0.69 0.289 0.676 0.31 0.663 0.321 0.643 0.33
0 0.35 0.58 0.33 0.579 0.3 0.568 0.28 0.546 0.268 0.516 0.264 0.501 0.264 0.465 0.269 0.44 0.273 0.429 0.3 0.393 0.313 0.383 0.332 0.374 0.351 0.374 0.385 0.397 0.394 0.4 0.4 0.411 0.405 0.427 0.422 0.465 0.424 0.481 0.422 0.498 0.417 0.518 0.4 0.551 0.379 0.571 0.35 0.58
0 0.251 0.317 0.232 0.315 0.201 0.302 0.194 0.293 0.186 0.276 0.179 0.249 0.179 0.231 0.186 0.207 0.2 0.19 0.22 0.18 0.242 0.182 0.268 0.193 0.276 0.201 0.282 0.212 0.286 0.227 0.284 0.28 0.267 0.308 0.258 0.316 0.251 0.317
0 0.515 0.435 0.507 0.434 0.498 0.428 0.46 0.392 0.451 0.374 0.449 0.36 0.45 0.333 0.455 0.312 0.465 0.288 0.484 0.264 0.507 0.256 0.52 0.256 0.537 0.262 0.56 0.292 0.563 0.287 0.568 0.284 0.569 0.288 0.564 0.297 0.581 0.32 0.586 0.332 0.588 0.344 0.588 0.358 0.581 0.384 0.564 0.41 0.541 0.427 0.515 0.435
0 0.567 0.296 0.571 0.287 0.566 0.28 0.56 0.288 0.534 0.26 0.512 0.255 0.499 0.256 0.486 0.262 0.484 0.249 0.484 0.23 0.488 0.213 0.496 0.186 0.502 0.174 0.51 0.164 0.524 0.158 0.533 0.157 0.571 0.173 0.581 0.188 0.588 0.215 0.588 0.245 0.582 0.274 0.576 0.286 0.567 0.296
0 0.356 0.357 0.333 0.355 0.322 0.35 0.311 0.342 0.292 0.312 0.286 0.286 0.286 0.267 0.289 0.236 0.296 0.218 0.307 0.203 0.334 0.188 0.354 0.188 0.38 0.202 0.393 0.216 0.403 0.242 0.405 0.263 0.405 0.285 0.402 0.306 0.39 0.333 0.378 0.351 0.368 0.356 0.356 0.357
0 0.44 0.265 0.423 0.263 0.405 0.254 0.403 0.241 0.393 0.214 0.378 0.2 0.376 0.19 0.377 0.168 0.384 0.149 0.398 0.132 0.41 0.124 0.423 0.118 0.446 0.118 0.458 0.126 0.465 0.135 0.468 0.144 0.473 0.169 0.479 0.152 0.484 0.152 0.482 0.16 0.474 0.174 0.476 0.177 0.48 0.188 0.483 0.202 0.484 0.217 0.481 0.232 0.474 0.245 0.467 0.253 0.455 0.261 0.44 0.265
0 0.208 0.498 0.182 0.494 0.157 0.48 0.144 0.458 0.135 0.434 0.132 0.416 0.131 0.397 0.135 0.386 0.145 0.367 0.176 0.326 0.198 0.314 0.22 0.314 0.228 0.316 0.24 0.325 0.269 0.359 0.278 0.374 0.281 0.386 0.281 0.409 0.269 0.433 0.264 0.453 0.262 0.479 0.238 0.494 0.228 0.497 0.208 0.498
0 0.144 0.463 0.131 0.463 0.099 0.452 0.083 0.438 0.073 0.417 0.07 0.405 0.073 0.364 0.077 0.353 0.094 0.335 0.116 0.326 0.138 0.325 0.154 0.333 0.161 0.341 0.161 0.346 0.132 0.39 0.132 0.425 0.144 0.46
