0 0.391 0.866 0.316 0.864 0.265 0.845 0.252 0.83 0.247 0.818 0.243 0.806 0.24 0.786 0.241 0.769 0.243 0.755 0.249 0.738 0.255 0.727 0.278 0.704 0.315 0.691 0.337 0.679 0.361 0.674 0.402 0.674 0.446 0.654 0.478 0.647 0.522 0.642 0.62 0.644 0.716 0.653 0.73 0.658 0.743 0.671 0.748 0.681 0.755 0.688 0.76 0.704 0.77 0.72 0.77 0.742 0.757 0.781 0.741 0.803 0.729 0.816 0.721 0.828 0.698 0.833 0.68 0.833 0.627 0.844 0.598 0.844 0.575 0.85 0.473 0.853 0.464 0.857 0.458 0.862 0.391 0.866
0 0.518 0.962 0.396 0.95 0.364 0.943 0.338 0.933 0.31 0.914 0.282 0.889 0.271 0.87 0.267 0.855 0.265 0.841 0.278 0.85 0.295 0.851 0.317 0.858 0.349 0.864 0.446 0.864 0.46 0.863 0.464 0.857 0.484 0.851 0.5 0.854 0.502 0.852 0.51 0.853 0.526 0.849 0.55 0.852 0.578 0.85 0.581 0.846 0.586 0.845 0.632 0.843 0.659 0.839 0.674 0.833 0.719 0.828 0.741 0.802 0.747 0.804 0.75 0.81 0.758 0.834 0.754 0.865 0.741 0.9 0.725 0.912 0.678 0.935 0.649 0.94 0.632 0.951 0.598 0.953 0.578 0.959 0.53 0.956 0.518 0.962
0 0.327 0.684 0.315 0.683 0.303 0.674 0.286 0.674 0.278 0.672 0.268 0.663 0.261 0.653 0.253 0.629 0.251 0.617 0.251 0.6 0.254 0.581 0.257 0.569 0.263 0.557 0.27 0.548 0.281 0.54 0.309 0.536 0.338 0.523 0.36 0.518 0.396 0.515 0.457 0.516 0.507 0.503 0.582 0.505 0.603 0.5 0.636 0.498 0.69 0.498 0.699 0.502 0.708 0.509 0.716 0.524 0.722 0.54 0.724 0.555 0.725 0.572 0.723 0.585 0.72 0.601 0.714 0.613 0.706 0.625 0.693 0.633 0.682 0.646 0.674 0.65 0.657 0.652 0.619 0.646 0.591 0.645 0.576 0.641 0.512 0.639 0.471 0.65 0.455 0.651 0.433 0.659 0.424 0.666 0.414 0.668 0.406 0.674 0.378 0.677 0.343 0.675 0.335 0.677 0.327 0.684
0 0.334 0.42 0.321 0.419 0.308 0.409 0.297 0.39 0.292 0.371 0.291 0.346 0.294 0.327 0.301 0.306 0.308 0.296 0.315 0.289 0.327 0.284 0.361 0.276 0.392 0.258 0.407 0.253 0.412 0.246 0.42 0.239 0.449 0.229 0.569 0.169 0.6 0.146 0.628 0.129 0.651 0.125 0.657 0.125 0.665 0.129 0.674 0.121 0.688 0.118 0.695 0.121 0.704 0.127 0.711 0.137 0.715 0.145 0.714 0.161 0.712 0.169 0.696 0.205 0.677 0.228 0.667 0.246 0.656 0.259 0.65 0.26 0.626 0.275 0.6 0.294 0.572 0.318 0.561 0.323 0.52 0.352 0.494 0.362 0.484 0.369 0.469 0.371 0.457 0.379 0.435 0.382 0.415 0.388 0.386 0.405 0.368 0.412 0.334 0.42
0 0.294 0.314 0.284 0.294 0.28 0.278 0.279 0.265 0.279 0.248 0.281 0.236 0.289 0.212 0.296 0.202 0.306 0.194 0.317 0.181 0.325 0.177 0.334 0.176 0.341 0.169 0.361 0.158 0.391 0.135 0.428 0.118 0.475 0.088 0.498 0.078 0.553 0.067 0.577 0.058 0.596 0.046 0.613 0.039 0.635 0.036 0.674 0.036 0.689 0.047 0.699 0.066 0.701 0.09 0.68 0.12 0.672 0.126 0.666 0.129 0.66 0.126 0.65 0.125 0.628 0.132 0.615 0.142 0.589 0.157 0.581 0.165 0.573 0.167 0.557 0.178 0.541 0.184 0.528 0.194 0.503 0.203 0.493 0.21 0.462 0.225 0.434 0.236 0.405 0.256 0.378 0.267 0.361 0.278 0.351 0.282 0.334 0.282 0.319 0.289 0.303 0.303 0.294 0.314
0 0.34 0.175 0.337 0.174 0.336 0.171 0.342 0.124 0.342 0.112 0.346 0.094 0.352 0.083 0.354 0.083 0.355 0.066 0.359 0.063 0.362 0.068 0.362 0.077 0.372 0.099 0.377 0.116 0.379 0.127 0.378 0.146 0.351 0.166 0.342 0.167 0.342 0.172 0.34 0.175
0 0.448 0.52 0.386 0.515 0.389 0.475 0.394 0.444 0.396 0.407 0.4 0.393 0.414 0.39 0.425 0.383 0.455 0.377 0.469 0.37 0.472 0.41 0.472 0.466 0.47 0.494 0.467 0.506 0.462 0.518 0.448 0.52
0 0.471 0.512 0.47 0.499 0.474 0.464 0.474 0.41 0.471 0.389 0.472 0.379 0.48 0.375 0.507 0.355 0.515 0.355 0.523 0.351 0.527 0.368 0.529 0.411 0.537 0.485 0.536 0.506 0.523 0.504 0.504 0.506 0.471 0.512
0 0.591 0.507 0.547 0.503 0.537 0.504 0.532 0.457 0.524 0.351 0.534 0.345 0.542 0.334 0.549 0.333 0.559 0.327 0.596 0.294 0.6 0.313 0.606 0.398 0.606 0.478 0.605 0.499 0.598 0.5 0.591 0.507
0 0.606 0.499 0.603 0.488 0.606 0.47 0.607 0.45 0.604 0.422 0.602 0.365 0.599 0.336 0.598 0.304 0.624 0.278 0.644 0.267 0.66 0.254 0.669 0.329 0.671 0.383 0.677 0.45 0.678 0.498 0.606 0.49
