0 0.465 0.574 0.431 0.573 0.409 0.563 0.378 0.539 0.355 0.51 0.325 0.45 0.314 0.37 0.328 0.294 0.365 0.229 0.423 0.186 0.455 0.175 0.491 0.174 0.551 0.2 0.6 0.253 0.627 0.311 0.635 0.393 0.618 0.467 0.578 0.526 0.538 0.555 0.465 0.574
0 0.531 0.995 0.475 0.989 0.431 0.957 0.407 0.928 0.387 0.887 0.37 0.802 0.379 0.707 0.4 0.654 0.438 0.605 0.501 0.569 0.567 0.575 0.617 0.605 0.661 0.659 0.692 0.755 0.691 0.812 0.682 0.835 0.682 0.862 0.651 0.926 0.602 0.989 0.531 0.995
0 0.725 0.53 0.663 0.509 0.625 0.45 0.633 0.365 0.621 0.285 0.642 0.258 0.695 0.236 0.74 0.239 0.79 0.26 0.812 0.234 0.839 0.236 0.857 0.246 0.872 0.274 0.863 0.324 0.851 0.344 0.864 0.367 0.85 0.382 0.83 0.45 0.784 0.511 0.725 0.53
0 0.0 0.646 0.003 0.3 0.073 0.275 0.145 0.306 0.207 0.404 0.219 0.436 0.227 0.5 0.219 0.567 0.175 0.642 0.1 0.692 0.075 0.701 0.017 0.699 0.003 0.697 0.0 0.684
0 0.213 0.0 0.263 0.048 0.284 0.048 0.319 0.132 0.312 0.151 0.313 0.188 0.302 0.172 0.287 0.222 0.216 0.245 0.191 0.264 0.168 0.262 0.115 0.218 0.093 0.185 0.069 0.125 0.063 0.09 0.068 0.047 0.087 0.014 0.114 0.0
0 0.83 0.832 0.787 0.827 0.781 0.822 0.792 0.814 0.745 0.765 0.705 0.746 0.686 0.683 0.692 0.667 0.682 0.64 0.675 0.635 0.683 0.563 0.7 0.546 0.759 0.517 0.829 0.52 0.876 0.545 0.901 0.574 0.911 0.57 0.927 0.599 0.941 0.644 0.943 0.695 0.924 0.762 0.89 0.806 0.83 0.832
0 0.338 0.997 0.286 0.995 0.261 0.984 0.245 0.996 0.218 0.995 0.228 0.975 0.227 0.958 0.207 0.945 0.198 0.919 0.215 0.878 0.225 0.809 0.252 0.753 0.261 0.743 0.339 0.723 0.37 0.766 0.377 0.849 0.407 0.93 0.396 0.957 0.373 0.99 0.338 0.997
0 0.0 0.01 0.034 0.026 0.063 0.057 0.067 0.113 0.081 0.159 0.074 0.198 0.052 0.249 0.029 0.273 0.0 0.284
0 0.98 0.565 0.945 0.562 0.905 0.545 0.848 0.497 0.842 0.476 0.847 0.448 0.842 0.441 0.842 0.366 0.862 0.318 0.871 0.257 0.898 0.227 0.945 0.205 0.996 0.241 0.996 0.56 0.98 0.565
0 0.386 0.208 0.372 0.204 0.389 0.16 0.379 0.131 0.37 0.127 0.347 0.139 0.338 0.166 0.336 0.205 0.314 0.197 0.292 0.094 0.291 0.041 0.298 0.021 0.326 0.004 0.488 0.004 0.518 0.06 0.507 0.116 0.514 0.144 0.494 0.156 0.465 0.158 0.456 0.173 0.421 0.185 0.386 0.208
0 0.0 0.728 0.058 0.71 0.091 0.711 0.124 0.723 0.157 0.752 0.186 0.809 0.193 0.834 0.191 0.882 0.182 0.915 0.153 0.964 0.123 0.997 0.0 0.999
0 0.319 0.473 0.249 0.463 0.222 0.441 0.206 0.406 0.171 0.358 0.168 0.314 0.18 0.279 0.205 0.252 0.287 0.23 0.32 0.206 0.334 0.205 0.334 0.172 0.344 0.138 0.371 0.124 0.387 0.144 0.39 0.174 0.332 0.285 0.321 0.319 0.314 0.389 0.329 0.468 0.319 0.473
0 0.999 0.0 0.997 0.126 0.958 0.199 0.947 0.193 0.926 0.158 0.946 0.206 0.874 0.246 0.815 0.234 0.798 0.243 0.788 0.234 0.768 0.239 0.757 0.23 0.751 0.198 0.775 0.125 0.776 0.054 0.821 0.0
0 0.878 0.999 0.62 0.999 0.62 0.976 0.623 0.958 0.647 0.932 0.671 0.891 0.689 0.822 0.702 0.806 0.73 0.803 0.752 0.806 0.79 0.828 0.823 0.831 0.823 0.841 0.84 0.832 0.857 0.85 0.884 0.92 0.886 0.964 0.878 0.999
0 0.749 0.0 0.77 0.019 0.778 0.059 0.776 0.123 0.764 0.171 0.726 0.236 0.67 0.245 0.624 0.271 0.61 0.26 0.593 0.221 0.592 0.197 0.601 0.181 0.591 0.183 0.589 0.174 0.603 0.159 0.629 0.162 0.633 0.158 0.626 0.153 0.645 0.142 0.652 0.151 0.667 0.143 0.67 0.138 0.661 0.138 0.664 0.124 0.679 0.12 0.682 0.108 0.671 0.083 0.665 0.075 0.638 0.079 0.631 0.088 0.624 0.143 0.598 0.151 0.587 0.14 0.579 0.139 0.57 0.153 0.53 0.139 0.525 0.131 0.529 0.11 0.52 0.113 0.514 0.101 0.519 0.056 0.55 0.028 0.554 0.011 0.572 0.002 0.598 0.01 0.607 0.0
0 0.374 0.742 0.361 0.742 0.338 0.719 0.327 0.723 0.322 0.716 0.303 0.727 0.301 0.718 0.276 0.718 0.257 0.685 0.266 0.65 0.317 0.6 0.33 0.55 0.352 0.51 0.409 0.564 0.467 0.582 0.428 0.617 0.401 0.655 0.38 0.708 0.374 0.742
0 0.209 0.732 0.177 0.73 0.143 0.715 0.118 0.697 0.112 0.685 0.181 0.634 0.218 0.571 0.232 0.502 0.25 0.511 0.272 0.538 0.284 0.567 0.293 0.615 0.265 0.653 0.259 0.673 0.261 0.697 0.245 0.713 0.209 0.732
0 0.935 0.865 0.925 0.851 0.914 0.85 0.905 0.813 0.889 0.805 0.913 0.777 0.933 0.738 0.943 0.699 0.942 0.641 0.921 0.58 0.911 0.568 0.896 0.566 0.882 0.54 0.948 0.563 0.995 0.562 0.995 0.814 0.976 0.821 0.962 0.843 0.949 0.839 0.948 0.852 0.935 0.865
0 0.679 0.674 0.67 0.673 0.637 0.624 0.6 0.594 0.573 0.578 0.525 0.567 0.577 0.528 0.612 0.477 0.632 0.467 0.656 0.5 0.714 0.534 0.684 0.564 0.673 0.621 0.679 0.67
