0 0.411 0.834 0.375 0.833 0.328 0.825 0.31 0.811 0.272 0.775 0.258 0.752 0.249 0.729 0.246 0.672 0.252 0.65 0.257 0.642 0.262 0.622 0.279 0.598 0.289 0.573 0.3 0.559 0.309 0.552 0.355 0.531 0.368 0.531 0.382 0.535 0.39 0.54 0.411 0.561 0.418 0.563 0.44 0.579 0.444 0.578 0.452 0.583 0.461 0.598 0.481 0.622 0.489 0.64 0.493 0.661 0.494 0.692 0.491 0.706 0.494 0.712 0.494 0.721 0.487 0.737 0.479 0.77 0.461 0.79 0.453 0.812 0.447 0.82 0.43 0.831 0.411 0.834
0 0.204 0.73 0.182 0.725 0.166 0.717 0.152 0.703 0.144 0.69 0.132 0.679 0.112 0.65 0.103 0.632 0.089 0.591 0.087 0.564 0.08 0.533 0.079 0.501 0.08 0.489 0.089 0.456 0.097 0.438 0.114 0.417 0.128 0.408 0.149 0.405 0.182 0.409 0.228 0.43 0.242 0.447 0.257 0.473 0.26 0.482 0.265 0.489 0.266 0.495 0.282 0.51 0.289 0.521 0.296 0.527 0.298 0.535 0.298 0.543 0.279 0.591 0.267 0.612 0.26 0.613 0.251 0.624 0.246 0.65 0.235 0.682 0.228 0.69 0.224 0.701 0.211 0.723 0.204 0.73
0 0.622 0.79 0.611 0.788 0.595 0.789 0.584 0.781 0.57 0.782 0.554 0.774 0.546 0.764 0.523 0.748 0.512 0.73 0.506 0.712 0.492 0.636 0.49 0.615 0.485 0.599 0.48 0.576 0.48 0.56 0.493 0.519 0.5 0.509 0.517 0.497 0.525 0.486 0.553 0.471 0.573 0.471 0.593 0.474 0.643 0.497 0.656 0.499 0.663 0.508 0.676 0.516 0.683 0.526 0.694 0.56 0.695 0.637 0.701 0.643 0.705 0.653 0.706 0.677 0.699 0.709 0.692 0.719 0.683 0.724 0.689 0.741 0.687 0.767 0.679 0.78 0.663 0.785 0.651 0.778 0.645 0.766 0.637 0.781 0.622 0.79
0 0.805 0.688 0.796 0.688 0.79 0.684 0.777 0.684 0.769 0.678 0.764 0.672 0.755 0.671 0.748 0.667 0.741 0.657 0.732 0.651 0.726 0.639 0.718 0.632 0.713 0.624 0.705 0.598 0.707 0.58 0.701 0.568 0.699 0.553 0.694 0.544 0.69 0.528 0.679 0.516 0.676 0.503 0.676 0.479 0.679 0.462 0.684 0.452 0.697 0.438 0.715 0.432 0.731 0.433 0.763 0.428 0.793 0.431 0.809 0.428 0.834 0.435 0.858 0.452 0.875 0.476 0.881 0.49 0.891 0.505 0.895 0.522 0.901 0.536 0.903 0.559 0.908 0.579 0.909 0.605 0.904 0.624 0.891 0.643 0.886 0.656 0.876 0.666 0.864 0.667 0.855 0.674 0.834 0.679 0.82 0.677 0.814 0.684 0.805 0.688
0 0.708 0.425 0.699 0.424 0.692 0.42 0.684 0.41 0.681 0.401 0.68 0.389 0.683 0.379 0.68 0.347 0.68 0.314 0.683 0.299 0.697 0.276 0.72 0.26 0.735 0.256 0.762 0.26 0.772 0.271 0.781 0.287 0.79 0.32 0.793 0.351 0.79 0.373 0.781 0.395 0.767 0.408 0.746 0.416 0.708 0.425
0 0.653 0.499 0.644 0.497 0.6 0.476 0.576 0.47 0.553 0.471 0.535 0.48 0.521 0.492 0.518 0.492 0.512 0.485 0.508 0.475 0.506 0.468 0.507 0.453 0.505 0.444 0.508 0.427 0.507 0.413 0.514 0.379 0.522 0.368 0.53 0.353 0.551 0.339 0.576 0.338 0.586 0.345 0.594 0.346 0.602 0.351 0.612 0.352 0.622 0.359 0.634 0.364 0.642 0.374 0.654 0.384 0.667 0.421 0.666 0.433 0.664 0.44 0.667 0.46 0.667 0.472 0.663 0.483 0.653 0.499
0 0.593 0.341 0.581 0.339 0.57 0.328 0.562 0.324 0.547 0.305 0.543 0.295 0.542 0.282 0.537 0.27 0.537 0.259 0.531 0.243 0.532 0.23 0.53 0.214 0.533 0.202 0.531 0.192 0.533 0.176 0.548 0.144 0.568 0.125 0.578 0.123 0.588 0.118 0.598 0.119 0.605 0.115 0.622 0.116 0.631 0.112 0.642 0.113 0.647 0.111 0.659 0.113 0.666 0.119 0.672 0.128 0.692 0.15 0.704 0.175 0.707 0.188 0.707 0.197 0.7 0.215 0.707 0.244 0.704 0.267 0.702 0.272 0.684 0.293 0.678 0.304 0.657 0.32 0.647 0.322 0.637 0.33 0.624 0.329 0.613 0.336 0.601 0.336 0.593 0.341
0 0.453 0.587 0.444 0.579 0.437 0.577 0.41 0.559 0.391 0.541 0.379 0.534 0.359 0.531 0.346 0.533 0.337 0.539 0.334 0.538 0.324 0.528 0.316 0.51 0.315 0.503 0.315 0.458 0.319 0.432 0.335 0.385 0.348 0.328 0.353 0.313 0.365 0.296 0.377 0.288 0.387 0.284 0.429 0.284 0.449 0.291 0.477 0.319 0.493 0.341 0.501 0.358 0.502 0.385 0.491 0.471 0.465 0.569 0.46 0.579 0.453 0.587
0 0.496 0.336 0.488 0.336 0.474 0.315 0.458 0.298 0.435 0.286 0.423 0.283 0.39 0.283 0.38 0.286 0.364 0.297 0.355 0.282 0.352 0.244 0.359 0.226 0.359 0.216 0.362 0.207 0.372 0.195 0.373 0.182 0.385 0.151 0.399 0.136 0.409 0.117 0.42 0.108 0.432 0.105 0.462 0.105 0.486 0.113 0.518 0.142 0.534 0.179 0.535 0.21 0.533 0.221 0.532 0.25 0.53 0.263 0.528 0.296 0.523 0.31 0.511 0.327 0.496 0.336
0 0.291 0.468 0.275 0.467 0.256 0.455 0.246 0.438 0.245 0.421 0.225 0.419 0.189 0.409 0.17 0.409 0.161 0.405 0.152 0.405 0.142 0.397 0.133 0.384 0.127 0.366 0.129 0.329 0.141 0.284 0.142 0.244 0.147 0.218 0.153 0.203 0.162 0.192 0.185 0.181 0.224 0.176 0.269 0.176 0.288 0.179 0.308 0.192 0.316 0.203 0.324 0.225 0.334 0.236 0.348 0.258 0.357 0.285 0.357 0.306 0.35 0.323 0.345 0.348 0.337 0.373 0.337 0.381 0.319 0.43 0.316 0.449 0.305 0.461 0.291 0.468
0 0.344 0.246 0.34 0.246 0.32 0.22 0.316 0.203 0.309 0.192 0.295 0.181 0.275 0.175 0.205 0.177 0.206 0.163 0.211 0.153 0.217 0.146 0.228 0.14 0.24 0.138 0.257 0.12 0.273 0.111 0.301 0.106 0.328 0.105 0.333 0.107 0.349 0.12 0.37 0.142 0.375 0.15 0.378 0.163 0.378 0.17 0.374 0.179 0.372 0.193 0.362 0.207 0.354 0.241 0.344 0.24
