0 0.513 0.866 0.49 0.862 0.478 0.856 0.457 0.832 0.449 0.812 0.445 0.779 0.448 0.753 0.459 0.728 0.467 0.718 0.48 0.709 0.506 0.707 0.528 0.716 0.542 0.732 0.55 0.752 0.557 0.793 0.557 0.808 0.553 0.823 0.536 0.853 0.524 0.862 0.513 0.866
0 0.695 0.798 0.681 0.797 0.67 0.793 0.658 0.786 0.648 0.776 0.635 0.755 0.628 0.725 0.629 0.706 0.632 0.691 0.646 0.661 0.662 0.644 0.684 0.634 0.698 0.635 0.71 0.639 0.733 0.658 0.746 0.679 0.753 0.71 0.75 0.739 0.746 0.753 0.739 0.766 0.718 0.788 0.695 0.798
0 0.642 0.668 0.634 0.666 0.622 0.66 0.607 0.644 0.598 0.619 0.597 0.591 0.6 0.572 0.605 0.556 0.621 0.532 0.639 0.52 0.66 0.518 0.68 0.528 0.691 0.543 0.698 0.555 0.705 0.577 0.705 0.603 0.702 0.618 0.694 0.634 0.675 0.636 0.661 0.644 0.655 0.65 0.642 0.668
0 0.377 0.856 0.36 0.854 0.34 0.846 0.326 0.836 0.313 0.82 0.305 0.805 0.296 0.779 0.284 0.71 0.285 0.687 0.289 0.668 0.297 0.651 0.311 0.63 0.32 0.618 0.333 0.608 0.347 0.602 0.368 0.598 0.391 0.602 0.412 0.616 0.426 0.636 0.433 0.655 0.436 0.669 0.444 0.653 0.449 0.652 0.44 0.701 0.441 0.706 0.448 0.717 0.458 0.717 0.462 0.723 0.456 0.732 0.443 0.733 0.444 0.753 0.443 0.776 0.439 0.795 0.429 0.816 0.414 0.835 0.402 0.846 0.39 0.852 0.377 0.856
0 0.328 0.579 0.301 0.574 0.286 0.563 0.262 0.54 0.245 0.516 0.243 0.509 0.24 0.477 0.243 0.455 0.247 0.437 0.255 0.419 0.264 0.407 0.275 0.396 0.287 0.39 0.311 0.386 0.324 0.39 0.336 0.396 0.36 0.419 0.37 0.431 0.378 0.446 0.383 0.462 0.385 0.479 0.384 0.509 0.381 0.525 0.374 0.544 0.35 0.572 0.328 0.579
0 0.45 0.658 0.434 0.656 0.421 0.627 0.408 0.612 0.397 0.604 0.394 0.589 0.396 0.566 0.408 0.539 0.425 0.522 0.441 0.514 0.459 0.517 0.479 0.53 0.495 0.552 0.501 0.575 0.498 0.611 0.484 0.639 0.469 0.654 0.45 0.658
0 0.544 0.651 0.526 0.647 0.518 0.64 0.509 0.636 0.496 0.618 0.5 0.596 0.499 0.575 0.496 0.559 0.488 0.539 0.497 0.513 0.515 0.489 0.532 0.478 0.556 0.475 0.577 0.482 0.592 0.496 0.607 0.52 0.612 0.541 0.602 0.562 0.598 0.58 0.598 0.622 0.591 0.63 0.567 0.647 0.544 0.651
0 0.483 0.532 0.462 0.519 0.447 0.514 0.437 0.515 0.429 0.503 0.426 0.492 0.423 0.462 0.428 0.442 0.439 0.425 0.457 0.413 0.482 0.411 0.493 0.415 0.512 0.432 0.521 0.453 0.523 0.473 0.521 0.486 0.512 0.492 0.504 0.502 0.494 0.519 0.49 0.53 0.483 0.532
0 0.42 0.447 0.408 0.446 0.398 0.44 0.384 0.436 0.369 0.415 0.361 0.377 0.362 0.356 0.36 0.343 0.355 0.319 0.346 0.303 0.345 0.29 0.348 0.286 0.35 0.287 0.355 0.304 0.361 0.312 0.366 0.297 0.361 0.278 0.365 0.273 0.368 0.272 0.371 0.276 0.372 0.284 0.382 0.271 0.395 0.26 0.409 0.254 0.427 0.253 0.44 0.256 0.452 0.263 0.469 0.278 0.477 0.291 0.488 0.319 0.492 0.363 0.491 0.375 0.478 0.41 0.461 0.411 0.448 0.416 0.434 0.43 0.426 0.446 0.42 0.447
0 0.554 0.39 0.536 0.39 0.509 0.382 0.491 0.369 0.492 0.346 0.488 0.32 0.482 0.299 0.475 0.287 0.48 0.253 0.494 0.231 0.512 0.217 0.54 0.207 0.562 0.21 0.578 0.218 0.586 0.226 0.6 0.249 0.607 0.269 0.609 0.284 0.608 0.316 0.6 0.348 0.58 0.366 0.579 0.378 0.554 0.39
0 0.626 0.529 0.61 0.528 0.602 0.51 0.591 0.494 0.569 0.476 0.564 0.458 0.563 0.437 0.57 0.396 0.576 0.381 0.584 0.367 0.596 0.352 0.607 0.345 0.632 0.337 0.653 0.338 0.675 0.344 0.686 0.352 0.698 0.366 0.709 0.395 0.713 0.411 0.713 0.429 0.709 0.457 0.696 0.485 0.668 0.517 0.665 0.52 0.658 0.518 0.643 0.519 0.626 0.52
