0 0.0 0.102 0.005 0.1 0.012 0.08 0.025 0.06 0.043 0.045 0.067 0.034 0.085 0.033 0.098 0.028 0.115 0.027 0.129 0.031 0.149 0.043 0.165 0.064 0.183 0.079 0.197 0.097 0.21 0.127 0.22 0.178 0.22 0.196 0.204 0.224 0.196 0.251 0.195 0.277 0.2 0.319 0.183 0.343 0.153 0.368 0.139 0.376 0.124 0.38 0.071 0.378 0.03 0.358 0.0 0.326
0 0.303 0.447 0.29 0.445 0.273 0.436 0.261 0.423 0.249 0.414 0.235 0.394 0.226 0.385 0.198 0.327 0.196 0.254 0.208 0.23 0.213 0.206 0.226 0.189 0.252 0.171 0.269 0.154 0.289 0.152 0.317 0.14 0.333 0.143 0.351 0.153 0.395 0.209 0.409 0.221 0.422 0.227 0.427 0.259 0.434 0.278 0.435 0.351 0.434 0.36 0.421 0.386 0.39 0.388 0.358 0.4 0.331 0.419 0.303 0.447
0 0.613 0.0 0.612 0.027 0.614 0.044 0.614 0.074 0.606 0.113 0.596 0.142 0.593 0.159 0.576 0.178 0.565 0.197 0.557 0.201 0.525 0.225 0.501 0.233 0.454 0.233 0.43 0.225 0.397 0.199 0.37 0.162 0.36 0.137 0.356 0.115 0.355 0.059 0.359 0.035 0.371 0.0
0 0.867 0.0 0.867 0.072 0.859 0.099 0.845 0.131 0.803 0.177 0.783 0.189 0.735 0.205 0.706 0.203 0.675 0.19 0.655 0.173 0.641 0.153 0.627 0.124 0.613 0.073 0.609 0.04 0.609 0.017 0.612 0.0
0 0.417 0.755 0.397 0.754 0.374 0.748 0.359 0.741 0.329 0.718 0.308 0.693 0.295 0.672 0.28 0.63 0.275 0.591 0.275 0.56 0.277 0.533 0.284 0.498 0.295 0.474 0.31 0.449 0.342 0.416 0.361 0.403 0.388 0.393 0.424 0.389 0.453 0.396 0.48 0.41 0.5 0.423 0.517 0.438 0.561 0.499 0.568 0.523 0.571 0.543 0.571 0.561 0.563 0.652 0.554 0.678 0.541 0.697 0.507 0.724 0.473 0.741 0.444 0.751 0.417 0.755
0 0.801 0.542 0.788 0.54 0.772 0.532 0.747 0.505 0.729 0.49 0.714 0.467 0.7 0.436 0.692 0.408 0.689 0.383 0.689 0.354 0.692 0.334 0.711 0.272 0.73 0.238 0.751 0.214 0.784 0.192 0.827 0.173 0.845 0.17 0.875 0.176 0.901 0.193 0.91 0.204 0.921 0.211 0.945 0.248 0.959 0.3 0.959 0.33 0.952 0.38 0.945 0.407 0.935 0.435 0.918 0.468 0.904 0.486 0.88 0.508 0.854 0.523 0.824 0.538 0.801 0.542
0 0.706 0.805 0.617 0.804 0.609 0.787 0.58 0.752 0.565 0.721 0.565 0.702 0.575 0.633 0.583 0.525 0.591 0.513 0.607 0.498 0.646 0.471 0.717 0.471 0.73 0.49 0.754 0.512 0.773 0.535 0.788 0.568 0.797 0.599 0.8 0.626 0.799 0.664 0.769 0.748 0.756 0.767 0.737 0.787 0.721 0.8 0.706 0.805
0 0.921 0.987 0.876 0.986 0.836 0.961 0.821 0.946 0.81 0.93 0.784 0.879 0.766 0.863 0.769 0.76 0.779 0.723 0.795 0.682 0.81 0.661 0.851 0.629 0.88 0.613 0.9 0.613 0.899 0.609 0.923 0.609 0.955 0.621 0.978 0.639 0.993 0.658 0.995 0.665 0.996 0.943 0.972 0.962 0.932 0.984 0.921 0.987
0 0.522 0.999 0.233 0.999 0.232 0.988 0.234 0.993 0.238 0.991 0.238 0.966 0.247 0.918 0.255 0.89 0.264 0.867 0.278 0.843 0.306 0.819 0.334 0.801 0.362 0.792 0.387 0.79 0.426 0.8 0.453 0.815 0.481 0.839 0.499 0.865 0.51 0.885 0.518 0.905 0.524 0.933 0.526 0.966 0.522 0.999
0 0.223 0.936 0.199 0.933 0.182 0.925 0.173 0.918 0.145 0.879 0.135 0.861 0.127 0.838 0.121 0.81 0.118 0.772 0.123 0.729 0.129 0.7 0.165 0.627 0.18 0.61 0.2 0.595 0.221 0.589 0.241 0.589 0.266 0.595 0.276 0.6 0.28 0.629 0.295 0.67 0.317 0.703 0.345 0.729 0.346 0.793 0.345 0.796 0.306 0.82 0.288 0.837 0.263 0.876 0.248 0.914 0.245 0.93 0.239 0.933 0.223 0.936
0 0.0 0.377 0.035 0.38 0.063 0.387 0.079 0.399 0.106 0.425 0.147 0.494 0.166 0.549 0.173 0.579 0.172 0.617 0.163 0.628 0.152 0.654 0.135 0.684 0.126 0.696 0.094 0.722 0.065 0.737 0.041 0.742 0.0 0.742
0 0.144 0.993 0.002 0.993 0.003 0.735 0.072 0.736 0.092 0.747 0.118 0.769 0.121 0.811 0.131 0.851 0.136 0.864 0.155 0.892 0.158 0.9 0.155 0.951 0.144 0.993
0 0.745 0.998 0.575 0.996 0.571 0.99 0.571 0.971 0.574 0.953 0.588 0.914 0.625 0.861 0.652 0.841 0.654 0.835 0.712 0.835 0.739 0.845 0.783 0.877 0.82 0.948 0.826 0.963 0.832 0.99 0.832 0.994 0.827 0.996 0.745 0.998
0 0.531 0.974 0.526 0.973 0.527 0.946 0.518 0.903 0.511 0.885 0.485 0.844 0.467 0.826 0.428 0.8 0.395 0.79 0.359 0.792 0.362 0.768 0.37 0.746 0.402 0.753 0.442 0.75 0.492 0.73 0.523 0.711 0.535 0.713 0.545 0.722 0.56 0.747 0.575 0.759 0.587 0.787 0.59 0.809 0.594 0.822 0.59 0.876 0.577 0.907 0.572 0.931 0.566 0.941 0.544 0.966 0.536 0.974 0.531 0.974
0 0.653 0.426 0.6 0.424 0.586 0.417 0.546 0.384 0.531 0.362 0.514 0.323 0.514 0.231 0.543 0.216 0.565 0.195 0.589 0.162 0.606 0.122 0.623 0.122 0.632 0.141 0.645 0.161 0.672 0.185 0.681 0.188 0.688 0.198 0.7 0.203 0.738 0.209 0.739 0.212 0.738 0.228 0.722 0.251 0.711 0.272 0.693 0.328 0.688 0.363 0.691 0.411 0.673 0.421 0.653 0.426
0 0.581 0.514 0.567 0.514 0.551 0.48 0.516 0.437 0.503 0.424 0.467 0.403 0.432 0.391 0.431 0.378 0.434 0.369 0.454 0.353 0.494 0.353 0.53 0.367 0.576 0.411 0.596 0.444 0.614 0.488 0.612 0.493 0.594 0.51 0.581 0.514
0 0.179 0.611 0.171 0.611 0.173 0.592 0.171 0.57 0.156 0.517 0.144 0.488 0.114 0.436 0.119 0.428 0.145 0.406 0.161 0.4 0.175 0.391 0.189 0.385 0.216 0.387 0.237 0.397 0.266 0.431 0.291 0.45 0.296 0.458 0.296 0.47 0.284 0.496 0.276 0.533 0.275 0.572 0.276 0.599 0.245 0.591 0.215 0.591 0.197 0.597 0.179 0.611
0 0.372 0.0 0.367 0.033 0.355 0.064 0.353 0.077 0.352 0.103 0.36 0.147 0.325 0.142 0.267 0.146 0.256 0.141 0.229 0.109 0.209 0.069 0.2 0.035 0.197 0.0
0 0.998 0.0 0.998 0.244 0.997 0.247 0.987 0.252 0.956 0.258 0.949 0.258 0.936 0.232 0.921 0.212 0.908 0.203 0.901 0.194 0.875 0.178 0.842 0.169 0.843 0.135 0.857 0.101 0.867 0.064 0.87 0.031 0.87 0.
