0 0.446 0.883 0.409 0.879 0.388 0.869 0.382 0.864 0.373 0.853 0.367 0.837 0.363 0.823 0.363 0.805 0.367 0.78 0.374 0.758 0.399 0.708 0.406 0.681 0.419 0.598 0.421 0.538 0.427 0.515 0.435 0.502 0.447 0.495 0.472 0.493 0.479 0.496 0.491 0.497 0.498 0.5 0.508 0.502 0.515 0.51 0.523 0.515 0.529 0.523 0.534 0.54 0.535 0.565 0.531 0.593 0.496 0.742 0.495 0.769 0.497 0.804 0.492 0.836 0.484 0.855 0.473 0.87 0.46 0.879 0.446 0.883
0 0.312 0.762 0.295 0.76 0.272 0.748 0.258 0.738 0.243 0.718 0.233 0.699 0.227 0.679 0.226 0.65 0.229 0.636 0.235 0.618 0.25 0.593 0.261 0.583 0.286 0.566 0.299 0.552 0.311 0.53 0.322 0.505 0.339 0.477 0.35 0.466 0.361 0.459 0.387 0.459 0.41 0.475 0.417 0.486 0.422 0.489 0.427 0.501 0.429 0.512 0.424 0.528 0.421 0.541 0.419 0.589 0.39 0.624 0.383 0.637 0.38 0.648 0.37 0.699 0.359 0.726 0.345 0.746 0.336 0.754 0.326 0.759 0.312 0.762
0 0.0 0.657 0.005 0.63 0.016 0.606 0.036 0.581 0.054 0.568 0.062 0.56 0.069 0.547 0.077 0.525 0.08 0.511 0.083 0.474 0.086 0.454 0.091 0.44 0.098 0.428 0.121 0.409 0.131 0.404 0.154 0.404 0.178 0.419 0.185 0.425 0.193 0.442 0.197 0.456 0.196 0.482 0.184 0.531 0.18 0.567 0.181 0.589 0.192 0.633 0.193 0.668 0.19 0.69 0.184 0.706 0.17 0.729 0.155 0.744 0.143 0.75 0.125 0.755 0.09 0.754 0.066 0.749 0.038 0.735 0.019 0.72 0.005 0.696 0.0 0.673
0 0.294 0.524 0.283 0.524 0.265 0.518 0.247 0.504 0.234 0.484 0.225 0.446 0.225 0.418 0.232 0.391 0.239 0.378 0.238 0.372 0.231 0.357 0.224 0.335 0.224 0.322 0.229 0.301 0.232 0.294 0.241 0.284 0.266 0.27 0.29 0.27 0.303 0.279 0.308 0.288 0.317 0.299 0.322 0.309 0.324 0.318 0.322 0.342 0.323 0.352 0.345 0.373 0.354 0.385 0.363 0.406 0.367 0.428 0.367 0.448 0.365 0.458 0.353 0.464 0.338 0.48 0.322 0.506 0.316 0.519 0.294 0.524
0 0.892 0.751 0.859 0.747 0.835 0.734 0.825 0.724 0.815 0.707 0.81 0.692 0.807 0.676 0.808 0.644 0.82 0.595 0.813 0.481 0.813 0.462 0.815 0.448 0.822 0.431 0.83 0.424 0.838 0.412 0.859 0.399 0.885 0.401 0.903 0.416 0.911 0.426 0.917 0.446 0.917 0.509 0.919 0.527 0.924 0.553 0.933 0.576 0.959 0.62 0.967 0.64 0.969 0.652 0.969 0.68 0.966 0.692 0.959 0.711 0.951 0.723 0.924 0.744 0.892 0.751
0 0.589 0.738 0.566 0.737 0.543 0.725 0.535 0.716 0.526 0.702 0.518 0.671 0.519 0.644 0.526 0.613 0.532 0.594 0.535 0.571 0.535 0.543 0.527 0.519 0.527 0.492 0.532 0.482 0.546 0.465 0.568 0.452 0.587 0.456 0.595 0.46 0.609 0.474 0.617 0.486 0.623 0.51 0.628 0.573 0.645 0.61 0.651 0.628 0.655 0.653 0.654 0.676 0.651 0.688 0.644 0.704 0.634 0.719 0.616 0.732 0.589 0.738
0 0.732 0.686 0.708 0.684 0.691 0.679 0.676 0.67 0.663 0.66 0.654 0.649 0.65 0.625 0.638 0.595 0.638 0.59 0.639 0.574 0.643 0.56 0.65 0.539 0.659 0.523 0.662 0.51 0.667 0.446 0.674 0.411 0.674 0.4 0.681 0.376 0.683 0.371 0.698 0.355 0.704 0.35 0.725 0.343 0.741 0.343 0.765 0.357 0.773 0.369 0.777 0.379 0.784 0.386 0.788 0.396 0.79 0.42 0.784 0.458 0.778 0.479 0.775 0.501 0.78 0.53 0.8 0.579 0.802 0.606 0.8 0.622 0.795 0.639 0.782 0.659 0.771 0.669 0.755 0.679 0.744 0.684 0.732 0.686
0 0.433 0.485 0.428 0.48 0.413 0.479 0.387 0.46 0.367 0.456 0.367 0.429 0.362 0.405 0.35 0.373 0.334 0.348 0.326 0.329 0.325 0.315 0.325 0.301 0.327 0.29 0.332 0.278 0.34 0.267 0.357 0.252 0.376 0.241 0.386 0.238 0.396 0.238 0.419 0.248 0.435 0.264 0.445 0.285 0.447 0.313 0.44 0.347 0.44 0.365 0.441 0.379 0.451 0.432 0.451 0.46 0.447 0.476 0.44 0.483 0.433 0.485
0 0.513 0.502 0.51 0.5 0.508 0.501 0.502 0.5 0.505 0.498 0.488 0.488 0.483 0.487 0.476 0.493 0.466 0.493 0.459 0.487 0.454 0.477 0.452 0.462 0.453 0.447 0.469 0.391 0.473 0.369 0.473 0.356 0.465 0.317 0.465 0.299 0.468 0.283 0.473 0.267 0.48 0.255 0.489 0.244 0.5 0.236 0.515 0.231 0.539 0.232 0.559 0.241 0.572 0.255 0.582 0.281 0.584 0.292 0.584 0.309 0.578 0.333 0.567 0.362 0.557 0.376 0.548 0.398 0.543 0.425 0.536 0.477 0.53 0.488 0.526 0.499 0.519 0.499 0.513 0.502
0 0.623 0.476 0.612 0.476 0.594 0.459 0.578 0.455 0.573 0.45 0.566 0.439 0.562 0.428 0.56 0.407 0.561 0.386 0.565 0.367 0.578 0.332 0.595 0.273 0.596 0.263 0.595 0.229 0.597 0.208 0.601 0.186 0.606 0.174 0.617 0.155 0.638 0.138 0.655 0.132 0.679 0.134 0.69 0.138 0.706 0.149 0.716 0.159 0.723 0.171 0.728 0.188 0.732 0.207 0.733 0.224 0.73 0.247 0.725 0.269 0.72 0.284 0.703 0.309 0.698 0.321 0.675 0.399 0.658 0.443 0.651 0.455 0.641 0.466 0.63 0.474 0.623 0.476
0 0.441 0.272 0.431 0.258 0.421 0.25 0.408 0.242 0.395 0.238 0.385 0.239 0.37 0.244 0.34 0.266 0.336 0.254 0.329 0.242 0.328 0.228 0.331 0.226 0.333 0.228 0.334 0.226 0.339 0.197 0.345 0.188 0.353 0.183 0.4 0.173 0.433 0.16 0.447 0.148 0.462 0.129 0.479 0.119 0.498 0.118 0.506 0.12 0.519 0.129 0.525 0.139 0.538 0.172 0.542 0.198 0.542 0.232 0.516 0.231 0.507 0.233 0.496 0.239 0.488 0.246 0.472 0.27 0.466 0.267 0.455 0.267 0.441 0.27
