0 0.68 0.829 0.66 0.827 0.649 0.815 0.623 0.742 0.623 0.648 0.639 0.459 0.657 0.383 0.656 0.369 0.664 0.347 0.685 0.309 0.703 0.287 0.734 0.28 0.758 0.29 0.768 0.317 0.743 0.438 0.738 0.492 0.729 0.532 0.729 0.564 0.724 0.576 0.726 0.595 0.716 0.631 0.719 0.651 0.715 0.664 0.715 0.732 0.708 0.773 0.696 0.813 0.68 0.829
0 0.393 0.358 0.376 0.356 0.367 0.344 0.348 0.302 0.339 0.261 0.326 0.232 0.347 0.228 0.358 0.254 0.379 0.287 0.393 0.332 0.393 0.358
0 0.39 0.443 0.382 0.437 0.378 0.421 0.336 0.356 0.295 0.338 0.223 0.278 0.196 0.272 0.173 0.275 0.155 0.295 0.107 0.367 0.092 0.377 0.076 0.378 0.057 0.339 0.052 0.316 0.061 0.25 0.108 0.169 0.134 0.149 0.17 0.134 0.205 0.134 0.236 0.149 0.279 0.176 0.312 0.206 0.34 0.257 0.348 0.301 0.373 0.357 0.398 0.397 0.391 0.422 0.394 0.437 0.39 0.443
0 0.135 0.938 0.119 0.933 0.106 0.915 0.098 0.879 0.101 0.832 0.116 0.775 0.154 0.672 0.182 0.628 0.2 0.59 0.242 0.544 0.258 0.507 0.288 0.524 0.284 0.602 0.275 0.641 0.201 0.81 0.179 0.884 0.161 0.919 0.135 0.938
0 0.103 0.818 0.06 0.771 0.024 0.681 0.003 0.592 0.0 0.559 0.0 0.37 0.005 0.343 0.02 0.317 0.047 0.324 0.067 0.36 0.085 0.509 0.096 0.571 0.123 0.669 0.143 0.708 0.103 0.818
0 0.211 0.99 0.178 0.974 0.171 0.962 0.167 0.937 0.175 0.908 0.282 0.755 0.314 0.689 0.315 0.678 0.345 0.627 0.379 0.581 0.401 0.585 0.41 0.596 0.41 0.671 0.405 0.698 0.362 0.8 0.311 0.896 0.28 0.94 0.249 0.969 0.211 0.99
0 0.299 0.989 0.273 0.989 0.254 0.981 0.25 0.968 0.259 0.953 0.301 0.911 0.357 0.812 0.383 0.755 0.38 0.746 0.389 0.723 0.397 0.718 0.409 0.667 0.403 0.644 0.41 0.602 0.398 0.581 0.399 0.571 0.403 0.565 0.431 0.565 0.452 0.618 0.455 0.685 0.453 0.735 0.429 0.835 0.379 0.931 0.338 0.974 0.32 0.985 0.299 0.989
0 0.437 0.952 0.397 0.952 0.379 0.937 0.379 0.924 0.393 0.91 0.399 0.893 0.413 0.874 0.414 0.856 0.426 0.847 0.423 0.843 0.445 0.768 0.455 0.721 0.454 0.71 0.503 0.694 0.544 0.691 0.544 0.698 0.548 0.694 0.562 0.696 0.565 0.702 0.571 0.698 0.624 0.726 0.626 0.752 0.656 0.821 0.654 0.828 0.708 0.849 0.748 0.905 0.747 0.919 0.741 0.928 0.688 0.945 0.591 0.932 0.437 0.952
0 0.209 0.85 0.206 0.846 0.286 0.61 0.314 0.46 0.349 0.395 0.36 0.395 0.38 0.427 0.392 0.456 0.397 0.506 0.388 0.576 0.383 0.587 0.377 0.582 0.362 0.609 0.35 0.618 0.278 0.761 0.217 0.846 0.209 0.85
0 0.267 0.452 0.261 0.448 0.263 0.439 0.27 0.443 0.267 0.452
0 0.165 0.659 0.165 0.632 0.184 0.556 0.215 0.441 0.238 0.378 0.256 0.349 0.274 0.333 0.29 0.336 0.302 0.345 0.308 0.426 0.29 0.518 0.283 0.523 0.263 0.51 0.257 0.512 0.244 0.543 0.217 0.57 0.192 0.606 0.193 0.612 0.165 0.659
0 0.807 0.848 0.789 0.848 0.766 0.802 0.76 0.767 0.755 0.621 0.76 0.453 0.756 0.393 0.774 0.304 0.798 0.288 0.825 0.3 0.84 0.335 0.852 0.393 0.855 0.456 0.855 0.672 0.852 0.745 0.839 0.814 0.813 0.847 0.807 0.84
