0 0.542 0.761 0.53 0.76 0.525 0.755 0.513 0.754 0.502 0.747 0.49 0.735 0.485 0.725 0.474 0.714 0.466 0.697 0.457 0.666 0.457 0.639 0.463 0.589 0.465 0.581 0.47 0.574 0.471 0.56 0.49 0.503 0.499 0.49 0.502 0.477 0.514 0.453 0.524 0.438 0.539 0.421 0.544 0.412 0.568 0.39 0.583 0.384 0.596 0.375 0.605 0.376 0.616 0.371 0.641 0.372 0.65 0.377 0.682 0.387 0.7 0.399 0.719 0.418 0.736 0.444 0.749 0.477 0.749 0.486 0.751 0.496 0.752 0.522 0.75 0.541 0.746 0.567 0.733 0.607 0.716 0.639 0.711 0.652 0.701 0.662 0.697 0.671 0.686 0.68 0.683 0.687 0.676 0.694 0.653 0.709 0.636 0.722 0.622 0.73 0.611 0.739 0.602 0.741 0.593 0.748 0.586 0.749 0.572 0.756 0.564 0.755 0.557 0.759 0.545 0.759 0.542 0.761
0 0.333 0.911 0.224 0.911 0.198 0.896 0.185 0.885 0.17 0.864 0.163 0.85 0.159 0.847 0.156 0.835 0.152 0.829 0.146 0.791 0.146 0.751 0.149 0.743 0.149 0.737 0.155 0.725 0.165 0.696 0.18 0.674 0.182 0.667 0.198 0.656 0.213 0.653 0.243 0.641 0.261 0.627 0.284 0.629 0.305 0.638 0.327 0.654 0.342 0.67 0.363 0.706 0.374 0.719 0.384 0.738 0.386 0.749 0.391 0.757 0.394 0.773 0.394 0.796 0.391 0.842 0.386 0.852 0.381 0.859 0.374 0.878 0.363 0.896 0.345 0.908 0.333 0.911
0 0.203 0.658 0.189 0.657 0.172 0.647 0.153 0.627 0.14 0.598 0.134 0.569 0.133 0.49 0.129 0.471 0.131 0.439 0.133 0.433 0.134 0.424 0.136 0.421 0.137 0.411 0.142 0.4 0.146 0.382 0.155 0.369 0.162 0.352 0.167 0.347 0.18 0.327 0.206 0.307 0.219 0.3 0.249 0.29 0.281 0.294 0.305 0.304 0.323 0.317 0.338 0.334 0.351 0.361 0.361 0.399 0.363 0.439 0.362 0.473 0.351 0.505 0.346 0.518 0.338 0.53 0.335 0.541 0.327 0.551 0.322 0.553 0.32 0.559 0.312 0.567 0.305 0.58 0.294 0.594 0.28 0.608 0.276 0.617 0.242 0.645 0.222 0.655 0.203 0.658
0 0.0 0.088 0.016 0.079 0.045 0.07 0.056 0.063 0.076 0.055 0.105 0.057 0.128 0.065 0.15 0.084 0.174 0.116 0.18 0.138 0.184 0.164 0.184 0.185 0.186 0.194 0.184 0.216 0.165 0.281 0.147 0.312 0.142 0.326 0.114 0.351 0.097 0.357 0.093 0.362 0.087 0.365 0.064 0.367 0.031 0.356 0.002 0.34 0.0 0.337
0 0.229 0.292 0.197 0.291 0.18 0.285 0.168 0.277 0.17 0.259 0.174 0.249 0.183 0.209 0.182 0.148 0.173 0.113 0.167 0.109 0.166 0.106 0.151 0.088 0.149 0.082 0.152 0.078 0.17 0.068 0.198 0.068 0.209 0.073 0.222 0.075 0.233 0.083 0.241 0.086 0.25 0.094 0.268 0.121 0.268 0.133 0.265 0.149 0.268 0.192 0.267 0.248 0.259 0.27 0.251 0.282 0.245 0.287 0.229 0.292
0 0.334 0.329 0.326 0.325 0.324 0.319 0.309 0.308 0.302 0.304 0.3 0.299 0.298 0.266 0.3 0.236 0.296 0.206 0.29 0.184 0.286 0.162 0.284 0.115 0.285 0.086 0.296 0.043 0.312 0.014 0.318 0.0 0.385 0.0 0.389 0.049 0.396 0.07 0.409 0.1 0.431 0.147 0.439 0.157 0.464 0.179 0.467 0.183 0.468 0.191 0.463 0.199 0.414 0.221 0.401 0.23 0.39 0.243 0.385 0.244 0.37 0.269 0.363 0.285 0.352 0.302 0.346 0.317 0.334 0.329
0 0.449 0.447 0.412 0.442 0.388 0.429 0.379 0.421 0.379 0.417 0.377 0.417 0.375 0.411 0.37 0.407 0.369 0.399 0.367 0.397 0.364 0.398 0.365 0.395 0.356 0.38 0.352 0.363 0.341 0.34 0.341 0.334 0.336 0.327 0.344 0.306 0.355 0.294 0.364 0.271 0.372 0.263 0.373 0.257 0.381 0.242 0.383 0.239 0.391 0.237 0.397 0.225 0.405 0.225 0.431 0.21 0.438 0.209 0.444 0.205 0.454 0.204 0.457 0.202 0.476 0.198 0.479 0.2 0.491 0.199 0.523 0.191 0.545 0.195 0.553 0.198 0.557 0.204 0.561 0.203 0.574 0.223 0.575 0.227 0.579 0.229 0.581 0.234 0.582 0.239 0.588 0.254 0.591 0.281 0.588 0.286 0.58 0.313 0.575 0.318 0.558 0.348 0.553 0.353 0.535 0.394 0.523 0.413 0.51 0.425 0.497 0.431 0.481 0.442 0.449 0.447
0 0.621 0.0 0.623 0.012 0.625 0.015 0.628 0.03 0.638 0.08 0.642 0.118 0.642 0.15 0.637 0.184 0.632 0.198 0.627 0.205 0.627 0.208 0.612 0.223 0.594 0.213 0.587 0.212 0.579 0.206 0.572 0.207 0.57 0.205 0.563 0.205 0.55 0.199 0.528 0.194 0.497 0.197 0.48 0.185 0.472 0.182 0.442 0.161 0.427 0.14 0.393 0.066 0.387 0.047 0.383 0.008 0.384 0.0
0 0.728 0.428 0.711 0.408 0.697 0.396 0.679 0.386 0.669 0.384 0.661 0.379 0.636 0.372 0.617 0.373 0.605 0.377 0.586 0.381 0.568 0.389 0.558 0.4 0.543 0.41 0.541 0.414 0.538 0.414 0.538 0.417 0.537 0.415 0.54 0.407 0.541 0.382 0.543 0.376 0.556 0.349 0.581 0.31 0.589 0.285 0.598 0.279 0.613 0.275 0.618 0.271 0.637 0.27 0.668 0.279 0.691 0.296 0.719 0.327 0.731 0.352 0.737 0.379 0.734 0.404 0.731 0.413 0.73 0.426 0.728 0.428
0 0.454 0.743 0.419 0.741 0.399 0.728 0.387 0.726 0.366 0.706 0.351 0.686 0.339 0.664 0.335 0.652 0.321 0.598 0.318 0.56 0.321 0.552 0.327 0.549 0.331 0.543 0.337 0.528 0.345 0.516 0.355 0.492 0.361 0.473 0.363 0.442 0.364 0.44 0.374 0.439 0.408 0.449 0.449 0.455 0.473 0.465 0.481 0.475 0.492 0.483 0.496 0.489 0.496 0.493 0.484 0.518 0.482 0.528 0.471 0.56 0.47 0.575 0.464 0.585 0.46 0.606 0.46 0.625 0.457 0.637 0.456 0.662 0.461 0.685 0.473 0.713 0.484 0.727 0.462 0.741 0.454 0.743
0 0.436 0.892 0.435 0.885 0.426 0.877 0.419 0.878 0.416 0.874 0.407 0.873 0.394 0.865 0.381 0.861 0.392 0.841 0.391 0.832 0.392 0.827 0.393 0.806 0.396 0.797 0.396 0.789 0.392 0.756 0.386 0.736 0.372 0.72 0.372 0.716 0.375 0.713 0.379 0.714 0.399 0.734 0.421 0.741 0.448 0.743 0.461 0.74 0.472 0.734 0.475 0.727 0.478 0.726 0.494 0.737 0.497 0.742 0.501 0.752 0.499 0.762 0.499 0.795 0.5 0.81 0.504 0.817 0.507 0.835 0.511 0.847 0.515 0.851 0.518 0.851 0.52 0.856 0.519 0.864 0.507 0.879 0.505 0.877 0.482 0.877 0.467 0.881 0.45 0.881 0.436 0.892
0 0.0 0.478 0.011 0.469 0.028 0.463 0.049 0.461 0.058 0.463 0.068 0.467 0.082 0.478 0.095 0.493 0.108 0.504 0.11 0.507 0.111 0.521 0.114 0.531 0.118 0.535 0.128 0.538 0.132 0.541 0.135 0.561 0.137 0.583 0.143 0.605 0.151 0.621 0.153 0.637 0.149 0.655 0.151 0.664 0.151 0.68 0.143 0.688 0.138 0.703 0.112 0.735 0.102 0.744 0.088 0.754 0.064 0.763 0.061 0.768 0.006 0.768 0.0 0.76
0 0.128 0.536 0.117 0.534 0.113 0.531 0.112 0.517 0.104 0.502 0.104 0.495 0.108 0.491 0.127 0.481 0.131 0.481 0.134 0.485 0.133 0.518 0.132 0.531 0.128 0.536
0 0.128 0.479 0.125 0.478 0.109 0.464 0.105 0.457 0.1 0.456 0.097 0.454 0.088 0.44 0.084 0.418 0.083 0.394 0.083 0.387 0.086 0.374 0.09 0.368 0.1 0.359 0.133 0.346 0.147 0.333 0.155 0.33 0.169 0.33 0.173 0.327 0.178 0.325 0.182 0.33 0.18 0.336 0.168 0.345 0.167 0.35 0.159 0.359 0.159 0.365 0.148 0.377 0.143 0.406 0.136 0.415 0.136 0.431 0.133 0.434 0.129 0.446 0.129 0.469 0.131 0.475 0.128 0.479
0 0.621 0.913 0.585 0.909 0.571 0.904 0.547 0.889 0.537 0.878 0.533 0.868 0.529 0.869 0.525 0.866 0.516 0.845 0.509 0.838 0.508 0.819 0.504 0.809 0.505 0.804 0.502 0.793 0.504 0.787 0.501 0.754 0.503 0.75 0.507 0.75 0.509 0.753 0.51 0.758 0.514 0.754 0.524 0.754 0.53 0.76 0.54 0.761 0.544 0.758 0.556 0.759 0.564 0.755 0.573 0.756 0.583 0.752 0.586 0.748 0.591 0.749 0.603 0.739 0.612 0.737 0.633 0.723 0.636 0.715 0.643 0.711 0.664 0.699 0.669 0.699 0.68 0.688 0.686 0.679 0.689 0.678 0.687 0.689 0.68 0.696 0.678 0.703 0.672 0.712 0.674 0.716 0.669 0.727 0.669 0.742 0.665 0.751 0.667 0.762 0.671 0.767 0.672 0.787 0.677 0.818 0.689 0.847 0.695 0.854 0.696 0.864 0.668 0.878 0.66 0.89 0.644 0.904 0.621 0.913
0 0.771 0.908 0.747 0.904 0.725 0.89 0.713 0.878 0.706 0.867 0.697 0.858 0.679 0.828 0.674 0.811 0.669 0.767 0.665 0.752 0.67 0.728 0.671 0.714 0.688 0.681 0.698 0.67 0.701 0.662 0.714 0.647 0.716 0.638 0.736 0.6 0.759 0.579 0.781 0.566 0.786 0.566 0.804 0.559 0.818 0.559 0.838 0.553 0.858 0.556 0.869 0.555 0.874 0.558 0.885 0.559 0.89 0.567 0.898 0.574 0.904 0.574 0.908 0.579 0.914 0.581 0.916 0.586 0.923 0.59 0.93 0.601 0.938 0.609 0.95 0.63 0.951 0.64 0.956 0.648 0.956 0.654 0.96 0.662 0.959 0.672 0.962 0.684 0.962 0.7 0.964 0.709 0.962 0.749 0.96 0.759 0.957 0.763 0.957 0.775 0.954 0.778 0.953 0.785 0.942 0.807 0.939 0.815 0.928 0.83 0.926 0.837 0.909 0.856 0.898 0.862 0.889 0.873 0.859 0.889 0.832 0.899 0.825 0.899 0.817 0.903 0.808 0.902 0.771 0.908
0 0.877 0.557 0.873 0.555 0.86 0.556 0.84 0.553 0.82 0.556 0.79 0.545 0.776 0.544 0.762 0.537 0.754 0.525 0.752 0.496 0.749 0.486 0.749 0.477 0.737 0.442 0.743 0.404 0.76 0.362 0.783 0.324 0.803 0.305 0.829 0.289 0.855 0.279 0.881 0.274 0.936 0.279 0.965 0.289 0.977 0.299 0.987 0.312 0.992 0.323 0.997 0.339 0.999 0.378 0.99 0.407 0.967 0.469 0.957 0.487 0.951 0.501 0.943 0.511 0.928 0.531 0.907 0.548 0.882 0.552 0.877 0.55
