0 0.905 0.811 0.897 0.81 0.885 0.804 0.876 0.803 0.869 0.805 0.866 0.809 0.86 0.808 0.846 0.796 0.843 0.796 0.827 0.786 0.81 0.78 0.803 0.774 0.796 0.766 0.778 0.753 0.771 0.74 0.766 0.733 0.757 0.726 0.751 0.716 0.741 0.703 0.73 0.686 0.725 0.675 0.723 0.673 0.719 0.676 0.717 0.676 0.709 0.661 0.709 0.654 0.712 0.642 0.713 0.64 0.713 0.636 0.708 0.605 0.706 0.569 0.716 0.526 0.728 0.496 0.739 0.478 0.752 0.461 0.778 0.44 0.803 0.428 0.83 0.419 0.886 0.415 0.919 0.421 0.923 0.416 0.931 0.416 0.942 0.422 0.959 0.425 0.969 0.432 0.98 0.448 0.98 0.451 0.993 0.468 0.997 0.479 1.0 0.478 1.0 0.759 0.991 0.766 0.988 0.773 0.975 0.784 0.953 0.795 0.941 0.804 0.909 0.809 0.905 0.811
0 0.4 0.897 0.394 0.896 0.387 0.886 0.384 0.877 0.373 0.875 0.366 0.869 0.361 0.863 0.36 0.857 0.357 0.853 0.358 0.843 0.365 0.823 0.376 0.797 0.385 0.77 0.39 0.76 0.393 0.747 0.393 0.736 0.391 0.728 0.389 0.721 0.383 0.715 0.38 0.701 0.375 0.692 0.37 0.686 0.362 0.67 0.346 0.646 0.337 0.626 0.32 0.596 0.314 0.576 0.308 0.566 0.306 0.551 0.306 0.534 0.308 0.508 0.311 0.493 0.32 0.471 0.333 0.449 0.349 0.434 0.373 0.418 0.403 0.409 0.416 0.408 0.418 0.411 0.42 0.415 0.425 0.42 0.444 0.422 0.446 0.425 0.451 0.426 0.455 0.431 0.459 0.433 0.47 0.434 0.474 0.431 0.478 0.432 0.492 0.431 0.496 0.434 0.508 0.437 0.514 0.449 0.514 0.453 0.521 0.465 0.543 0.481 0.56 0.499 0.574 0.507 0.58 0.519 0.591 0.532 0.592 0.536 0.599 0.55 0.603 0.562 0.606 0.579 0.607 0.593 0.605 0.611 0.6 0.637 0.587 0.672 0.578 0.679 0.561 0.699 0.541 0.716 0.531 0.73 0.524 0.739 0.522 0.747 0.524 0.749 0.524 0.766 0.521 0.766 0.518 0.763 0.517 0.758 0.516 0.744 0.512 0.743 0.463 0.776 0.46 0.78 0.461 0.786 0.457 0.792 0.457 0.806 0.459 0.811 0.458 0.815 0.47 0.824 0.471 0.826 0.47 0.828 0.461 0.836 0.46 0.841 0.459 0.843 0.45 0.839 0.444 0.832 0.441 0.833 0.432 0.848 0.424 0.868 0.414 0.887 0.411 0.891 0.4 0.897
0 0.307 0.999 0.141 0.999 0.126 0.991 0.12 0.986 0.117 0.981 0.117 0.97 0.118 0.968 0.123 0.969 0.125 0.967 0.117 0.946 0.111 0.91 0.108 0.866 0.111 0.822 0.117 0.798 0.125 0.775 0.132 0.757 0.156 0.715 0.171 0.694 0.186 0.678 0.197 0.669 0.213 0.659 0.235 0.651 0.261 0.651 0.273 0.653 0.316 0.667 0.32 0.671 0.326 0.682 0.346 0.735 0.351 0.76 0.351 0.785 0.354 0.791 0.359 0.835 0.356 0.85 0.353 0.857 0.347 0.908 0.335 0.952 0.319 0.986 0.311 0.998 0.307 0.999
0 0.0 0.774 0.019 0.775 0.031 0.779 0.05 0.778 0.072 0.771 0.078 0.765 0.089 0.761 0.104 0.758 0.117 0.758 0.113 0.787 0.113 0.811 0.111 0.821 0.108 0.875 0.111 0.91 0.115 0.935 0.125 0.969 0.124 0.97 0.118 0.97 0.116 0.978 0.118 0.984 0.123 0.989 0.141 0.999 0.0 1.0
0 0.13 0.758 0.119 0.758 0.098 0.754 0.078 0.742 0.066 0.731 0.059 0.731 0.052 0.728 0.038 0.728 0.024 0.731 0.014 0.733 0.005 0.738 0.002 0.734 0.002 0.725 0.004 0.718 0.013 0.7 0.021 0.676 0.029 0.671 0.02 0.624 0.017 0.582 0.018 0.574 0.021 0.561 0.023 0.533 0.036 0.495 0.043 0.481 0.048 0.479 0.057 0.472 0.064 0.468 0.082 0.462 0.11 0.448 0.129 0.432 0.133 0.431 0.138 0.427 0.141 0.426 0.157 0.435 0.169 0.447 0.172 0.458 0.178 0.468 0.194 0.516 0.199 0.521 0.203 0.523 0.205 0.527 0.213 0.524 0.216 0.528 0.216 0.54 0.222 0.549 0.225 0.557 0.227 0.575 0.233 0.597 0.234 0.61 0.232 0.614 0.224 0.621 0.22 0.629 0.21 0.64 0.208 0.66 0.191 0.674 0.173 0.692 0.148 0.728 0.133 0.756 0.13 0.758
0 0.944 0.961 0.907 0.959 0.88 0.948 0.87 0.943 0.859 0.932 0.854 0.93 0.847 0.921 0.818 0.891 0.807 0.872 0.801 0.859 0.789 0.817 0.788 0.809 0.79 0.804 0.786 0.797 0.784 0.759 0.787 0.759 0.811 0.777 0.825 0.782 0.847 0.794 0.859 0.805 0.864 0.806 0.872 0.801 0.88 0.801 0.896 0.808 0.904 0.809 0.945 0.799 0.956 0.792 0.974 0.783 0.986 0.771 0.994 0.76 1.0 0.756 1.0 0.944 0.977 0.957 0.961 0.961 0.944 0.961
0 1.0 0.999 0.896 0.999 0.873 0.956 0.872 0.946 0.896 0.957 0.915 0.962 0.926 0.963 0.958 0.96 0.976 0.957 0.999 0.944 1.0 0.999
0 0.689 1.0 0.51 1.0 0.496 0.962 0.489 0.935 0.485 0.912 0.483 0.873 0.486 0.857 0.495 0.842 0.499 0.821 0.503 0.821 0.519 0.81 0.526 0.799 0.528 0.788 0.536 0.777 0.537 0.773 0.532 0.769 0.531 0.763 0.53 0.763 0.527 0.768 0.524 0.767 0.525 0.75 0.522 0.741 0.523 0.738 0.532 0.728 0.54 0.716 0.554 0.706 0.565 0.705 0.586 0.712 0.615 0.714 0.627 0.718 0.654 0.74 0.675 0.772 0.695 0.819 0.702 0.864 0.703 0.91 0.7 0.95 0.689 1.0
0 0.0 0.1 0.007 0.1 0.016 0.094 0.034 0.094 0.036 0.097 0.042 0.098 0.057 0.103 0.061 0.108 0.066 0.11 0.07 0.116 0.095 0.117 0.119 0.123 0.137 0.132 0.156 0.144 0.179 0.167 0.189 0.181 0.201 0.204 0.204 0.214 0.206 0.259 0.208 0.273 0.206 0.315 0.199 0.338 0.196 0.372 0.19 0.38 0.147 0.414 0.14 0.426 0.129 0.434 0.118 0.445 0.088 0.461 0.058 0.472 0.052 0.479 0.049 0.479 0.048 0.485 0.046 0.482 0.044 0.482 0.04 0.486 0.038 0.493 0.037 0.495 0.034 0.495 0.03 0.493 0.027 0.488 0.027 0.485 0.026 0.484 0.009 0.493 0.008 0.491 0.009 0.488 0.02 0.48 0.012 0.478 0.0 0.479
0 0.666 0.0 0.664 0.008 0.659 0.017 0.659 0.021 0.662 0.026 0.662 0.038 0.659 0.071 0.659 0.084 0.665 0.131 0.665 0.17 0.66 0.205 0.645 0.25 0.637 0.267 0.623 0.29 0.609 0.307 0.6 0.316 0.589 0.325 0.567 0.336 0.542 0.341 0.52 0.34 0.503 0.335 0.493 0.329 0.482 0.325 0.461 0.309 0.451 0.304 0.423 0.277 0.42 0.271 0.407 0.259 0.39 0.236 0.376 0.213 0.37 0.201 0.366 0.196 0.358 0.175 0.358 0.168 0.35 0.149 0.345 0.124 0.345 0.113 0.336 0.058 0.337 0.026 0.342 0.0
0 0.343 0.0 0.338 0.027 0.336 0.058 0.341 0.086 0.343 0.126 0.353 0.158 0.358 0.168 0.359 0.174 0.374 0.21 0.393 0.24 0.41 0.261 0.421 0.273 0.421 0.278 0.418 0.282 0.412 0.285 0.414 0.301 0.412 0.305 0.421 0.317 0.426 0.32 0.43 0.33 0.43 0.333 0.427 0.336 0.39 0.336 0.381 0.344 0.37 0.345 0.345 0.343 0.332 0.338 0.326 0.339 0.318 0.334 0.316 0.33 0.306 0.327 0.303 0.319 0.267 0.284 0.253 0.262 0.252 0.251 0.254 0.247 0.254 0.244 0.25 0.232 0.241 0.199 0.235 0.151 0.235 0.129 0.238 0.1 0.238 0.085 0.255 0.039 0.266 0.021 0.279 0.006 0.282 0.0
0 0.759 0.0 0.751 0.014 0.737 0.031 0.705 0.056 0.68 0.066 0.659 0.072 0.662 0.03 0.657 0.04 0.652 0.044 0.649 0.051 0.647 0.082 0.645 0.065 0.646 0.051 0.654 0.021 0.661 0.011 0.666 0.0
0 0.309 0.598 0.287 0.597 0.269 0.589 0.256 0.582 0.231 0.557 0.222 0.544 0.222 0.531 0.22 0.525 0.206 0.504 0.2 0.499 0.195 0.485 0.188 0.453 0.187 0.418 0.191 0.385 0.193 0.378 0.197 0.374 0.209 0.372 0.211 0.369 0.21 0.348 0.21 0.342 0.217 0.349 0.223 0.348 0.23 0.341 0.244 0.337 0.248 0.333 0.252 0.326 0.269 0.315 0.283 0.312 0.294 0.313 0.303 0.32 0.308 0.327 0.316 0.329 0.326 0.336 0.332 0.335 0.344 0.341 0.349 0.343 0.352 0.348 0.356 0.346 0.365 0.348 0.368 0.353 0.377 0.358 0.378 0.369 0.376 0.374 0.376 0.378 0.38 0.383 0.391 0.393 0.398 0.403 0.399 0.407 0.397 0.409 0.369 0.419 0.35 0.433 0.334 0.446 0.321 0.467 0.311 0.489 0.306 0.507 0.305 0.546 0.307 0.564 0.312 0.575 0.318 0.592 0.317 0.596 0.309 0.598
0 0.345 0.679 0.339 0.674 0.325 0.668 0.293 0.661 0.27 0.652 0.267 0.645 0.268 0.633 0.266 0.627 0.268 0.609 0.274 0.603 0.279 0.6 0.301 0.596 0.319 0.598 0.321 0.6 0.325 0.608 0.324 0.619 0.329 0.635 0.343 0.656 0.349 0.668 0.349 0.675 0.345 0.679
0 0.361 0.833 0.359 0.829 0.355 0.803 0.355 0.786 0.357 0.763 0.361 0.749 0.379 0.727 0.385 0.709 0.389 0.717 0.393 0.732 0.393 0.747 0.391 0.751 0.389 0.761 0.383 0.77 0.382 0.777 0.361 0.833
0 0.285 0.0 0.271 0.015 0.26 0.031 0.256 0.038 0.245 0.066 0.225 0.078 0.193 0.09 0.192 0.093 0.194 0.102 0.186 0.087 0.16 0.087 0.138 0.078 0.127 0.07 0.117 0.06 0.102 0.053 0.09 0.045 0.077 0.031 0.071 0.027 0.067 0.018 0.063 0.016 0.062 0.012 0.057 0.006 0.057 0.0
0 0.051 0.0 0.061 0.008 0.073 0.027 0.089 0.04 0.122 0.076 0.124 0.079 0.122 0.09 0.125 0.093 0.126 0.098 0.122 0.107 0.124 0.116 0.121 0.119 0.116 0.12 0.095 0.116 0.074 0.115 0.057 0.103 0.03 0.093 0.014 0.069 0.01 0.074 0.008 0.073 0.006 0.065 0.007 0.054 0.0 0.042
0 0.236 0.227 0.234 0.227 0.227 0.216 0.2 0.199 0.187 0.179 0.163 0.15 0.157 0.12 0.158 0.099 0.161 0.09 0.186 0.084 0.193 0.089 0.238 0.089 0.239 0.101 0.236 0.121 0.236 0.143 0.24 0.2 0.238 0.203 0.226 0.203 0.222 0.206 0.224 0.209 0.234 0.22 0.236 0.227
0 0.857 0.0 0.874 0.018 0.885 0.037 0.894 0.065 0.897 0.087 0.896 0.119 0.889 0.146 0.875 0.179 0.859 0.207 0.847 0.227 0.833 0.243 0.788 0.283 0.774 0.292 0.731 0.298 0.722 0.298 0.719 0.296 0.73 0.282 0.744 0.273 0.757 0.271 0.765 0.265 0.768 0.259 0.768 0.255 0.765 0.25 0.76 0.247 0.762 0.243 0.761 0.242 0.742 0.25 0.731 0.26 0.725 0.269 0.711 0.279 0.685 0.292 0.676 0.294 0.672 0.289 0.664 0.286 0.658 0.278 0.651 0.272 0.641 0.26 0.642 0.255 0.645 0.248 0.661 0.197 0.665 0.166 0.666 0.128 0.676 0.115 0.682 0.099 0.68 0.094 0.678 0.094 0.673 0.103 0.664 0.112 0.659 0.086 0.659 0.072 0.703 0.057 0.725 0.041 0.742 0.027 0.753 0.013 0.759 0.0
0 1.0 0.0 1.0 0.101 0.998 0.105 0.994 0.108 0.989 0.119 0.987 0.121 0.961 0.121 0.927 0.13 0.912 0.13 0.905 0.128 0.9 0.125 0.898 0.121 0.898 0.084 0.89 0.048 0.888 0.034 0.891 0.031 0.904 0.025 0.908 0.015 0.911 0.012 0.929 0.002 0.934 0.002 0.937 0.0
0 0.969 0.431 0.965 0.429 0.961 0.424 0.952 0.423 0.95 0.42 0.942 0.421 0.933 0.416 0.923 0.415 0.921 0.421 0.916 0.424 0.891 0.416 0.89 0.402 0.888 0.391 0.877 0.372 0.871 0.357 0.851 0.33 0.845 0.316 0.841 0.305 0.842 0.287 0.849 0.262 0.856 0.252 0.864 0.236 0.878 0.193 0.899 0.147 0.911 0.139 0.938 0.128 0.976 0.12 0.988 0.12 0.991 0.117 0.994 0.108 1.0 0.103 1.0 0.4 0.982 0.411 0.969 0.431
0 0.707 0.606 0.702 0.605 0.696 0.598 0.689 0.585 0.682 0.566 0.677 0.562 0.673 0.553 0.671 0.551 0.671 0.539 0.664 0.512 0.662 0.495 0.667 0.478 0.672 0.468 0.676 0.446 0.676 0.439 0.673 0.434 0.667 0.432 0.659 0.421 0.655 0.421 0.655 0.419 0.657 0.397 0.662 0.378 0.662 0.372 0.661 0.37 0.664 0.361 0.669 0.35 0.679 0.335 0.685 0.317 0.687 0.314 0.691 0.312 0.704 0.309 0.718 0.3 0.731 0.299 0.774 0.292 0.788 0.286 0.798 0.275 0.81 0.266 0.825 0.274 0.845 0.27 0.846 0.276 0.842 0.301 0.839 0.304 0.815 0.307 0.813 0.311 0.813 0.315 0.819 0.323 0.831 0.332 0.849 0.353 0.857 0.373 0.857 0.383 0.859 0.388 0.865 0.395 0.866 0.399 0.87 0.401 0.872 0.411 0.869 0.416 0.828 0.42 0.801 0.428 0.771 0.445 0.751 0.464 0.732 0.49 0.719 0.518 0.713 0.54 0.706 0.573 0.708 0.596 0.707 0.606
0 0.594 0.505 0.576 0.504 0.566 0.502 0.562 0.499 0.546 0.482 0.531 0.472 0.526 0.466 0.515 0.448 0.51 0.436 0.507 0.433 0.503 0.423 0.501 0.403 0.496 0.388 0.494 0.372 0.497 0.353 0.502 0.338 0.505 0.336 0.51 0.336 0.522 0.34 0.541 0.341 0.561 0.336 0.581 0.328 0.599 0.316 0.611 0.305 0.616 0.307 0.629 0.322 0.648 0.331 0.654 0.332 0.661 0.325 0.668 0.308 0.676 0.298 0.715 0.277 0.726 0.269 0.732 0.26 0.743 0.251 0.762 0.244 0.763 0.245 0.761 0.249 0.766 0.252 0.768 0.256 0.766 0.266 0.756 0.272 0.744 0.275 0.73 0.283 0.72 0.296 0.711 0.304 0.702 0.31 0.689 0.313 0.686 0.316 0.68 0.333 0.668 0.351 0.661 0.368 0.661 0.37 0.663 0.372 0.663 0.375 0.657 0.397 0.655 0.417 0.651 0.442 0.643 0.465 0.631 0.483 0.621 0.493 0.61 0.501 0.594 0.505
0 0.646 0.33 0.627 0.322 0.612 0.304 0.637 0.269 0.644 0.288 0.647 0.309 0.646 0.33
0 0.469 0.433 0.458 0.431 0.451 0.425 0.448 0.426 0.444 0.421 0.441 0.421 0.439 0.419 0.435 0.401 0.436 0.38 0.441 0.355 0.439 0.346 0.436 0.339 0.432 0.335 0.409 0.335 0.402 0.333 0.401 0.328 0.403 0.325 0.407 0.324 0.42 0.316 0.414 0.307 0.41 0.305 0.414 0.299 0.414 0.293 0.411 0.286 0.413 0.282 0.416 0.283 0.421 0.277 0.424 0.278 0.453 0.305 0.483 0.325 0.504 0.335 0.496 0.359 0.495 0.373 0.496 0.388 0.501 0.404 0.505 0.433 0.496 0.429 0.501 0.427 0.501 0.423 0.495 0.425 0.488 0.43 0.477 0.43 0.48 0.422 0.486 0.417 0.486 0.414 0.484 0.414 0.48 0.416 0.474 0.427 0.469 0.433
0 0.637 0.715 0.63 0.715 0.615 0.708 0.596 0.694 0.585 0.684 0.58 0.683 0.581 0.677 0.589 0.671 0.589 0.662 0.593 0.666 0.593 0.673 0.596 0.68 0.599 0.685 0.6 0.684 0.596 0.659 0.596 0.65 0.601 0.641 0.605 0.622 0.608 0.593 0.607 0.574 0.601 0.554 0.591 0.532 0.586 0.527 0.569 0.505 0.57 0.502 0.595 0.504 0.607 0.502 0.617 0.496 0.627 0.488 0.635 0.478 0.642 0.465 0.65 0.444 0.654 0.422 0.658 0.42 0.667 0.43 0.673 0.432 0.677 0.438 0.673 0.468 0.667 0.48 0.664 0.49 0.662 0.493 0.661 0.498 0.664 0.514 0.672 0.538 0.672 0.545 0.666 0.566 0.668 0.564 0.672 0.551 0.674 0.55 0.679 0.567 0.679 0.585 0.683 0.615 0.688 0.635 0.688 0.646 0.683 0.673 0.684 0.679 0.677 0.693 0.657 0.713 0.652 0.715 0.639 0.714 0.637 0.715
0 0.672 0.759 0.665 0.754 0.648 0.734 0.624 0.717 0.613 0.714 0.588 0.712 0.569 0.705 0.554 0.705 0.57 0.689 0.579 0.686 0.583 0.682 0.585 0.682 0.609 0.703 0.632 0.714 0.656 0.712 0.677 0.692 0.684 0.679 0.684 0.671 0.686 0.663 0.689 0.637 0.682 0.611 0.682 0.603 0.679 0.582 0.679 0.567 0.674 0.551 0.677 0.55 0.684 0.565 0.685 0.574 0.691 0.587 0.696 0.595 0.709 0.607 0.714 0.637 0.71 0.649 0.709 0.659 0.715 0.674 0.708 0.704 0.696 0.728 0.69 0.74 0.68 0.754 0.672 0.759
0 0.897 1.0 0.701 1.0 0.692 0.993 0.693 0.977 0.699 0.95 0.702 0.913 0.701 0.865 0.697 0.831 0.697 0.81 0.7 0.79 0.704 0.779 0.705 0.769 0.705 0.744 0.709 0.733 0.714 0.731 0.717 0.727 0.717 0.723 0.72 0.719 0.717 0.714 0.717 0.705 0.72 0.705 0.728 0.708 0.739 0.709 0.75 0.714 0.759 0.726 0.77 0.738 0.78 0.756 0.784 0.767 0.787 0.795 0.79 0.805 0.789 0.809 0.789 0.815 0.799 0.851 0.805 0.869 0.818 0.891 0.865 0.94 0.865 0.944 0.859 0.961 0.858 0.968 0.881 0.975 0.897 1.0
0 0.509 0.999 0.426 0.999 0.421 0.996 0.419 0.992 0.42 0.986 0.428 0.972 0.425 0.968 0.424 0.962 0.418 0.956 0.416 0.945 0.425 0.937 0.423 0.928 0.423 0.907 0.432 0.889 0.452 0.883 0.459 0.879 0.481 0.859 0.484 0.859 0.485 0.912 0.487 0.924 0.497 0.965 0.511 0.997 0.511 0.999 0.509 0.99
