0 0.0 0.016 0.025 0.033 0.048 0.064 0.047 0.129 0.06 0.177 0.031 0.229 0.0 0.244
0 0.173 0.0 0.205 0.023 0.233 0.072 0.246 0.108 0.25 0.168 0.228 0.218 0.184 0.235 0.157 0.259 0.091 0.223 0.064 0.186 0.05 0.146 0.05 0.068 0.07 0.021 0.091 0.0
0 0.341 0.258 0.285 0.236 0.258 0.193 0.246 0.135 0.247 0.096 0.263 0.053 0.29 0.022 0.322 0.009 0.304 0.114 0.329 0.179 0.368 0.227 0.341 0.258
0 0.504 0.0 0.524 0.042 0.529 0.093 0.501 0.168 0.529 0.18 0.519 0.189 0.498 0.176 0.464 0.237 0.433 0.252 0.402 0.246 0.371 0.23 0.336 0.19 0.314 0.15 0.304 0.101 0.328 0.0
0 0.52 0.261 0.486 0.255 0.466 0.233 0.495 0.177 0.517 0.186 0.527 0.179 0.5 0.167 0.528 0.095 0.526 0.056 0.512 0.017 0.517 0.014 0.546 0.022 0.569 0.039 0.592 0.077 0.601 0.118 0.6 0.171 0.582 0.22 0.55 0.255 0.52 0.261
0 0.707 0.28 0.675 0.28 0.622 0.241 0.605 0.208 0.6 0.174 0.611 0.107 0.642 0.052 0.677 0.027 0.716 0.02 0.751 0.036 0.768 0.056 0.783 0.097 0.786 0.138 0.78 0.183 0.768 0.219 0.749 0.249 0.707 0.28
0 0.862 0.287 0.82 0.247 0.782 0.236 0.775 0.204 0.786 0.148 0.786 0.104 0.803 0.079 0.834 0.054 0.862 0.044 0.906 0.049 0.939 0.076 0.918 0.125 0.911 0.159 0.911 0.204 0.922 0.242 0.895 0.28 0.862 0.287
0 0.997 0.291 0.961 0.28 0.935 0.259 0.918 0.228 0.911 0.185 0.915 0.126 0.932 0.09 0.961 0.054 0.994 0.031 0.999 0.034 0.997 0.291
0 0.0 0.244 0.048 0.223 0.093 0.23 0.124 0.265 0.164 0.342 0.157 0.398 0.161 0.451 0.138 0.494 0.109 0.517 0.08 0.528 0.029 0.527 0.0 0.513
0 0.167 0.331 0.141 0.298 0.158 0.26 0.176 0.24 0.226 0.217 0.256 0.221 0.28 0.236 0.222 0.246 0.193 0.278 0.167 0.331
0 0.285 0.524 0.236 0.509 0.204 0.524 0.206 0.51 0.219 0.502 0.179 0.482 0.157 0.436 0.157 0.38 0.175 0.311 0.201 0.265 0.229 0.24 0.302 0.241 0.337 0.255 0.361 0.293 0.381 0.349 0.344 0.368 0.311 0.417 0.291 0.459 0.285 0.524
0 0.437 0.359 0.427 0.356 0.423 0.342 0.412 0.352 0.377 0.353 0.359 0.293 0.341 0.258 0.366 0.229 0.417 0.251 0.443 0.249 0.465 0.236 0.475 0.243 0.495 0.275 0.453 0.315 0.437 0.359
0 0.566 0.528 0.527 0.522 0.525 0.468 0.506 0.415 0.471 0.378 0.438 0.357 0.443 0.332 0.459 0.303 0.496 0.272 0.523 0.261 0.59 0.259 0.622 0.277 0.65 0.317 0.663 0.361 0.662 0.436 0.648 0.476 0.612 0.513 0.566 0.528
0 0.78 0.558 0.715 0.548 0.686 0.516 0.655 0.457 0.664 0.409 0.663 0.34 0.718 0.268 0.757 0.248 0.812 0.263 0.863 0.307 0.886 0.345 0.899 0.396 0.894 0.458 0.878 0.497 0.839 0.539 0.78 0.558
0 0.662 0.345 0.626 0.28 0.594 0.26 0.562 0.252 0.595 0.239 0.618 0.24 0.663 0.266 0.684 0.307 0.662 0.345
0 0.946 0.493 0.893 0.462 0.897 0.394 0.879 0.332 0.89 0.286 0.927 0.251 0.958 0.276 0.999 0.294 0.999 0.475 0.984 0.486 0.946 0.493
0 0.868 0.313 0.815 0.266 0.757 0.247 0.784 0.236 0.818 0.244 0.854 0.279 0.868 0.313
0 0.412 0.655 0.377 0.652 0.336 0.631 0.301 0.583 0.288 0.539 0.292 0.455 0.309 0.396 0.338 0.363 0.379 0.349 0.429 0.353 0.476 0.379 0.508 0.414 0.528 0.474 0.519 0.551 0.486 0.615 0.456 0.643 0.412 0.655
0 0.655 0.767 0.614 0.76 0.58 0.733 0.556 0.691 0.547 0.651 0.553 0.595 0.571 0.552 0.602 0.519 0.638 0.503 0.667 0.507 0.702 0.531 0.732 0.585 0.745 0.635 0.74 0.684 0.721 0.726 0.69 0.757 0.655 0.767
0 0.886 0.711 0.849 0.704 0.815 0.681 0.791 0.63 0.8 0.603 0.801 0.555 0.847 0.532 0.898 0.464 0.931 0.483 0.96 0.514 0.975 0.551 0.979 0.598 0.966 0.642 0.944 0.679 0.915 0.703 0.886 0.711
0 0.745 0.673 0.737 0.6 0.72 0.558 0.698 0.527 0.659 0.505 0.619 0.508 0.643 0.482 0.657 0.456 0.68 0.498 0.727 0.547 0.748 0.557 0.8 0.555 0.801 0.593 0.793 0.629 0.777 0.651 0.745 0.673
0 0.044 0.633 0.027 0.586 0.025 0.55 0.03 0.528 0.075 0.528 0.116 0.513 0.141 0.491 0.159 0.446 0.179 0.478 0.218 0.499 0.205 0.516 0.224 0.516 0.216 0.559 0.173 0.54 0.126 0.543 0.073 0.581 0.044 0.633
0 0.169 0.845 0.126 0.839 0.08 0.806 0.046 0.754 0.035 0.693 0.039 0.647 0.069 0.586 0.116 0.549 0.146 0.539 0.189 0.546 0.227 0.574 0.264 0.632 0.276 0.69 0.265 0.753 0.237 0.803 0.21 0.83 0.169 0.845
0 0.315 0.685 0.273 0.662 0.244 0.598 0.214 0.562 0.219 0.529 0.23 0.506 0.24 0.503 0.287 0.524 0.293 0.565 0.328 0.621 0.315 0.685
0 0.491 0.838 0.473 0.806 0.409 0.838 0.377 0.833 0.354 0.813 0.332 0.777 0.317 0.726 0.314 0.685 0.325 0.623 0.38 0.651 0.421 0.652 0.455 0.64 0.495 0.603 0.517 0.652 0.521 0.698 0.508 0.752 0.485 0.792 0.496 0.828 0.491 0.838
0 0.527 0.699 0.52 0.698 0.515 0.65 0.493 0.601 0.516 0.558 0.525 0.522 0.562 0.526 0.546 0.634 0.553 0.682 0.527 0.699
0 0.8 0.93 0.75 0.918 0.72 0.889 0.698 0.851 0.686 0.761 0.722 0.723 0.743 0.683 0.779 0.676 0.829 0.689 0.864 0.725 0.883 0.774 0.886 0.842 0.871 0.885 0.839 0.918 0.8 0.93
0 0.977 0.926 0.948 0.92 0.923 0.904 0.884 0.856 0.886 0.791 0.864 0.712 0.906 0.708 0.939 0.685 0.999 0.701 0.999 0.919 0.977 0.926
0 0.0 0.698 0.035 0.681 0.043 0.736 0.056 0.772 0.089 0.811 0.129 0.841 0.111 0.87 0.067 0.903 0.0 0.904
0 0.235 0.921 0.195 0.917 0.157 0.896 0.135 0.868 0.128 0.838 0.188 0.837 0.234 0.802 0.268 0.738 0.274 0.664 0.314 0.703 0.331 0.774 0.329 0.817 0.31 0.861 0.288 0.893 0.264 0.912 0.235 0.921
0 0.418 0.909 0.378 0.893 0.35 0.866 0.33 0.819 0.332 0.779 0.363 0.822 0.392 0.838 0.43 0.833 0.474 0.805 0.479 0.82 0.468 0.879 0.448 0.902 0.418 0.909
0 0.598 0.978 0.562 0.969 0.532 0.946 0.504 0.91 0.492 0.871 0.489 0.836 0.494 0.827 0.483 0.805 0.484 0.792 0.507 0.752 0.521 0.694 0.549 0.682 0.602 0.751 0.634 0.765 0.686 0.759 0.691 0.778 0.7 0.862 0.686 0.922 0.652 0.966 0.598 0.978
0 0.235 0.998 0.047 0.998 0.093 0.916 0.12 0.894 0.15 0.889 0.178 0.91 0.206 0.965 0.216 0.964 0.222 0.949 0.235 0.998
0 0.408 0.998 0.247 0.998 0.276 0.936 0.315 0.911 0.347 0.909 0.369 0.918 0.389 0.94 0.408 0.998
0 0.605 0.998 0.428 0.996 0.449 0.936 0.47 0.912 0.498 0.899 0.546 0.96 0.578 0.977 0.603 0.979 0.605 0.998
0 0.787 0.996 0.608 0.996 0.605 0.977 0.655 0.964 0.681 0.931 0.695 0.897 0.76 0.933 0.784 0.971 0.787 0.996
0 0.952 0.998 0.791 0.998 0.782 0.969 0.786 0.935 0.83 0.923 0.861 0.903 0.878 0.906 0.927 0.941 0.952 0.99
