0 0.283 0.423 0.27 0.423 0.26 0.42 0.255 0.413 0.251 0.4 0.25 0.384 0.252 0.373 0.265 0.333 0.282 0.302 0.314 0.257 0.324 0.238 0.352 0.206 0.359 0.19 0.368 0.18 0.391 0.14 0.402 0.128 0.434 0.104 0.512 0.059 0.526 0.055 0.539 0.056 0.564 0.071 0.565 0.074 0.555 0.086 0.527 0.109 0.52 0.12 0.501 0.133 0.492 0.145 0.46 0.173 0.433 0.201 0.415 0.216 0.395 0.24 0.375 0.258 0.363 0.278 0.336 0.317 0.313 0.362 0.305 0.39 0.302 0.412 0.283 0.423
0 0.346 0.445 0.308 0.443 0.302 0.431 0.303 0.395 0.31 0.369 0.333 0.319 0.364 0.276 0.372 0.26 0.394 0.241 0.413 0.218 0.431 0.202 0.453 0.178 0.518 0.119 0.527 0.108 0.556 0.084 0.571 0.065 0.588 0.048 0.605 0.036 0.626 0.028 0.646 0.025 0.659 0.032 0.671 0.053 0.672 0.068 0.671 0.092 0.666 0.112 0.658 0.122 0.656 0.13 0.645 0.148 0.64 0.162 0.632 0.169 0.597 0.215 0.582 0.229 0.557 0.26 0.539 0.287 0.438 0.389 0.392 0.426 0.368 0.438 0.346 0.445
0 0.603 0.446 0.582 0.441 0.545 0.418 0.539 0.41 0.541 0.399 0.554 0.373 0.576 0.348 0.617 0.324 0.662 0.307 0.715 0.297 0.763 0.295 0.815 0.303 0.839 0.302 0.85 0.306 0.863 0.305 0.895 0.311 0.926 0.324 0.949 0.339 0.947 0.342 0.926 0.349 0.845 0.392 0.788 0.412 0.763 0.414 0.758 0.412 0.736 0.414 0.713 0.408 0.637 0.405 0.617 0.414 0.607 0.429 0.603 0.446
0 0.762 0.515 0.704 0.515 0.636 0.486 0.618 0.473 0.61 0.462 0.605 0.448 0.606 0.432 0.617 0.414 0.639 0.407 0.712 0.409 0.728 0.415 0.754 0.414 0.762 0.418 0.787 0.414 0.803 0.406 0.817 0.404 0.844 0.393 0.933 0.344 0.977 0.335 1.0 0.341 1.0 0.424 0.969 0.458 0.879 0.498 0.869 0.498 0.858 0.503 0.821 0.511 0.762 0.515
0 0.308 0.748 0.278 0.748 0.267 0.745 0.254 0.738 0.249 0.729 0.251 0.704 0.256 0.689 0.28 0.652 0.295 0.639 0.385 0.592 0.441 0.572 0.499 0.544 0.564 0.531 0.572 0.534 0.593 0.549 0.593 0.566 0.588 0.587 0.582 0.603 0.566 0.621 0.5 0.673 0.411 0.716 0.394 0.72 0.386 0.725 0.345 0.74 0.308 0.748
0 0.218 0.648 0.19 0.645 0.162 0.637 0.139 0.626 0.128 0.618 0.116 0.602 0.111 0.583 0.111 0.564 0.115 0.55 0.13 0.534 0.141 0.529 0.234 0.528 0.26 0.525 0.272 0.521 0.306 0.521 0.355 0.502 0.395 0.495 0.416 0.495 0.429 0.5 0.447 0.514 0.453 0.524 0.453 0.543 0.45 0.552 0.44 0.565 0.429 0.573 0.377 0.597 0.358 0.603 0.346 0.612 0.321 0.62 0.304 0.631 0.251 0.645 0.236 0.644 0.218 0.648
0 0.394 0.98 0.373 0.977 0.36 0.964 0.351 0.936 0.351 0.924 0.357 0.908 0.375 0.888 0.385 0.882 0.389 0.884 0.396 0.894 0.415 0.903 0.425 0.895 0.432 0.882 0.438 0.862 0.438 0.803 0.454 0.777 0.458 0.775 0.468 0.792 0.474 0.795 0.487 0.794 0.494 0.791 0.499 0.779 0.505 0.757 0.506 0.713 0.509 0.705 0.526 0.687 0.54 0.663 0.567 0.631 0.595 0.62 0.608 0.628 0.616 0.642 0.619 0.658 0.618 0.693 0.61 0.722 0.575 0.801 0.529 0.864 0.498 0.897 0.482 0.91 0.474 0.922 0.425 0.974 0.419 0.977 0.394 0.98
0 0.201 0.99 0.175 0.99 0.145 0.985 0.116 0.984 0.085 0.974 0.055 0.958 0.02 0.926 0.01 0.913 0.002 0.886 0.001 0.864 0.004 0.853 0.01 0.842 0.019 0.835 0.031 0.83 0.052 0.829 0.069 0.836 0.094 0.838 0.131 0.846 0.171 0.858 0.247 0.875 0.264 0.881 0.279 0.896 0.286 0.912 0.287 0.93 0.285 0.94 0.269 0.967 0.264 0.972 0.236 0.986 0.22 0.99 0.201 0.99
0 0.441 0.569 0.439 0.568 0.441 0.563 0.452 0.549 0.453 0.528 0.446 0.514 0.436 0.503 0.421 0.495 0.43 0.458 0.453 0.476 0.461 0.478 0.483 0.478 0.493 0.541 0.492 0.545 0.484 0.552 0.441 0.569
0 0.409 0.901 0.394 0.895 0.382 0.86 0.372 0.824 0.369 0.804 0.367 0.781 0.368 0.754 0.374 0.729 0.4 0.717 0.436 0.706 0.439 0.708 0.437 0.721 0.438 0.738 0.435 0.749 0.434 0.777 0.438 0.831 0.437 0.864 0.43 0.888 0.427 0.891 0.424 0.889 0.414 0.9 0.409 0.901
0 0.0 0.343 0.016 0.301 0.026 0.285 0.061 0.254 0.069 0.259 0.077 0.277 0.09 0.298 0.095 0.313 0.096 0.362 0.091 0.416 0.081 0.47 0.059 0.56 0.048 0.636 0.046 0.672 0.03 0.73 0.003 0.791 0.0 0.794
0 0.941 0.311 0.904 0.309 0.874 0.299 0.835 0.278 0.787 0.244 0.766 0.235 0.737 0.23 0.709 0.234 0.676 0.234 0.658 0.228 0.65 0.219 0.64 0.199 0.641 0.191 0.645 0.185 0.64 0.167 0.643 0.15 0.652 0.134 0.662 0.127 0.674 0.124 0.716 0.127 0.746 0.133 0.775 0.149 0.784 0.15 0.797 0.159 0.813 0.164 0.832 0.165 0.865 0.172 0.895 0.181 0.929 0.196 0.958 0.212 0.986 0.233 0.995 0.249 0.998 0.27 0.998 0.278 0.995 0.286 0.981 0.299 0.96 0.309 0.941 0.311
0 0.842 0.155 0.798 0.149 0.787 0.151 0.761 0.141 0.748 0.133 0.735 0.132 0.705 0.125 0.695 0.12 0.675 0.117 0.67 0.111 0.667 0.103 0.671 0.077 0.669 0.05 0.664 0.043 0.66 0.032 0.68 0.027 0.721 0.026 0.739 0.02 0.779 0.025 0.81 0.018 0.829 0.023 0.861 0.018 0.913 0.022 0.939 0.029 0.957 0.038 0.97 0.049 0.981 0.066 0.983 0.087 0.98 0.104 0.967 0.124 0.949 0.141 0.932 0.142 0.897 0.154 0.861 0.153 0.842 0.155
0 0.634 0.605 0.619 0.605 0.599 0.595 0.591 0.587 0.59 0.575 0.596 0.55 0.609 0.532 0.64 0.507 0.644 0.502 0.66 0.496 0.705 0.514 0.741 0.512 0.757 0.514 0.789 0.513 0.838 0.506 0.891 0.492 0.965 0.458 0.996 0.426 1.0 0.426 1.0 0.501 0.983 0.521 0.966 0.533 0.942 0.54 0.906 0.546 0.878 0.557 0.849 0.559 0.843 0.563 0.815 0.566 0.8 0.572 0.77 0.577 0.712 0.593 0.634 0.605
0 0.769 0.824 0.699 0.823 0.658 0.814 0.637 0.806 0.615 0.8 0.595 0.78 0.59 0.767 0.61 0.719 0.64 0.699 0.656 0.693 0.675 0.707 0.698 0.713 0.773 0.713 0.824 0.701 0.864 0.684 0.906 0.68 0.963 0.687 0.981 0.695 0.986 0.694 1.0 0.713 1.0 0.785 0.981 0.807 0.965 0.815 0.908 0.822 0.85 0.821 0.807 0.824 0.773 0.822 0.769 0.824
0 0.749 0.715 0.697 0.713 0.674 0.707 0.66 0.697 0.642 0.677 0.639 0.662 0.64 0.648 0.658 0.622 0.668 0.612 0.68 0.606 0.714 0.598 0.722 0.593 0.741 0.59 0.785 0.576 0.802 0.574 0.83 0.565 0.84 0.565 0.85 0.559 0.874 0.559 0.908 0.546 0.94 0.539 0.959 0.539 0.967 0.542 0.984 0.553 0.994 0.566 0.997 0.603 1.0 0.61 0.998 0.621 0.994 0.62 0.958 0.653 0.934 0.66 0.927 0.665 0.913 0.667 0.903 0.673 0.894 0.671 0.882 0.682 0.858 0.687 0.83 0.7 0.773 0.714 0.749 0.715
0 0.159 0.84 0.085 0.835 0.039 0.826 0.012 0.806 0.009 0.797 0.005 0.793 0.003 0.794 0.003 0.788 0.034 0.717 0.042 0.712 0.075 0.703 0.1 0.704 0.128 0.71 0.165 0.726 0.203 0.73 0.249 0.732 0.254 0.737 0.281 0.75 0.288 0.796 0.293 0.801 0.299 0.801 0.325 0.787 0.343 0.769 0.345 0.77 0.345 0.782 0.335 0.804 0.318 0.818 0.302 0.826 0.26 0.838 0.189 0.836 0.159 0.84
0 0.619 0.999 0.518 0.997 0.515 0.993 0.489 0.983 0.465 0.962 0.461 0.953 0.462 0.94 0.477 0.914 0.504 0.889 0.531 0.859 0.54 0.855 0.545 0.847 0.552 0.841 0.581 0.834 0.772 0.837 0.786 0.84 0.811 0.838 0.842 0.842 0.865 0.851 0.875 0.859 0.884 0.872 0.891 0.892 0.893 0.916 0.89 0.929 0.878 0.946 0.857 0.965 0.794 0.987 0.767 0.991 0.755 0.997 0.619 0.999
0 0.364 0.502 0.357 0.501 0.355 0.491 0.368 0.437 0.397 0.422 0.415 0.407 0.417 0.41 0.418 0.435 0.422 0.446 0.429 0.456 0.428 0.467 0.421 0.495 0.419 0.497 0.373 0.499 0.364 0.502
0 0.252 0.734 0.235 0.729 0.209 0.732 0.171 0.727 0.132 0.71 0.092 0.702 0.071 0.702 0.035 0.713 0.045 0.671 0.049 0.616 0.059 0.555 0.068 0.56 0.08 0.56 0.106 0.561 0.113 0.558 0.111 0.581 0.119 0.605 0.134 0.621 0.164 0.637 0.211 0.647 0.228 0.646 0.231 0.644 0.25 0.645 0.276 0.637 0.283 0.651 0.279 0.653 0.279 0.658 0.272 0.665 0.254 0.694 0.249 0.723 0.252 0.734
0 0.114 0.551 0.106 0.548 0.093 0.535 0.088 0.525 0.086 0.506 0.087 0.495 0.102 0.475 0.114 0.466 0.148 0.452 0.189 0.443 0.25 0.414 0.271 0.422 0.286 0.421 0.302 0.414 0.303 0.432 0.309 0.442 0.337 0.444 0.323 0.461 0.308 0.475 0.292 0.485 0.281 0.497 0.257 0.512 0.247 0.521 0.213 0.528 0.163 0.527 0.137 0.53 0.124 0.539 0.114 0.551
0 0.174 0.408 0.139 0.403 0.119 0.391 0.106 0.378 0.095 0.352 0.101 0.344 0.104 0.335 0.115 0.322 0.146 0.303 0.177 0.288 0.213 0.277 0.237 0.264 0.254 0.259 0.298 0.234 0.315 0.213 0.325 0.206 0.336 0.186 0.351 0.17 0.362 0.161 0.382 0.154 0.373 0.171 0.36 0.189 0.351 0.209 0.342 0.216 0.327 0.235 0.314 0.258 0.303 0.271 0.271 0.321 0.254 0.365 0.248 0.391 0.217 0.403 0.174 0.408
0 0.095 0.203 0.069 0.201 0.051 0.192 0.028 0.169 0.028 0.148 0.03 0.133 0.034 0.124 0.051 0.1 0.09 0.07 0.117 0.055 0.162 0.042 0.226 0.03 0.259 0.027 0.262 0.024 0.298 0.023 0.313 0.019 0.348 0.019 0.396 0.029 0.409 0.034 0.429 0.046 0.442 0.065 0.442 0.091 0.429 0.107 0.409 0.122 0.373 0.138 0.347 0.153 0.322 0.16 0.288 0.164 0.257 0.174 0.245 0.176 0.206 0.19 0.167 0.199 0.139 0.203 0.095 0.203
0 0.102 0.337 0.095 0.335 0.093 0.306 0.075 0.272 0.07 0.256 0.101 0.242 0.114 0.231 0.159 0.204 0.265 0.17 0.278 0.168 0.298 0.175 0.326 0.199 0.326 0.204 0.317 0.213 0.308 0.227 0.297 0.236 0.258 0.257 0.218 0.275 0.175 0.289 0.146 0.303 0.116 0.322 0.102 0.337
0 0.472 0.48 0.455 0.478 0.429 0.46 0.424 0.452 0.419 0.435 0.416 0.422 0.417 0.407 0.49 0.336 0.54 0.284 0.545 0.274 0.555 0.266 0.558 0.259 0.562 0.258 0.563 0.253 0.579 0.239 0.578 0.25 0.568 0.282 0.564 0.289 0.556 0.315 0.538 0.353 0.525 0.406 0.513 0.427 0.503 0.459 0.498 0.469 0.491 0.475 0.472 0.48
0 0.498 0.547 0.491 0.546 0.491 0.499 0.498 0.468 0.508 0.444 0.513 0.424 0.522 0.413 0.526 0.404 0.533 0.382 0.534 0.367 0.539 0.349 0.552 0.323 0.562 0.294 0.568 0.289 0.576 0.307 0.58 0.324 0.581 0.342 0.583 0.344 0.563 0.362 0.545 0.385 0.541 0.396 0.54 0.407 0.544 0.419 0.551 0.427 0.56 0.432 0.57 0.431 0.576 0.438 0.582 0.442 0.58 0.443 0.579 0.451 0.574 0.535 0.554 0.532 0.547 0.536 0.507 0.543 0.498 0.547
0 0.1 0.477 0.079 0.477 0.081 0.473 0.083 0.44 0.092 0.401 0.097 0.358 0.107 0.378 0.115 0.388 0.13 0.399 0.148 0.406 0.164 0.408 0.206 0.406 0.251 0.391 0.253 0.411 0.187 0.443 0.159 0.448 0.12 0.463 0.101 0.473 0.1 0.477
0 0.32 0.94 0.288 0.938 0.286 0.915 0.282 0.902 0.275 0.891 0.265 0.882 0.244 0.875 0.142 0.851 0.104 0.838 0.159 0.84 0.169 0.837 0.201 0.836 0.249 0.84 0.287 0.834 0.318 0.821 0.336 0.807 0.343 0.799 0.348 0.779 0.348 0.77 0.365 0.77 0.367 0.774 0.371 0.819 0.384 0.87 0.384 0.878 0.363 0.9 0.356 0.911 0.349 0.938 0.32 0.94
0 0.583 0.344 0.58 0.322 0.57 0.289 0.573 0.282 0.595 0.27 0.601 0.272 0.613 0.268 0.626 0.257 0.646 0.253 0.653 0.248 0.729 0.241 0.743 0.232 0.767 0.235 0.778 0.24 0.845 0.285 0.882 0.302 0.902 0.309 0.875 0.308 0.863 0.304 0.845 0.305 0.838 0.302 0.815 0.302 0.785 0.299 0.773 0.296 0.697 0.299 0.638 0.314 0.601 0.332 0.583 0.344
0 0.952 0.208 0.896 0.18 0.867 0.171 0.875 0.168 0.876 0.164 0.879 0.165 0.884 0.159 0.932 0.143 0.947 0.141 0.955 0.148 0.961 0.168 0.959 0.184 0.952 0.208
0 0.605 0.541 0.593 0.524 0.584 0.52 0.574 0.519 0.578 0.478 0.585 0.47 0.597 0.465 0.609 0.466 0.616 0.469 0.627 0.481 0.651 0.491 0.655 0.499 0.644 0.503 0.619 0.522 0.605 0.541
0 0.592 0.563 0.589 0.548 0.583 0.541 0.579 0.54 0.576 0.532 0.579 0.524 0.582 0.521 0.594 0.527 0.603 0.542 0.592 0.563
0 0.648 0.69 0.631 0.69 0.618 0.678 0.617 0.651 0.613 0.636 0.608 0.629 0.612 0.604 0.616 0.603 0.629 0.606 0.653 0.6 0.671 0.6 0.682 0.606 0.678 0.606 0.662 0.618 0.641 0.646 0.639 0.653 0.639 0.664 0.641 0.672 0.651 0.686 0.648 0.69
0 0.873 0.86 0.863 0.851 0.842 0.842 0.827 0.84 0.752 0.838 0.713 0.838 0.708 0.842 0.699 0.838 0.665 0.839 0.615 0.833 0.615 0.838 0.611 0.835 0.586 0.835 0.566 0.84 0.565 0.83 0.57 0.821 0.59 0.8 0.599 0.794 0.609 0.795 0.622 0.805 0.643 0.807 0.649 0.812 0.663 0.813 0.699 0.824 0.74 0.821 0.756 0.824 0.776 0.822 0.909 0.822 0.91 0.827 0.906 0.833 0.873 0.86
0 0.883 0.861 0.878 0.86 0.874 0.855 0.882 0.854 0.904 0.836 0.909 0.829 0.909 0.822 0.962 0.816 0.975 0.808 0.979 0.813 0.978 0.822 0.974 0.828 0.946 0.847 0.915 0.86 0.889 0.859 0.883 0.861
0 0.446 0.779 0.437 0.779 0.433 0.772 0.438 0.707 0.441 0.707 0.446 0.737 0.456 0.765 0.455 0.774 0.452 0.778 0.446 0.779
0 0.1 0.561 0.062 0.559 0.061 0.55 0.066 0.531 0.08 0.516 0.086 0.516 0.098 0.54 0.114 0.551 0.114 0.559 0.1 0.561
0 0.225 0.529 0.223 0.527 0.252 0.517 0.283 0.495 0.298 0.48 0.337 0.478 0.352 0.474 0.357 0.481 0.355 0.49 0.356 0.497 0.352 0.504 0.34 0.507 0.332 0.513 0.321 0.514 0.306 0.521 0.272 0.522 0.225 0.529
0 0.579 0.275 0.574 0.275 0.57 0.268 0.578 0.245 0.578 0.234 0.611 0.194 0.627 0.185 0.642 0.186 0.644 0.189 0.641 0.198 0.65 0.217 0.659 0.228 0.667 0.232 0.707 0.233 0.729 0.23 0.742 0.232 0.739 0.237 0.732 0.241 0.696 0.243 0.692 0.246 0.654 0.249 0.651 0.252 0.635 0.253 0.626 0.257 0.612 0.269 0.579 0.275
0 0.621 0.188 0.618 0.185 0.64 0.163 0.646 0.184 0.643 0.186 0.632 0.185 0.621 0.18
