0 0.124 0.499 0.109 0.497 0.099 0.492 0.083 0.471 0.072 0.443 0.074 0.424 0.088 0.394 0.101 0.38 0.118 0.372 0.133 0.376 0.155 0.4 0.162 0.392 0.166 0.394 0.166 0.399 0.158 0.404 0.172 0.429 0.175 0.441 0.172 0.461 0.162 0.48 0.144 0.492 0.124 0.499
0 0.282 0.494 0.266 0.491 0.239 0.47 0.226 0.449 0.218 0.421 0.218 0.399 0.225 0.382 0.246 0.36 0.26 0.352 0.28 0.35 0.296 0.359 0.314 0.381 0.322 0.401 0.325 0.417 0.327 0.431 0.325 0.451 0.316 0.476 0.307 0.486 0.282 0.494
0 0.281 0.728 0.263 0.727 0.25 0.723 0.234 0.711 0.204 0.668 0.195 0.647 0.191 0.626 0.193 0.609 0.198 0.593 0.222 0.555 0.233 0.544 0.252 0.532 0.278 0.524 0.306 0.528 0.321 0.54 0.328 0.549 0.34 0.573 0.344 0.59 0.347 0.614 0.347 0.639 0.343 0.661 0.333 0.689 0.325 0.7 0.303 0.72 0.292 0.726 0.281 0.728
0 0.932 0.646 0.906 0.642 0.876 0.62 0.853 0.592 0.837 0.559 0.832 0.527 0.835 0.507 0.848 0.481 0.871 0.456 0.89 0.448 0.913 0.446 0.934 0.448 0.952 0.454 0.98 0.474 0.998 0.503 0.999 0.592 0.996 0.592 0.987 0.613 0.973 0.63 0.952 0.642 0.932 0.646
0 0.557 0.732 0.54 0.726 0.523 0.712 0.502 0.684 0.489 0.655 0.485 0.639 0.485 0.621 0.489 0.596 0.5 0.569 0.517 0.548 0.516 0.546 0.5 0.546 0.498 0.543 0.5 0.537 0.522 0.542 0.548 0.532 0.576 0.534 0.587 0.538 0.599 0.548 0.609 0.563 0.625 0.601 0.628 0.618 0.628 0.646 0.608 0.703 0.586 0.72 0.557 0.732
0 0.416 0.554 0.408 0.551 0.401 0.546 0.384 0.522 0.37 0.485 0.367 0.453 0.371 0.43 0.382 0.409 0.403 0.395 0.423 0.394 0.424 0.385 0.427 0.381 0.43 0.384 0.428 0.395 0.455 0.398 0.471 0.412 0.481 0.435 0.483 0.463 0.478 0.494 0.464 0.531 0.458 0.539 0.446 0.546 0.416 0.554
0 0.472 0.412 0.455 0.398 0.428 0.395 0.43 0.386 0.429 0.382 0.425 0.384 0.424 0.394 0.404 0.394 0.395 0.363 0.396 0.353 0.402 0.338 0.418 0.314 0.44 0.301 0.456 0.301 0.468 0.309 0.478 0.331 0.484 0.335 0.482 0.34 0.488 0.364 0.489 0.385 0.484 0.399 0.472 0.412
0 0.56 0.52 0.534 0.518 0.52 0.51 0.512 0.498 0.507 0.485 0.501 0.455 0.504 0.426 0.515 0.405 0.53 0.395 0.554 0.393 0.556 0.388 0.577 0.392 0.588 0.403 0.598 0.424 0.603 0.453 0.588 0.477 0.582 0.508 0.571 0.518 0.56 0.52
0 0.674 0.617 0.647 0.614 0.625 0.599 0.612 0.567 0.588 0.533 0.584 0.508 0.587 0.481 0.595 0.463 0.614 0.444 0.649 0.432 0.674 0.434 0.684 0.44 0.697 0.452 0.715 0.484 0.721 0.519 0.716 0.57 0.709 0.587 0.7 0.599 0.684 0.612 0.674 0.617
0 0.725 0.472 0.71 0.472 0.69 0.446 0.68 0.437 0.668 0.432 0.667 0.422 0.671 0.403 0.662 0.41 0.659 0.408 0.66 0.403 0.672 0.397 0.676 0.368 0.684 0.349 0.692 0.34 0.702 0.336 0.726 0.336 0.753 0.348 0.774 0.37 0.782 0.391 0.782 0.401 0.777 0.435 0.77 0.46 0.757 0.469 0.725 0.47
