0 0.0 0.09 0.057 0.024 0.096 0.001 0.114 0.002 0.114 0.013 0.11 0.023 0.093 0.05 0.09 0.063 0.065 0.102 0.032 0.177 0.007 0.227 0.004 0.232 0.0 0.232
0 0.011 0.632 0.002 0.632 0.002 0.237 0.039 0.163 0.062 0.108 0.088 0.064 0.09 0.054 0.099 0.04 0.118 0.002 0.194 0.001 0.196 0.016 0.196 0.04 0.194 0.057 0.188 0.083 0.174 0.131 0.171 0.159 0.163 0.171 0.144 0.241 0.144 0.256 0.135 0.274 0.114 0.331 0.11 0.353 0.076 0.441 0.058 0.5 0.057 0.512 0.041 0.528 0.043 0.539 0.042 0.548 0.024 0.592 0.011 0.632
0 0.0 0.808 0.019 0.772 0.037 0.744 0.11 0.602 0.118 0.595 0.127 0.593 0.149 0.609 0.162 0.623 0.174 0.651 0.176 0.683 0.169 0.707 0.156 0.732 0.153 0.753 0.128 0.822 0.126 0.839 0.118 0.849 0.109 0.872 0.105 0.886 0.102 0.921 0.089 0.958 0.07 0.998 0.0 0.991
0 0.202 0.998 0.077 0.998 0.073 0.998 0.073 0.99 0.091 0.955 0.103 0.92 0.11 0.911 0.127 0.9 0.193 0.865 0.228 0.835 0.244 0.834 0.253 0.829 0.269 0.833 0.29 0.877 0.296 0.885 0.295 0.886 0.301 0.9 0.306 0.924 0.304 0.944 0.282 0.962 0.233 0.996 0.202 0.998
0 0.385 0.786 0.376 0.78 0.365 0.779 0.355 0.771 0.349 0.765 0.34 0.748 0.332 0.702 0.332 0.662 0.334 0.632 0.345 0.57 0.351 0.517 0.362 0.471 0.375 0.395 0.395 0.331 0.404 0.324 0.419 0.321 0.434 0.329 0.448 0.349 0.452 0.361 0.457 0.39 0.452 0.495 0.449 0.521 0.451 0.545 0.45 0.583 0.444 0.638 0.443 0.687 0.435 0.728 0.418 0.759 0.4 0.78 0.389 0.78 0.385 0.786
0 0.277 0.422 0.252 0.412 0.242 0.403 0.234 0.393 0.221 0.364 0.221 0.326 0.225 0.31 0.237 0.284 0.253 0.265 0.273 0.252 0.305 0.244 0.329 0.245 0.398 0.273 0.408 0.28 0.424 0.297 0.425 0.322 0.411 0.322 0.397 0.33 0.383 0.364 0.369 0.413 0.327 0.417 0.316 0.421 0.277 0.422
0 0.201 0.371 0.176 0.371 0.158 0.363 0.144 0.342 0.137 0.32 0.133 0.301 0.135 0.278 0.145 0.255 0.159 0.234 0.212 0.191 0.262 0.162 0.298 0.146 0.324 0.126 0.355 0.107 0.402 0.064 0.417 0.054 0.439 0.053 0.448 0.06 0.458 0.075 0.464 0.095 0.471 0.105 0.47 0.141 0.446 0.16 0.423 0.187 0.409 0.211 0.382 0.267 0.331 0.247 0.312 0.246 0.271 0.254 0.255 0.265 0.236 0.286 0.223 0.32 0.219 0.342 0.222 0.349 0.22 0.358 0.216 0.363 0.201 0.371
0 0.674 0.0 0.677 0.008 0.669 0.048 0.666 0.107 0.662 0.131 0.657 0.147 0.647 0.167 0.645 0.179 0.61 0.266 0.552 0.387 0.536 0.425 0.523 0.447 0.514 0.455 0.478 0.46 0.463 0.436 0.459 0.425 0.456 0.378 0.458 0.364 0.468 0.329 0.492 0.277 0.496 0.262 0.51 0.225 0.518 0.196 0.525 0.182 0.538 0.13 0.543 0.12 0.554 0.078 0.577 0.02 0.58 0.005 0.58 0.0
0 0.461 0.955 0.446 0.952 0.443 0.927 0.432 0.899 0.437 0.889 0.437 0.856 0.44 0.823 0.452 0.558 0.462 0.505 0.475 0.476 0.481 0.467 0.492 0.459 0.513 0.456 0.536 0.47 0.547 0.489 0.554 0.513 0.557 0.551 0.557 0.585 0.556 0.647 0.551 0.71 0.522 0.895 0.51 0.904 0.5 0.904 0.49 0.909 0.474 0.936 0.47 0.95 0.461 0.955
0 0.642 0.994 0.565 0.994 0.544 0.913 0.547 0.895 0.555 0.869 0.597 0.776 0.617 0.744 0.624 0.728 0.667 0.669 0.677 0.647 0.697 0.614 0.698 0.607 0.708 0.601 0.732 0.575 0.738 0.566 0.743 0.547 0.759 0.519 0.772 0.514 0.78 0.516 0.785 0.508 0.8 0.497 0.817 0.472 0.826 0.462 0.837 0.455 0.841 0.456 0.845 0.47 0.852 0.523 0.854 0.61 0.836 0.636 0.818 0.67 0.815 0.671 0.809 0.68 0.798 0.703 0.792 0.706 0.784 0.724 0.774 0.737 0.764 0.76 0.751 0.781 0.716 0.864 0.699 0.893 0.677 0.939 0.642 0.994
0 0.895 0.0 0.908 0.023 0.916 0.064 0.917 0.152 0.924 0.246 0.923 0.282 0.925 0.294 0.926 0.35 0.93 0.397 0.946 0.489 0.947 0.519 0.955 0.58 0.955 0.6 0.951 0.624 0.948 0.63 0.934 0.642 0.909 0.632 0.886 0.632 0.881 0.629 0.873 0.617 0.865 0.597 0.855 0.553 0.844 0.452 0.829 0.337 0.824 0.247 0.825 0.061 0.831 0.015 0.831 0.0
0 0.767 0.519 0.747 0.519 0.735 0.498 0.728 0.474 0.724 0.426 0.721 0.224 0.722 0.211 0.726 0.205 0.728 0.173 0.739 0.115 0.738 0.065 0.734 0.045 0.732 0.018 0.729 0.0 0.831 0.0 0.83 0.024 0.826 0.055 0.826 0.137 0.822 0.182 0.823 0.289 0.826 0.327 0.825 0.345 0.821 0.363 0.817 0.452 0.811 0.476 0.795 0.501 0.787 0.507 0.78 0.504 0.776 0.514 0.767 0.519
0 0.609 0.585 0.597 0.584 0.579 0.572 0.569 0.561 0.56 0.542 0.547 0.486 0.546 0.451 0.548 0.428 0.546 0.421 0.549 0.419 0.555 0.385 0.573 0.345 0.608 0.3 0.622 0.297 0.634 0.332 0.635 0.401 0.632 0.423 0.634 0.43 0.631 0.433 0.629 0.448 0.633 0.472 0.643 0.492 0.643 0.546 0.64 0.554 0.631 0.564 0.62 0.581 0.609 0.585
0 0.227 0.735 0.224 0.734 0.218 0.718 0.207 0.704 0.197 0.697 0.183 0.694 0.18 0.667 0.183 0.646 0.181 0.592 0.187 0.565 0.202 0.543 0.216 0.535 0.24 0.534 0.258 0.543 0.271 0.561 0.279 0.586 0.28 0.619 0.274 0.646 0.247 0.688 0.242 0.709 0.242 0.728 0.227 0.735
0 0.179 0.624 0.166 0.622 0.143 0.602 0.124 0.592 0.116 0.597 0.099 0.618 0.09 0.616 0.069 0.591 0.056 0.564 0.05 0.563 0.039 0.57 0.039 0.558 0.045 0.546 0.04 0.525 0.056 0.513 0.058 0.507 0.057 0.502 0.061 0.495 0.065 0.498 0.062 0.508 0.066 0.509 0.076 0.495 0.094 0.481 0.109 0.477 0.144 0.477 0.17 0.484 0.18 0.496 0.199 0.536 0.198 0.55 0.183 0.583 0.181 0.623 0.179 0.624
0 0.916 0.809 0.883 0.809 0.872 0.805 0.845 0.783 0.827 0.765 0.819 0.753 0.812 0.727 0.812 0.696 0.819 0.67 0.837 0.64 0.854 0.629 0.866 0.628 0.876 0.631 0.888 0.625 0.898 0.624 0.909 0.628 0.928 0.64 0.94 0.643 0.954 0.664 0.962 0.684 0.968 0.705 0.969 0.74 0.967 0.757 0.96 0.774 0.948 0.792 0.933 0.803 0.916 0.809
0 0.303 0.809 0.28 0.802 0.266 0.79 0.256 0.774 0.25 0.754 0.247 0.738 0.247 0.705 0.252 0.685 0.261 0.668 0.301 0.615 0.307 0.599 0.319 0.593 0.341 0.593 0.334 0.613 0.335 0.657 0.333 0.671 0.333 0.688 0.337 0.735 0.348 0.761 0.348 0.772 0.342 0.783 0.322 0.8 0.303 0.809
0 0.984 0.992 0.858 0.992 0.85 0.984 0.841 0.966 0.829 0.952 0.827 0.908 0.828 0.888 0.853 0.844 0.85 0.827 0.861 0.829 0.875 0.819 0.893 0.815 0.929 0.816 0.945 0.825 0.966 0.839 0.974 0.848 0.983 0.852 0.984 0.992
0 0.262 0.542 0.246 0.53 0.235 0.526 0.214 0.527 0.2 0.535 0.194 0.53 0.186 0.517 0.175 0.489 0.169 0.467 0.169 0.436 0.165 0.411 0.175 0.372 0.194 0.373 0.217 0.361 0.223 0.368 0.23 0.387 0.24 0.403 0.259 0.418 0.275 0.425 0.285 0.437 0.292 0.463 0.291 0.496 0.283 0.52 0.275 0.531 0.262 0.542
0 0.727 0.0 0.733 0.008 0.733 0.029 0.738 0.052 0.741 0.084 0.74 0.108 0.738 0.138 0.733 0.149 0.73 0.165 0.728 0.234 0.726 0.249 0.726 0.418 0.716 0.533 0.709 0.565 0.705 0.54 0.693 0.515 0.67 0.497 0.645 0.497 0.641 0.494 0.633 0.471 0.64 0.425 0.64 0.407 0.643 0.389 0.648 0.384 0.648 0.363 0.652 0.343 0.654 0.301 0.663 0.244 0.665 0.212 0.671 0.185 0.67 0.094 0.664 0.079 0.668 0.052 0.668 0.033 0.678 0.0
0 0.544 0.88 0.536 0.879 0.542 0.838 0.545 0.778 0.553 0.734 0.556 0.709 0.556 0.675 0.562 0.643 0.575 0.631 0.593 0.604 0.599 0.589 0.616 0.585 0.632 0.567 0.639 0.551 0.641 0.535 0.639 0.505 0.648 0.498 0.658 0.494 0.673 0.495 0.683 0.502 0.7 0.523 0.706 0.54 0.709 0.556 0.709 0.572 0.705 0.6 0.697 0.607 0.689 0.618 0.682 0.635 0.664 0.662 0.658 0.678 0.632 0.716 0.625 0.737 0.591 0.789 0.581 0.818 0.567 0.841 0.562 0.857 0.554 0.864 0.544 0.88
0 0.392 0.0 0.397 0.009 0.401 0.027 0.4 0.042 0.397 0.055 0.387 0.07 0.374 0.079 0.361 0.083 0.338 0.081 0.328 0.072 0.322 0.062 0.318 0.044 0.319 0.026 0.325 0.01 0.333 0.0
0 0.426 0.295 0.389 0.264 0.394 0.255 0.412 0.205 0.43 0.179 0.444 0.168 0.45 0.157 0.464 0.14 0.483 0.124 0.503 0.116 0.51 0.116 0.523 0.12 0.531 0.129 0.538 0.134 0.531 0.162 0.53 0.173 0.521 0.188 0.516 0.207 0.504 0.233 0.493 0.238 0.48 0.249 0.466 0.252 0.461 0.262 0.449 0.269 0.426 0.295
0 0.32 0.0 0.322 0.004 0.314 0.021 0.313 0.042 0.322 0.07 0.308 0.083 0.308 0.087 0.298 0.089 0.279 0.1 0.206 0.167 0.198 0.18 0.187 0.211 0.173 0.212 0.16 0.202 0.155 0.195 0.169 0.165 0.173 0.116 0.185 0.084 0.186 0.075 0.192 0.076 0.201 0.07 0.209 0.061 0.223 0.05 0.235 0.034 0.252 0.03 0.29 0.
