0 0.039 0.488 0.024 0.472 0.002 0.437 0.002 0.265 0.01 0.249 0.028 0.227 0.063 0.197 0.078 0.187 0.11 0.171 0.158 0.171 0.185 0.179 0.217 0.195 0.239 0.213 0.256 0.236 0.265 0.254 0.277 0.285 0.28 0.311 0.28 0.343 0.274 0.376 0.252 0.429 0.229 0.417 0.209 0.411 0.185 0.41 0.153 0.415 0.115 0.429 0.085 0.446 0.06 0.467 0.039 0.488
0 0.0 0.546 0.018 0.515 0.053 0.473 0.068 0.459 0.103 0.435 0.133 0.421 0.176 0.41 0.206 0.41 0.226 0.416 0.256 0.434 0.286 0.465 0.298 0.487 0.305 0.515 0.319 0.525 0.328 0.541 0.337 0.565 0.346 0.599 0.35 0.671 0.35 0.708 0.344 0.75 0.332 0.792 0.319 0.821 0.3 0.85 0.273 0.879 0.255 0.893 0.227 0.907 0.208 0.912 0.171 0.913 0.107 0.896 0.072 0.879 0.043 0.859 0.027 0.845 0.0 0.811
0 0.376 0.659 0.365 0.658 0.356 0.651 0.352 0.632 0.352 0.609 0.33 0.544 0.319 0.523 0.305 0.515 0.3 0.489 0.294 0.477 0.279 0.456 0.253 0.43 0.298 0.318 0.31 0.301 0.324 0.294 0.329 0.294 0.328 0.3 0.382 0.316 0.427 0.333 0.44 0.335 0.449 0.341 0.476 0.377 0.494 0.421 0.502 0.452 0.504 0.487 0.501 0.534 0.496 0.561 0.454 0.59 0.392 0.652 0.376 0.659
0 0.434 0.311 0.408 0.308 0.322 0.281 0.305 0.271 0.284 0.253 0.257 0.218 0.242 0.183 0.235 0.158 0.231 0.137 0.231 0.107 0.234 0.081 0.243 0.049 0.256 0.023 0.272 0.001 0.563 0.001 0.591 0.028 0.611 0.057 0.618 0.074 0.624 0.096 0.627 0.118 0.627 0.15 0.619 0.186 0.6 0.194 0.574 0.211 0.555 0.229 0.526 0.266 0.51 0.3 0.47 0.308 0.434 0.311
0 0.273 0.0 0.253 0.028 0.242 0.052 0.235 0.079 0.229 0.112 0.2 0.104 0.155 0.076 0.135 0.055 0.109 0.017 0.102 0.0
0 0.672 0.564 0.636 0.563 0.609 0.556 0.575 0.54 0.558 0.524 0.524 0.474 0.51 0.446 0.498 0.403 0.496 0.367 0.503 0.323 0.517 0.284 0.535 0.253 0.558 0.225 0.591 0.199 0.615 0.187 0.65 0.176 0.695 0.171 0.727 0.177 0.759 0.191 0.78 0.211 0.802 0.237 0.813 0.255 0.826 0.291 0.832 0.329 0.833 0.361 0.83 0.384 0.821 0.417 0.805 0.455 0.785 0.485 0.756 0.517 0.729 0.539 0.694 0.559 0.672 0.564
0 0.591 0.997 0.354 0.997 0.344 0.978 0.331 0.946 0.324 0.918 0.319 0.875 0.325 0.837 0.34 0.789 0.358 0.714 0.364 0.699 0.382 0.671 0.431 0.612 0.459 0.587 0.533 0.54 0.558 0.534 0.57 0.535 0.605 0.554 0.626 0.582 0.644 0.627 0.648 0.644 0.657 0.714 0.66 0.781 0.657 0.817 0.651 0.858 0.642 0.894 0.625 0.94 0.591 0.997
0 0.834 0.923 0.801 0.923 0.753 0.909 0.727 0.893 0.692 0.856 0.67 0.818 0.66 0.787 0.658 0.719 0.652 0.661 0.674 0.595 0.693 0.559 0.742 0.529 0.791 0.476 0.839 0.462 0.871 0.464 0.902 0.472 0.935 0.489 0.958 0.509 0.989 0.55 1.0 0.573 1.0 0.677 0.989 0.734 0.985 0.743 0.981 0.772 0.975 0.793 0.959 0.828 0.946 0.853 0.91 0.894 0.891 0.907 0.869 0.917 0.834 0.923
0 0.89 0.0 0.906 0.027 0.912 0.047 0.87 0.114 0.862 0.152 0.856 0.227 0.841 0.248 0.818 0.263 0.815 0.262 0.802 0.237 0.777 0.208 0.761 0.192 0.74 0.182 0.714 0.174 0.686 0.172 0.659 0.174 0.62 0.185 0.625 0.161 0.627 0.134 0.624 0.1 0.62 0.081 0.608 0.054 0.595 0.034 0.572 0.009 0.577 0.0
0 0.999 0.439 0.995 0.432 0.982 0.424 0.968 0.421 0.947 0.405 0.918 0.374 0.894 0.338 0.877 0.305 0.868 0.282 0.859 0.243 0.857 0.223 0.864 0.142 0.872 0.108 0.919 0.037 0.959 0.001 1.0 0.001 0.999 0.43
