0 0.287 0.985 0.256 0.978 0.257 0.926 0.236 0.88 0.236 0.847 0.243 0.814 0.259 0.784 0.301 0.768 0.337 0.798 0.352 0.839 0.311 0.882 0.303 0.921 0.308 0.974 0.287 0.985
0 0.287 0.674 0.251 0.668 0.234 0.644 0.224 0.611 0.227 0.541 0.248 0.492 0.272 0.486 0.296 0.497 0.314 0.519 0.325 0.554 0.321 0.624 0.287 0.674
0 0.352 0.795 0.334 0.792 0.3 0.762 0.293 0.737 0.293 0.687 0.306 0.652 0.357 0.625 0.388 0.668 0.396 0.722 0.381 0.77 0.352 0.795
0 0.416 0.435 0.386 0.429 0.364 0.382 0.368 0.299 0.396 0.264 0.415 0.265 0.453 0.291 0.464 0.325 0.464 0.367 0.456 0.403 0.416 0.435
0 0.38 0.2 0.355 0.19 0.325 0.139 0.325 0.085 0.345 0.055 0.391 0.048 0.42 0.079 0.421 0.128 0.416 0.154 0.4 0.186 0.38 0.2
0 0.186 0.368 0.153 0.362 0.125 0.324 0.119 0.295 0.119 0.241 0.132 0.205 0.179 0.209 0.219 0.242 0.233 0.296 0.231 0.335 0.212 0.361 0.186 0.368
0 0.159 0.209 0.137 0.203 0.126 0.131 0.126 0.072 0.143 0.045 0.191 0.069 0.211 0.117 0.205 0.176 0.187 0.204 0.159 0.209
0 0.317 0.225 0.27 0.225 0.251 0.165 0.221 0.152 0.229 0.113 0.261 0.073 0.305 0.099 0.318 0.138 0.317 0.225
0 0.351 0.323 0.305 0.303 0.287 0.257 0.286 0.196 0.305 0.165 0.333 0.161 0.372 0.223 0.379 0.248 0.377 0.281 0.361 0.316 0.351 0.323
0 0.485 0.18 0.468 0.152 0.442 0.136 0.449 0.076 0.458 0.061 0.479 0.049 0.503 0.067 0.512 0.096 0.507 0.153 0.485 0.18
0 0.441 0.28 0.395 0.262 0.382 0.231 0.382 0.204 0.401 0.187 0.423 0.134 0.469 0.152 0.486 0.192 0.477 0.246 0.441 0.28
0 0.259 0.319 0.235 0.301 0.203 0.22 0.203 0.185 0.22 0.156 0.252 0.163 0.289 0.268 0.287 0.293 0.259 0.319
0 0.43 0.611 0.416 0.608 0.39 0.577 0.377 0.53 0.374 0.491 0.386 0.457 0.433 0.424 0.461 0.449 0.471 0.481 0.475 0.533 0.459 0.589 0.43 0.611
0 0.353 0.997 0.318 0.995 0.301 0.954 0.301 0.914 0.323 0.857 0.36 0.839 0.382 0.865 0.386 0.922 0.363 0.99 0.353 0.997
0 0.246 0.998 0.124 0.998 0.123 0.961 0.132 0.924 0.149 0.896 0.191 0.901 0.205 0.884 0.23 0.876 0.249 0.894 0.26 0.935 0.257 0.974 0.246 0.998
0 0.509 0.965 0.488 0.96 0.472 0.94 0.459 0.903 0.457 0.865 0.467 0.812 0.48 0.784 0.498 0.766 0.522 0.764 0.543 0.794 0.553 0.864 0.537 0.936 0.509 0.965
0 0.507 0.564 0.481 0.534 0.471 0.505 0.471 0.469 0.485 0.415 0.502 0.394 0.518 0.389 0.555 0.423 0.557 0.492 0.529 0.551 0.507 0.564
0 0.495 0.67 0.463 0.649 0.441 0.605 0.468 0.566 0.474 0.508 0.495 0.556 0.526 0.556 0.529 0.623 0.513 0.66 0.495 0.67
0 0.61 0.799 0.58 0.787 0.566 0.769 0.547 0.711 0.557 0.67 0.602 0.652 0.616 0.663 0.633 0.694 0.643 0.722 0.642 0.754 0.631 0.782 0.61 0.799
0 0.573 0.659 0.539 0.626 0.526 0.556 0.557 0.493 0.585 0.487 0.61 0.523 0.615 0.567 0.606 0.64 0.573 0.659
0 0.584 0.332 0.564 0.31 0.559 0.264 0.584 0.194 0.611 0.186 0.634 0.225 0.635 0.278 0.616 0.316 0.584 0.332
0 0.601 0.494 0.579 0.485 0.56 0.457 0.544 0.408 0.55 0.366 0.58 0.332 0.612 0.333 0.626 0.355 0.629 0.459 0.616 0.485 0.601 0.494
0 0.677 0.937 0.66 0.937 0.65 0.925 0.629 0.808 0.629 0.782 0.639 0.755 0.673 0.728 0.688 0.729 0.709 0.753 0.733 0.819 0.724 0.893 0.702 0.921 0.677 0.937
0 0.652 0.361 0.627 0.354 0.602 0.331 0.634 0.275 0.634 0.232 0.623 0.207 0.63 0.197 0.644 0.2 0.68 0.243 0.691 0.275 0.686 0.33 0.652 0.361
0 0.759 0.209 0.749 0.209 0.738 0.191 0.716 0.197 0.701 0.168 0.703 0.139 0.715 0.106 0.75 0.09 0.771 0.098 0.782 0.114 0.784 0.167 0.768 0.179 0.759 0.209
0 0.76 0.355 0.729 0.344 0.71 0.324 0.706 0.289 0.717 0.259 0.729 0.25 0.754 0.255 0.785 0.281 0.787 0.323 0.76 0.355
0 0.721 0.49 0.693 0.474 0.69 0.426 0.715 0.366 0.734 0.353 0.75 0.355 0.777 0.394 0.779 0.444 0.762 0.472 0.721 0.49
0 0.809 0.467 0.779 0.439 0.769 0.352 0.795 0.315 0.832 0.301 0.855 0.337 0.858 0.38 0.823 0.457 0.809 0.467
0 0.793 0.642 0.758 0.613 0.748 0.573 0.766 0.511 0.788 0.493 0.812 0.493 0.836 0.516 0.845 0.572 0.829 0.617 0.793 0.642
0 0.698 0.718 0.68 0.714 0.668 0.695 0.662 0.666 0.667 0.63 0.701 0.596 0.737 0.596 0.75 0.626 0.744 0.665 0.721 0.711 0.698 0.718
0 0.835 0.78 0.807 0.765 0.807 0.719 0.792 0.692 0.764 0.697 0.775 0.638 0.796 0.642 0.838 0.611 0.867 0.645 0.873 0.669 0.873 0.722 0.835 0.78
0 0.916 0.442 0.886 0.43 0.867 0.377 0.874 0.327 0.894 0.303 0.934 0.328 0.943 0.348 0.937 0.408 0.916 0.442
0 0.875 0.539 0.842 0.538 0.811 0.469 0.842 0.414 0.885 0.426 0.906 0.466 0.9 0.509 0.875 0.539
0 0.773 0.923 0.745 0.917 0.724 0.892 0.724 0.787 0.763 0.773 0.818 0.826 0.825 0.866 0.822 0.894 0.773 0.923
0 0.252 0.788 0.22 0.771 0.185 0.715 0.182 0.682 0.198 0.646 0.227 0.634 0.253 0.671 0.284 0.677 0.293 0.69 0.29 0.755 0.277 0.775 0.252 0.788
0 0.643 0.632 0.611 0.612 0.615 0.542 0.597 0.495 0.623 0.475 0.664 0.504 0.679 0.552 0.679 0.579 0.67 0.602 0.643 0.632
0 0.791 0.796 0.764 0.775 0.734 0.781 0.727 0.758 0.729 0.734 0.763 0.697 0.791 0.688 0.806 0.711 0.81 0.743 0.807 0.766 0.791 0.796
0 0.18 0.697 0.15 0.696 0.142 0.684 0.136 0.58 0.144 0.553 0.17 0.565 0.205 0.554 0.216 0.58 0.215 0.626 0.189 0.663 0.18 0.697
0 0.391 0.668 0.368 0.656 0.355 0.628 0.332 0.602 0.33 0.559 0.342 0.528 0.368 0.525 0.392 0.578 0.416 0.608 0.412 0.644 0.391 0.668
0 0.374 0.517 0.339 0.499 0.311 0.445 0.3 0.408 0.309 0.371 0.337 0.355 0.364 0.38 0.38 0.444 0.374 0.517
0 0.88 0.892 0.853 0.883 0.854 0.823 0.834 0.787 0.836 0.773 0.855 0.752 0.879 0.748 0.897 0.757 0.928 0.834 0.913 0.88 0.88 0.892
0 0.922 0.792 0.912 0.789 0.891 0.753 0.864 0.748 0.872 0.712 0.871 0.669 0.864 0.637 0.873 0.622 0.907 0.627 0.919 0.672 0.936 0.698 0.936 0.748 0.914 0.78 0.922 0.792
0 0.181 0.565 0.152 0.558 0.129 0.531 0.121 0.487 0.13 0.451 0.142 0.443 0.171 0.468 0.189 0.455 0.204 0.46 0.217 0.443 0.226 0.453 0.234 0.484 0.229 0.522 0.216 0.546 0.181 0.565
0 0.131 0.921 0.128 0.893 0.134 0.854 0.157 0.809 0.174 0.8 0.209 0.805 0.23 0.821 0.238 0.839 0.237 0.878 0.217 0.878 0.191 0.901 0.152 0.895 0.131 0.921
0 0.398 0.965 0.378 0.946 0.384 0.883 0.419 0.844 0.461 0.835 0.46 0.893 0.468 0.929 0.445 0.949 0.398 0.965
0 0.472 0.366 0.461 0.366 0.461 0.321 0.443 0.279 0.469 0.258 0.498 0.264 0.52 0.255 0.536 0.273 0.543 0.318 0.53 0.355 0.492 0.35 0.472 0.366
0 0.791 0.301 0.775 0.271 0.747 0.256 0.765 0.179 0.784 0.166 0.802 0.176 0.808 0.203 0.805 0.255 0.791 0.301
0 0.65 0.486 0.625 0.473 0.631 0.446 0.629 0.353 0.649 0.36 0.691 0.433 0.683 0.471 0.65 0.486
0 0.266 0.454 0.252 0.451 0.235 0.427 0.236 0.366 0.28 0.297 0.298 0.296 0.319 0.311 0.322 0.356 0.304 0.381 0.288 0.436 0.266 0.454
0 0.43 0.763 0.407 0.75 0.386 0.669 0.411 0.641 0.415 0.609 0.411 0.602 0.44 0.603 0.463 0.652 0.464 0.707 0.457 0.734 0.43 0.763
0 0.545 0.803 0.512 0.735 0.489 0.724 0.465 0.732 0.478 0.666 0.502 0.668 0.516 0.659 0.546 0.704 0.555 0.771 0.545 0.803
0 0.382 0.849 0.351 0.841 0.347 0.815 0.334 0.794 0.356 0.793 0.379 0.773 0.397 0.718 0.411 0.773 0.399 0.822 0.382 0.849
0 0.464 0.834 0.45 0.809 0.453 0.754 0.485 0.723 0.513 0.735 0.525 0.766 0.488 0.775 0.471 0.804 0.464 0.834
0 0.179 0.468 0.156 0.458 0.13 0.426 0.127 0.385 0.138 0.351 0.173 0.369 0.217 0.358 0.224 0.37 0.219 0.441 0.206 0.458 0.179 0.468
0 0.146 0.821 0.132 0.779 0.131 0.75 0.14 0.715 0.155 0.695 0.182 0.704 0.21 0.756 0.236 0.783 0.236 0.809 0.228 0.816 0.171 0.803 0.146 0.821
0 0.472 0.464 0.467 0.46 0.465 0.405 0.476 0.357 0.513 0.346 0.536 0.367 0.545 0.408 0.522 0.393 0.502 0.397 0.482 0.426 0.472 0.464
0 0.704 0.297 0.69 0.268 0.702 0.206 0.727 0.187 0.744 0.191 0.75 0.207 0.75 0.25 0.721 0.257 0.704 0.297
0 0.626 0.2 0.595 0.179 0.59 0.156 0.595 0.129 0.608 0.115 0.652 0.104 0.667 0.111 0.675 0.136 0.674 0.16 0.626 0.2
0 0.836 0.905 0.819 0.9 0.824 0.869 0.816 0.823 0.795 0.809 0.786 0.789 0.823 0.78 0.85 0.808 0.857 0.833 0.857 0.862 0.85 0.89 0.836 0.905
0 0.747 0.574 0.729 0.527 0.735 0.482 0.761 0.469 0.782 0.444 0.809 0.467 0.821 0.491 0.789 0.493 0.769 0.508 0.747 0.574
0 0.683 0.417 0.651 0.362 0.685 0.328 0.69 0.272 0.701 0.289 0.708 0.341 0.7 0.381 0.683 0.417
0 0.855 0.397 0.857 0.352 0.845 0.316 0.829 0.301 0.791 0.319 0.789 0.31 0.826 0.269 0.847 0.271 0.862 0.286 0.875 0.325 0.868 0.382 0.855 0.397
0 0.388 0.881 0.376 0.854 0.399 0.821 0.41 0.777 0.409 0.757 0.434 0.761 0.46 0.739 0.449 0.762 0.447 0.797 0.461 0.83 0.418 0.845 0.388 0.881
0 0.325 0.546 0.307 0.51 0.277 0.49 0.248 0.494 0.234 0.518 0.238 0.46 0.247 0.447 0.303 0.465 0.329 0.513 0.325 0.546
0 0.866 0.638 0.836 0.605 0.845 0.57 0.842 0.536 0.878 0.538 0.889 0.561 0.884 0.613 0.866 0.638
0 0.739 0.699 0.732 0.694 0.744 0.661 0.748 0.623 0.738 0.599 0.717 0.59 0.682 0.608 0.682 0.586 0.707 0.556 0.735 0.563 0.759 0.616 0.75 0.679 0.739 0.699
0 0.691 0.261 0.652 0.216 0.643 0.195 0.672 0.165 0.705 0.169 0.714 0.193 0.7 0.216 0.691 0.261
0 0.646 0.72 0.616 0.661 0.603 0.651 0.612 0.622 0.641 0.632 0.648 0.644 0.655 0.687 0.646 0.72
0 0.817 0.205 0.808 0.201 0.799 0.175 0.785 0.166 0.782 0.118 0.771 0.095 0.791 0.09 0.813 0.127 0.824 0.166 0.817 0.205
0 0.573 0.233 0.564 0.225 0.572 0.116 0.587 0.142 0.593 0.179 0.573 0.233
0 0.679 0.588 0.675 0.53 0.695 0.51 0.705 0.524 0.707 0.551 0.679 0.588
0 0.678 0.531 0.654 0.499 0.652 0.485 0.673 0.481 0.691 0.457 0.695 0.492 0.678 0.53
