0 0.289 0.368 0.272 0.353 0.256 0.349 0.245 0.334 0.235 0.327 0.223 0.326 0.208 0.333 0.206 0.321 0.208 0.306 0.205 0.291 0.211 0.262 0.217 0.246 0.235 0.219 0.244 0.211 0.26 0.199 0.276 0.199 0.292 0.206 0.301 0.218 0.305 0.207 0.302 0.191 0.307 0.186 0.311 0.186 0.316 0.191 0.318 0.196 0.316 0.217 0.312 0.231 0.32 0.236 0.327 0.249 0.332 0.268 0.336 0.298 0.334 0.308 0.325 0.328 0.289 0.368
0 0.359 0.296 0.35 0.296 0.341 0.293 0.335 0.287 0.33 0.258 0.323 0.241 0.324 0.237 0.321 0.237 0.314 0.232 0.313 0.228 0.315 0.219 0.319 0.219 0.318 0.213 0.317 0.213 0.318 0.196 0.316 0.19 0.318 0.177 0.326 0.168 0.356 0.149 0.364 0.147 0.37 0.149 0.377 0.164 0.391 0.166 0.397 0.172 0.399 0.18 0.408 0.191 0.412 0.202 0.417 0.204 0.423 0.212 0.427 0.234 0.423 0.251 0.403 0.278 0.378 0.291 0.359 0.296
0 0.473 0.278 0.46 0.278 0.446 0.273 0.432 0.26 0.427 0.245 0.427 0.234 0.429 0.23 0.426 0.226 0.423 0.209 0.411 0.199 0.408 0.188 0.417 0.18 0.42 0.184 0.419 0.192 0.423 0.195 0.431 0.174 0.433 0.155 0.439 0.144 0.452 0.137 0.475 0.132 0.492 0.135 0.509 0.143 0.523 0.156 0.529 0.173 0.524 0.191 0.535 0.206 0.535 0.219 0.53 0.242 0.519 0.257 0.508 0.266 0.495 0.273 0.473 0.278
0 0.59 0.274 0.566 0.27 0.558 0.265 0.55 0.255 0.544 0.241 0.545 0.229 0.539 0.224 0.536 0.214 0.535 0.192 0.54 0.178 0.549 0.168 0.562 0.16 0.573 0.145 0.582 0.136 0.591 0.13 0.599 0.129 0.607 0.132 0.611 0.138 0.621 0.141 0.627 0.147 0.63 0.154 0.631 0.17 0.637 0.189 0.644 0.2 0.645 0.206 0.643 0.211 0.637 0.214 0.631 0.204 0.629 0.214 0.628 0.226 0.63 0.238 0.632 0.243 0.63 0.251 0.625 0.259 0.611 0.266 0.59 0.274
0 0.683 0.28 0.673 0.278 0.666 0.273 0.653 0.269 0.643 0.263 0.635 0.252 0.629 0.228 0.629 0.214 0.631 0.205 0.632 0.208 0.637 0.215 0.639 0.215 0.645 0.208 0.645 0.199 0.638 0.192 0.638 0.176 0.641 0.162 0.655 0.143 0.662 0.139 0.679 0.141 0.689 0.14 0.701 0.145 0.711 0.156 0.732 0.171 0.738 0.183 0.741 0.194 0.742 0.207 0.741 0.212 0.732 0.212 0.725 0.216 0.718 0.225 0.71 0.238 0.705 0.256 0.706 0.268 0.702 0.271 0.698 0.27 0.692 0.277 0.683 0.28
0 0.784 0.362 0.776 0.362 0.772 0.357 0.768 0.355 0.756 0.356 0.744 0.348 0.737 0.337 0.727 0.307 0.72 0.303 0.711 0.288 0.706 0.269 0.706 0.251 0.718 0.224 0.727 0.215 0.732 0.212 0.747 0.213 0.781 0.222 0.816 0.242 0.83 0.252 0.836 0.261 0.839 0.269 0.839 0.28 0.838 0.3 0.834 0.31 0.8 0.355 0.795 0.36 0.784 0.362
0 0.858 0.509 0.845 0.506 0.824 0.493 0.819 0.487 0.814 0.474 0.809 0.443 0.802 0.436 0.797 0.424 0.797 0.371 0.799 0.363 0.803 0.353 0.811 0.342 0.821 0.333 0.828 0.329 0.846 0.329 0.862 0.339 0.878 0.339 0.89 0.347 0.9 0.36 0.926 0.403 0.935 0.426 0.935 0.445 0.926 0.46 0.92 0.475 0.915 0.482 0.901 0.493 0.885 0.493 0.877 0.495 0.866 0.501 0.858 0.509
0 0.897 0.713 0.864 0.713 0.849 0.708 0.833 0.696 0.82 0.676 0.811 0.653 0.807 0.637 0.8 0.626 0.794 0.614 0.789 0.599 0.788 0.584 0.789 0.562 0.793 0.546 0.798 0.534 0.81 0.52 0.818 0.515 0.828 0.512 0.851 0.517 0.855 0.515 0.861 0.506 0.873 0.496 0.886 0.493 0.903 0.494 0.921 0.503 0.946 0.534 0.957 0.552 0.963 0.568 0.965 0.582 0.965 0.603 0.961 0.617 0.954 0.63 0.943 0.642 0.941 0.669 0.935 0.684 0.919 0.703 0.897 0.713
0 0.717 0.952 0.704 0.951 0.694 0.948 0.688 0.945 0.68 0.936 0.669 0.916 0.664 0.903 0.662 0.893 0.664 0.88 0.657 0.877 0.645 0.86 0.641 0.857 0.622 0.855 0.616 0.852 0.611 0.853 0.607 0.856 0.596 0.846 0.595 0.839 0.597 0.832 0.602 0.828 0.606 0.828 0.615 0.834 0.629 0.835 0.64 0.832 0.638 0.824 0.638 0.816 0.641 0.794 0.637 0.783 0.634 0.773 0.635 0.764 0.636 0.754 0.641 0.741 0.65 0.729 0.686 0.711 0.713 0.703 0.75 0.701 0.766 0.703 0.78 0.709 0.796 0.721 0.811 0.737 0.821 0.741 0.832 0.749 0.844 0.764 0.848 0.775 0.851 0.795 0.849 0.829 0.845 0.842 0.832 0.86 0.826 0.88 0.809 0.902 0.785 0.915 0.764 0.923 0.738 0.941 0.717 0.952
0 0.518 0.894 0.499 0.892 0.477 0.886 0.416 0.864 0.384 0.846 0.367 0.83 0.355 0.81 0.351 0.794 0.351 0.777 0.356 0.759 0.361 0.749 0.369 0.74 0.369 0.736 0.365 0.727 0.362 0.703 0.357 0.691 0.352 0.686 0.348 0.689 0.342 0.688 0.338 0.682 0.337 0.675 0.34 0.664 0.348 0.659 0.356 0.659 0.361 0.664 0.362 0.671 0.372 0.676 0.391 0.649 0.392 0.64 0.398 0.627 0.41 0.616 0.427 0.613 0.445 0.618 0.462 0.629 0.487 0.646 0.518 0.674 0.539 0.703 0.552 0.729 0.563 0.746 0.564 0.772 0.558 0.803 0.552 0.812 0.544 0.817 0.553 0.843 0.553 0.857 0.549 0.871 0.538 0.887 0.518 0.894
0 0.316 0.685 0.308 0.684 0.287 0.675 0.279 0.668 0.273 0.658 0.267 0.638 0.266 0.613 0.261 0.587 0.26 0.574 0.262 0.561 0.269 0.545 0.269 0.532 0.274 0.508 0.285 0.497 0.294 0.493 0.314 0.496 0.322 0.5 0.337 0.512 0.359 0.541 0.369 0.565 0.381 0.583 0.387 0.601 0.385 0.614 0.377 0.639 0.368 0.651 0.379 0.65 0.383 0.656 0.38 0.663 0.374 0.667 0.364 0.665 0.356 0.659 0.345 0.66 0.34 0.666 0.338 0.675 0.335 0.678 0.316 0.685
0 0.241 0.528 0.233 0.528 0.2 0.516 0.194 0.508 0.188 0.485 0.187 0.41 0.191 0.392 0.193 0.366 0.198 0.349 0.203 0.338 0.22 0.326 0.23 0.326 0.238 0.329 0.252 0.348 0.257 0.351 0.269 0.352 0.283 0.362 0.295 0.38 0.305 0.4 0.312 0.418 0.315 0.431 0.316 0.448 0.311 0.476 0.303 0.493 0.294 0.492 0.286 0.496 0.277 0.503 0.272 0.511 0.264 0.507 0.255 0.522 0.25 0.526 0.241 0.528
0 0.546 0.576 0.532 0.572 0.522 0.564 0.514 0.55 0.514 0.537 0.511 0.532 0.509 0.532 0.51 0.535 0.508 0.539 0.501 0.539 0.494 0.532 0.494 0.521 0.506 0.506 0.503 0.494 0.494 0.469 0.495 0.455 0.5 0.446 0.509 0.438 0.517 0.436 0.543 0.422 0.596 0.41 0.618 0.407 0.628 0.407 0.65 0.416 0.657 0.421 0.663 0.433 0.664 0.447 0.66 0.459 0.652 0.468 0.66 0.472 0.665 0.478 0.67 0.493 0.669 0.507 0.659 0.53 0.64 0.548 0.621 0.555 0.612 0.561 0.561 0.576 0.546 0.576
0 0.471 0.471 0.454 0.469 0.445 0.463 0.437 0.454 0.425 0.427 0.415 0.414 0.412 0.399 0.412 0.383 0.419 0.361 0.428 0.348 0.442 0.333 0.447 0.322 0.453 0.313 0.462 0.309 0.477 0.293 0.49 0.292 0.511 0.303 0.523 0.319 0.527 0.328 0.529 0.34 0.538 0.35 0.542 0.359 0.544 0.383 0.536 0.424 0.5 0.445 0.494 0.456 0.492 0.469 0.483 0.462 0.471 0.471
0 0.665 0.438 0.662 0.428 0.656 0.419 0.633 0.408 0.616 0.407 0.578 0.413 0.572 0.405 0.568 0.396 0.563 0.363 0.565 0.349 0.568 0.34 0.572 0.333 0.578 0.329 0.579 0.325 0.577 0.317 0.57 0.302 0.56 0.29 0.559 0.281 0.563 0.275 0.567 0.273 0.575 0.275 0.577 0.278 0.577 0.289 0.581 0.297 0.615 0.266 0.623 0.263 0.635 0.263 0.693 0.302 0.705 0.317 0.71 0.331 0.711 0.341 0.709 0.357 0.703 0.374 0.697 0.402 0.69 0.417 0.676 0.432 0.665 0.43
