0 0.676 0.0 0.692 0.011 0.705 0.023 0.712 0.033 0.72 0.052 0.721 0.067 0.716 0.085 0.715 0.117 0.712 0.134 0.713 0.163 0.72 0.185 0.73 0.205 0.755 0.237 0.763 0.244 0.815 0.317 0.827 0.338 0.837 0.359 0.844 0.38 0.847 0.397 0.847 0.422 0.84 0.448 0.832 0.463 0.823 0.475 0.808 0.489 0.798 0.502 0.793 0.519 0.789 0.523 0.771 0.531 0.756 0.532 0.746 0.535 0.735 0.546 0.688 0.546 0.675 0.538 0.664 0.525 0.653 0.506 0.644 0.48 0.637 0.466 0.599 0.362 0.592 0.346 0.578 0.328 0.546 0.302 0.521 0.275 0.505 0.247 0.494 0.216 0.492 0.198 0.492 0.165 0.494 0.149 0.507 0.1 0.516 0.077 0.549 0.034 0.579 0.009 0.593 0.001 0.601 0.0
0 0.434 0.491 0.422 0.491 0.396 0.477 0.361 0.453 0.334 0.43 0.321 0.426 0.298 0.425 0.28 0.418 0.265 0.41 0.248 0.395 0.23 0.365 0.224 0.343 0.222 0.326 0.222 0.308 0.225 0.296 0.238 0.261 0.245 0.248 0.259 0.232 0.276 0.222 0.292 0.218 0.308 0.218 0.325 0.224 0.336 0.231 0.345 0.242 0.348 0.244 0.369 0.274 0.374 0.284 0.374 0.29 0.383 0.3 0.426 0.325 0.446 0.338 0.452 0.346 0.465 0.353 0.477 0.365 0.481 0.373 0.485 0.386 0.485 0.403 0.48 0.424 0.47 0.444 0.457 0.477 0.452 0.482 0.45 0.48 0.452 0.476 0.45 0.476 0.449 0.485 0.439 0.491 0.434 0.491
0 0.594 0.545 0.582 0.537 0.568 0.523 0.556 0.517 0.523 0.513 0.508 0.486 0.501 0.458 0.498 0.433 0.499 0.411 0.508 0.374 0.514 0.361 0.528 0.341 0.547 0.324 0.561 0.316 0.564 0.316 0.578 0.326 0.587 0.336 0.596 0.35 0.631 0.45 0.649 0.492 0.649 0.496 0.645 0.504 0.628 0.525 0.617 0.534 0.594 0.545
0 0.213 0.852 0.184 0.85 0.165 0.841 0.154 0.824 0.147 0.808 0.144 0.787 0.144 0.768 0.15 0.736 0.166 0.698 0.172 0.676 0.174 0.657 0.174 0.583 0.179 0.545 0.186 0.511 0.193 0.489 0.199 0.481 0.208 0.474 0.22 0.472 0.235 0.474 0.25 0.48 0.264 0.478 0.275 0.484 0.284 0.492 0.29 0.501 0.294 0.515 0.296 0.529 0.287 0.643 0.261 0.683 0.252 0.706 0.247 0.727 0.247 0.743 0.25 0.785 0.255 0.804 0.271 0.832 0.258 0.839 0.225 0.85 0.213 0.852
0 0.44 0.333 0.399 0.31 0.381 0.296 0.35 0.242 0.368 0.235 0.377 0.234 0.386 0.238 0.389 0.242 0.406 0.239 0.419 0.245 0.436 0.276 0.441 0.309 0.44 0.333
0 0.0 0.645 0.018 0.625 0.024 0.615 0.04 0.565 0.042 0.555 0.044 0.49 0.046 0.465 0.052 0.444 0.063 0.425 0.076 0.414 0.094 0.41 0.104 0.401 0.107 0.392 0.112 0.392 0.128 0.398 0.135 0.404 0.138 0.408 0.142 0.409 0.171 0.428 0.183 0.459 0.185 0.472 0.185 0.499 0.178 0.549 0.166 0.595 0.162 0.65 0.166 0.677 0.166 0.685 0.162 0.704 0.154 0.725 0.146 0.752 0.143 0.772 0.144 0.804 0.127 0.826 0.116 0.835 0.1 0.843 0.079 0.847 0.059 0.846 0.031 0.84 0.01 0.834 0.0 0.828
0 0.744 0.862 0.73 0.862 0.713 0.858 0.684 0.842 0.66 0.819 0.637 0.802 0.607 0.77 0.591 0.75 0.588 0.74 0.588 0.732 0.604 0.701 0.61 0.675 0.614 0.666 0.616 0.649 0.616 0.614 0.61 0.595 0.609 0.574 0.602 0.556 0.594 0.544 0.625 0.528 0.638 0.514 0.648 0.499 0.651 0.5 0.659 0.517 0.676 0.539 0.691 0.548 0.708 0.553 0.726 0.552 0.733 0.548 0.745 0.537 0.757 0.533 0.767 0.532 0.787 0.524 0.794 0.518 0.797 0.507 0.804 0.497 0.831 0.465 0.841 0.443 0.85 0.416 0.855 0.41 0.86 0.41 0.887 0.44 0.909 0.457 0.912 0.467 0.918 0.5 0.915 0.53 0.907 0.547 0.895 0.564 0.847 0.613 0.827 0.636 0.819 0.648 0.819 0.668 0.827 0.704 0.83 0.736 0.824 0.778 0.81 0.81 0.798 0.829 0.777 0.849 0.762 0.858 0.744 0.862
0 0.848 1.0 0.441 1.0 0.435 0.99 0.425 0.958 0.423 0.932 0.424 0.898 0.433 0.868 0.436 0.847 0.443 0.817 0.451 0.793 0.464 0.765 0.472 0.761 0.503 0.769 0.532 0.766 0.55 0.759 0.577 0.742 0.597 0.757 0.625 0.789 0.651 0.822 0.669 0.836 0.714 0.857 0.786 0.868 0.806 0.879 0.814 0.888 0.823 0.893 0.836 0.911 0.842 0.931 0.848 1.0
0 0.426 0.998 0.238 0.998 0.219 0.98 0.207 0.958 0.204 0.937 0.208 0.904 0.215 0.886 0.217 0.875 0.222 0.86 0.23 0.848 0.27 0.832 0.274 0.833 0.286 0.849 0.306 0.864 0.322 0.874 0.342 0.878 0.371 0.874 0.424 0.838 0.427 0.838 0.432 0.844 0.433 0.862 0.424 0.901 0.424 0.942 0.429 0.97 0.441 0.997 0.426 0.998
0 0.235 0.996 0.018 0.996 0.031 0.99 0.047 0.962 0.067 0.936 0.082 0.921 0.096 0.912 0.123 0.907 0.151 0.912 0.173 0.924 0.201 0.952 0.219 0.983 0.235 0.996
0 0.0 0.828 0.029 0.839 0.074 0.846 0.101 0.84 0.125 0.827 0.126 0.831 0.124 0.848 0.125 0.87 0.129 0.883 0.142 0.9 0.141 0.904 0.138 0.905 0.11 0.907 0.094 0.914 0.085 0.921 0.067 0.938 0.05 0.96 0.043 0.973 0.042 0.985 0.038 0.994 0.034 0.997 0.035 0.998 0.0 0.999
0 0.367 0.873 0.353 0.872 0.351 0.87 0.329 0.872 0.328 0.869 0.32 0.869 0.318 0.866 0.314 0.866 0.313 0.864 0.299 0.857 0.282 0.844 0.261 0.814 0.253 0.798 0.248 0.773 0.248 0.718 0.261 0.683 0.277 0.657 0.298 0.63 0.326 0.605 0.346 0.599 0.38 0.599 0.399 0.591 0.418 0.579 0.446 0.569 0.454 0.563 0.469 0.546 0.471 0.536 0.475 0.533 0.491 0.528 0.523 0.513 0.559 0.516 0.597 0.55 0.605 0.56 0.61 0.573 0.612 0.595 0.617 0.61 0.617 0.644 0.616 0.659 0.61 0.675 0.605 0.696 0.592 0.723 0.58 0.737 0.565 0.747 0.558 0.754 0.531 0.765 0.503 0.768 0.482 0.763 0.457 0.752 0.449 0.754 0.431 0.771 0.428 0.782 0.43 0.792 0.428 0.803 0.424 0.811 0.422 0.822 0.415 0.834 0.398 0.854 0.367 0.873
0 1.0 0.0 1.0 0.467 0.995 0.464 0.971 0.47 0.953 0.47 0.919 0.461 0.896 0.445 0.88 0.43 0.867 0.415 0.861 0.404 0.854 0.377 0.84 0.346 0.834 0.337 0.834 0.33 0.831 0.315 0.821 0.299 0.806 0.28 0.777 0.257 0.752 0.233 0.729 0.206 0.717 0.181 0.713 0.167 0.711 0.149 0.716 0.077 0.727 0.052 0.762 0.0
0 0.199 0.951 0.197 0.951 0.197 0.946 0.194 0.942 0.187 0.94 0.175 0.925 0.137 0.907 0.139 0.9 0.139 0.893 0.129 0.879 0.126 0.87 0.124 0.858 0.124 0.833 0.127 0.823 0.139 0.807 0.149 0.807 0.152 0.812 0.15 0.819 0.153 0.824 0.166 0.838 0.181 0.845 0.184 0.85 0.218 0.851 0.228 0.847 0.228 0.854 0.22 0.869 0.215 0.881 0.21 0.905 0.204 0.917 0.204 0.945 0.199 0.951
0 0.0 0.414 0.059 0.42 0.063 0.426 0.063 0.429 0.058 0.433 0.049 0.457 0.043 0.482 0.044 0.538 0.041 0.548 0.041 0.562 0.037 0.574 0.034 0.593 0.029 0.599 0.025 0.621 0.022 0.625 0.017 0.623 0.015 0.63 0.007 0.637 0.006 0.644 0.004 0.648 0.0 0.648
0 0.0 0.23 0.018 0.236 0.045 0.24 0.099 0.239 0.137 0.25 0.161 0.254 0.171 0.258 0.177 0.263 0.18 0.271 0.18 0.288 0.178 0.327 0.171 0.345 0.169 0.358 0.161 0.377 0.151 0.414 0.133 0.407 0.122 0.395 0.107 0.39 0.102 0.402 0.09 0.412 0.076 0.416 0.062 0.426 0.0 0.418
0 0.189 0.506 0.187 0.484 0.182 0.468 0.181 0.451 0.168 0.427 0.16 0.421 0.151 0.42 0.153 0.398 0.156 0.397 0.159 0.391 0.163 0.369 0.169 0.352 0.169 0.344 0.177 0.324 0.178 0.31 0.187 0.278 0.19 0.255 0.197 0.247 0.221 0.239 0.234 0.237 0.242 0.24 0.243 0.24 0.241 0.251 0.234 0.268 0.234 0.275 0.225 0.298 0.222 0.314 0.223 0.336 0.226 0.351 0.229 0.356 0.233 0.371 0.238 0.377 0.24 0.385 0.257 0.405 0.281 0.418 0.294 0.421 0.297 0.426 0.311 0.425 0.311 0.435 0.308 0.447 0.31 0.46 0.297 0.495 0.293 0.5 0.287 0.499 0.282 0.492 0.269 0.482 0.259 0.483 0.236 0.475 0.213 0.475 0.204 0.478 0.192 0.495 0.189 0.506
0 0.0 0.175 0.012 0.17 0.031 0.153 0.059 0.122 0.072 0.114 0.087 0.1 0.108 0.088 0.163 0.07 0.218 0.058 0.253 0.047 0.273 0.047 0.289 0.052 0.309 0.074 0.315 0.087 0.322 0.112 0.326 0.141 0.325 0.153 0.322 0.164 0.319 0.201 0.312 0.218 0.294 0.219 0.275 0.223 0.262 0.23 0.248 0.243 0.231 0.241 0.173 0.25 0.126 0.245 0.11 0.24 0.082 0.227 0.034 0.195 0.008 0.182 0.0 0.181
0 0.19 0.0 0.19 0.022 0.184 0.034 0.176 0.048 0.159 0.063 0.143 0.072 0.111 0.084 0.063 0.109 0.0 0.122
0 0.47 0.0 0.478 0.044 0.478 0.064 0.474 0.087 0.472 0.128 0.466 0.133 0.463 0.148 0.456 0.164 0.444 0.197 0.44 0.197 0.437 0.205 0.428 0.21 0.405 0.207 0.38 0.2 0.368 0.194 0.358 0.183 0.352 0.183 0.343 0.166 0.336 0.15 0.329 0.113 0.325 0.109 0.316 0.071 0.31 0.071 0.287 0.046 0.266 0.044 0.255 0.051 0.245 0.051 0.222 0.059 0.213 0.059 0.201 0.053 0.188 0.036 0.187 0.029 0.188 0.0
0 0.849 0.93 0.847 0.93 0.842 0.923 0.835 0.908 0.818 0.886 0.783 0.868 0.749 0.861 0.771 0.85 0.793 0.832 0.807 0.812 0.822 0.783 0.827 0.758 0.829 0.74 0.828 0.715 0.822 0.679 0.822 0.668 0.836 0.673 0.862 0.687 0.895 0.716 0.913 0.747 0.921 0.774 0.925 0.794 0.923 0.823 0.916 0.845 0.903 0.876 0.886 0.9 0.878 0.908 0.86 0.924 0.849 0.9
