0 0.524 0.752 0.513 0.75 0.498 0.743 0.468 0.705 0.459 0.684 0.454 0.655 0.453 0.62 0.459 0.599 0.467 0.583 0.483 0.566 0.515 0.556 0.54 0.562 0.555 0.574 0.573 0.6 0.581 0.623 0.578 0.666 0.576 0.683 0.568 0.703 0.553 0.731 0.537 0.747 0.524 0.752
0 0.693 0.711 0.684 0.705 0.661 0.705 0.64 0.7 0.614 0.697 0.595 0.685 0.584 0.665 0.583 0.622 0.587 0.607 0.608 0.577 0.637 0.554 0.668 0.551 0.696 0.566 0.719 0.59 0.727 0.606 0.731 0.626 0.73 0.649 0.732 0.658 0.733 0.678 0.727 0.684 0.72 0.686 0.717 0.698 0.711 0.705 0.693 0.711
0 0.091 0.734 0.09 0.732 0.094 0.728 0.1 0.714 0.087 0.702 0.083 0.694 0.078 0.69 0.07 0.656 0.066 0.62 0.066 0.592 0.074 0.566 0.082 0.549 0.097 0.531 0.122 0.512 0.178 0.492 0.192 0.49 0.21 0.492 0.221 0.497 0.236 0.508 0.245 0.52 0.252 0.533 0.257 0.566 0.256 0.592 0.251 0.614 0.236 0.644 0.21 0.672 0.172 0.704 0.137 0.717 0.102 0.714 0.096 0.73 0.091 0.734
0 0.382 0.583 0.365 0.58 0.347 0.572 0.333 0.559 0.326 0.556 0.322 0.547 0.305 0.546 0.31 0.539 0.315 0.543 0.324 0.544 0.312 0.512 0.316 0.474 0.322 0.455 0.335 0.43 0.346 0.417 0.37 0.398 0.387 0.389 0.422 0.376 0.446 0.378 0.463 0.385 0.477 0.403 0.482 0.422 0.484 0.441 0.484 0.455 0.481 0.482 0.468 0.524 0.452 0.551 0.434 0.569 0.409 0.581 0.382 0.583
0 0.645 0.553 0.628 0.553 0.607 0.54 0.589 0.507 0.578 0.473 0.573 0.469 0.576 0.464 0.574 0.44 0.579 0.413 0.578 0.41 0.581 0.407 0.592 0.383 0.6 0.36 0.607 0.35 0.614 0.347 0.622 0.347 0.629 0.351 0.658 0.383 0.668 0.399 0.675 0.418 0.681 0.447 0.681 0.492 0.677 0.508 0.678 0.521 0.675 0.534 0.673 0.535 0.672 0.533 0.676 0.516 0.668 0.539 0.655 0.549 0.645 0.553
0 0.82 0.38 0.794 0.37 0.782 0.352 0.776 0.336 0.774 0.315 0.776 0.298 0.781 0.276 0.794 0.245 0.815 0.216 0.832 0.201 0.879 0.173 0.911 0.173 0.923 0.179 0.932 0.187 0.94 0.199 0.944 0.21 0.946 0.245 0.917 0.326 0.904 0.344 0.891 0.354 0.865 0.363 0.862 0.368 0.854 0.372 0.836 0.375 0.834 0.378 0.82 0.38
0 0.687 0.279 0.68 0.277 0.674 0.279 0.668 0.271 0.661 0.271 0.655 0.26 0.653 0.251 0.644 0.233 0.637 0.204 0.636 0.176 0.639 0.154 0.647 0.127 0.666 0.081 0.669 0.077 0.68 0.044 0.697 0.013 0.711 0.001 0.755 0.001 0.763 0.013 0.776 0.049 0.792 0.122 0.791 0.145 0.784 0.176 0.784 0.188 0.778 0.201 0.758 0.234 0.737 0.259 0.715 0.275 0.687 0.279
0 0.258 0.371 0.225 0.364 0.214 0.359 0.198 0.346 0.188 0.335 0.178 0.317 0.173 0.313 0.169 0.313 0.165 0.306 0.174 0.308 0.172 0.299 0.169 0.295 0.167 0.285 0.171 0.245 0.184 0.203 0.208 0.164 0.23 0.141 0.234 0.132 0.238 0.132 0.25 0.12 0.273 0.106 0.293 0.099 0.32 0.1 0.355 0.112 0.372 0.122 0.381 0.132 0.387 0.146 0.39 0.167 0.391 0.186 0.387 0.218 0.37 0.263 0.343 0.306 0.335 0.314 0.331 0.324 0.312 0.34 0.297 0.345 0.293 0.351 0.291 0.359 0.269 0.369 0.258 0.371
0 0.663 0.981 0.637 0.977 0.626 0.969 0.612 0.963 0.585 0.941 0.574 0.926 0.562 0.899 0.564 0.889 0.565 0.848 0.577 0.822 0.592 0.802 0.588 0.799 0.588 0.795 0.597 0.796 0.602 0.793 0.608 0.782 0.61 0.783 0.612 0.788 0.65 0.766 0.68 0.767 0.71 0.776 0.722 0.788 0.729 0.808 0.736 0.816 0.739 0.825 0.736 0.834 0.738 0.863 0.741 0.866 0.74 0.872 0.734 0.882 0.731 0.894 0.726 0.899 0.713 0.936 0.715 0.938 0.715 0.935 0.718 0.935 0.717 0.941 0.719 0.954 0.717 0.956 0.707 0.948 0.703 0.955 0.701 0.963 0.695 0.965 0.678 0.979 0.663 0.981
0 0.317 0.986 0.303 0.984 0.293 0.979 0.281 0.969 0.275 0.957 0.27 0.942 0.266 0.911 0.269 0.879 0.273 0.866 0.281 0.848 0.309 0.822 0.319 0.816 0.339 0.813 0.356 0.817 0.367 0.823 0.378 0.833 0.389 0.85 0.393 0.862 0.397 0.862 0.398 0.895 0.397 0.914 0.392 0.928 0.385 0.942 0.37 0.96 0.344 0.978 0.317 0.986
0 0.532 0.406 0.519 0.406 0.521 0.405 0.521 0.403 0.517 0.404 0.512 0.402 0.504 0.388 0.487 0.368 0.477 0.333 0.474 0.316 0.476 0.296 0.481 0.282 0.495 0.264 0.496 0.26 0.519 0.248 0.547 0.217 0.562 0.209 0.58 0.208 0.591 0.214 0.608 0.231 0.611 0.227 0.614 0.228 0.616 0.23 0.615 0.241 0.622 0.257 0.628 0.255 0.637 0.259 0.639 0.266 0.633 0.279 0.628 0.277 0.62 0.271 0.62 0.304 0.622 0.309 0.618 0.323 0.614 0.329 0.61 0.343 0.602 0.355 0.594 0.377 0.592 0.378 0.593 0.38 0.574 0.397 0.552 0.403 0.535 0.404 0.532 0.406
0 0.142 0.503 0.14 0.5 0.134 0.503 0.127 0.5 0.107 0.484 0.092 0.464 0.075 0.426 0.071 0.406 0.073 0.387 0.081 0.364 0.089 0.352 0.094 0.353 0.126 0.344 0.137 0.345 0.15 0.35 0.169 0.363 0.183 0.377 0.203 0.417 0.206 0.426 0.207 0.453 0.204 0.47 0.198 0.484 0.194 0.489 0.177 0.492 0.142 0.503
0 0.781 0.81 0.762 0.81 0.758 0.807 0.75 0.8 0.725 0.767 0.716 0.744 0.714 0.713 0.714 0.702 0.717 0.69 0.724 0.685 0.728 0.684 0.732 0.679 0.732 0.658 0.73 0.65 0.731 0.627 0.727 0.607 0.72 0.591 0.72 0.579 0.728 0.56 0.74 0.542 0.745 0.539 0.76 0.522 0.775 0.515 0.792 0.515 0.8 0.52 0.813 0.531 0.826 0.549 0.833 0.544 0.835 0.567 0.84 0.586 0.845 0.62 0.847 0.655 0.846 0.712 0.841 0.734 0.829 0.776 0.825 0.783 0.82 0.784 0.816 0.792 0.807 0.799 0.788 0.809 0.781 0.8
