0 0.221 0.423 0.209 0.422 0.201 0.413 0.192 0.418 0.188 0.418 0.188 0.415 0.196 0.402 0.196 0.39 0.198 0.383 0.217 0.344 0.234 0.323 0.251 0.308 0.291 0.284 0.372 0.229 0.403 0.215 0.423 0.203 0.457 0.188 0.465 0.186 0.48 0.177 0.522 0.162 0.536 0.161 0.551 0.167 0.559 0.18 0.563 0.191 0.564 0.219 0.562 0.228 0.553 0.25 0.54 0.264 0.525 0.269 0.481 0.293 0.438 0.313 0.431 0.315 0.418 0.325 0.381 0.344 0.364 0.357 0.256 0.417 0.242 0.421 0.221 0.423
0 0.289 0.286 0.287 0.285 0.288 0.271 0.302 0.189 0.308 0.166 0.314 0.151 0.324 0.142 0.331 0.141 0.339 0.148 0.346 0.164 0.35 0.183 0.344 0.249 0.289 0.286
0 0.346 0.249 0.343 0.248 0.343 0.239 0.346 0.207 0.35 0.183 0.363 0.143 0.368 0.137 0.374 0.135 0.376 0.226 0.358 0.242 0.346 0.249
0 0.38 0.228 0.376 0.226 0.375 0.133 0.381 0.089 0.385 0.078 0.39 0.072 0.389 0.044 0.387 0.031 0.383 0.023 0.384 0.021 0.388 0.021 0.395 0.039 0.398 0.06 0.398 0.074 0.406 0.084 0.412 0.102 0.424 0.169 0.428 0.201 0.399 0.219 0.38 0.228
0 0.43 0.201 0.427 0.199 0.422 0.153 0.432 0.117 0.435 0.111 0.441 0.106 0.441 0.096 0.445 0.092 0.447 0.097 0.448 0.108 0.454 0.116 0.456 0.123 0.464 0.165 0.466 0.185 0.43 0.201
0 0.47 0.183 0.468 0.179 0.47 0.148 0.474 0.135 0.477 0.132 0.496 0.17 0.47 0.183
0 0.583 0.163 0.561 0.128 0.57 0.127 0.576 0.116 0.581 0.114 0.581 0.123 0.577 0.132 0.577 0.135 0.583 0.151 0.583 0.163
0 0.709 0.476 0.702 0.475 0.683 0.46 0.665 0.444 0.652 0.429 0.582 0.318 0.55 0.26 0.549 0.255 0.56 0.234 0.564 0.217 0.562 0.19 0.555 0.174 0.547 0.166 0.535 0.162 0.521 0.163 0.5 0.171 0.495 0.169 0.477 0.135 0.467 0.106 0.464 0.092 0.464 0.074 0.465 0.065 0.469 0.054 0.478 0.044 0.49 0.042 0.502 0.049 0.518 0.067 0.546 0.105 0.579 0.155 0.652 0.279 0.681 0.325 0.705 0.371 0.729 0.437 0.73 0.451 0.728 0.464 0.724 0.469 0.709 0.476
0 0.69 0.344 0.686 0.339 0.682 0.338 0.676 0.324 0.663 0.304 0.657 0.29 0.643 0.263 0.6 0.191 0.598 0.186 0.599 0.173 0.604 0.161 0.61 0.153 0.621 0.152 0.633 0.162 0.641 0.174 0.675 0.284 0.69 0.34 0.69 0.344
0 0.47 0.822 0.448 0.818 0.44 0.811 0.436 0.794 0.435 0.777 0.437 0.766 0.444 0.743 0.462 0.716 0.484 0.691 0.491 0.686 0.508 0.663 0.525 0.648 0.535 0.633 0.563 0.604 0.569 0.595 0.587 0.58 0.609 0.557 0.636 0.535 0.67 0.504 0.702 0.48 0.727 0.466 0.76 0.466 0.78 0.47 0.79 0.476 0.796 0.485 0.803 0.487 0.805 0.492 0.801 0.499 0.798 0.501 0.797 0.514 0.792 0.525 0.771 0.552 0.756 0.565 0.75 0.566 0.737 0.576 0.733 0.582 0.733 0.585 0.727 0.593 0.695 0.617 0.675 0.638 0.652 0.655 0.623 0.681 0.577 0.727 0.562 0.746 0.528 0.78 0.505 0.799 0.496 0.808 0.47 0.822
0 0.39 0.865 0.37 0.864 0.353 0.858 0.327 0.841 0.319 0.827 0.301 0.823 0.292 0.819 0.29 0.815 0.292 0.812 0.315 0.813 0.318 0.812 0.323 0.798 0.328 0.79 0.351 0.768 0.369 0.757 0.391 0.752 0.443 0.747 0.443 0.75 0.44 0.755 0.435 0.777 0.435 0.788 0.438 0.803 0.443 0.812 0.45 0.817 0.457 0.82 0.47 0.819 0.491 0.808 0.527 0.78 0.552 0.756 0.576 0.729 0.653 0.729 0.69 0.74 0.701 0.748 0.709 0.758 0.716 0.774 0.718 0.789 0.718 0.797 0.716 0.807 0.709 0.82 0.7 0.828 0.681 0.836 0.621 0.839 0.485 0.858 0.39 0.865
0 0.378 0.994 0.333 0.992 0.319 0.984 0.311 0.974 0.303 0.956 0.301 0.937 0.304 0.918 0.316 0.898 0.328 0.888 0.342 0.883 0.398 0.877 0.423 0.871 0.459 0.867 0.493 0.861 0.513 0.861 0.533 0.856 0.554 0.856 0.572 0.853 0.662 0.854 0.696 0.861 0.715 0.87 0.748 0.896 0.755 0.906 0.758 0.917 0.781 0.932 0.788 0.941 0.788 0.944 0.782 0.943 0.763 0.934 0.757 0.934 0.753 0.942 0.748 0.946 0.703 0.963 0.676 0.969 0.623 0.967 0.548 0.971 0.502 0.979 0.433 0.984 0.416 0.99 0.378 0.99
