0 0.487 0.907 0.453 0.907 0.43 0.888 0.417 0.873 0.404 0.843 0.397 0.806 0.394 0.772 0.389 0.772 0.384 0.756 0.366 0.749 0.363 0.743 0.366 0.737 0.377 0.742 0.381 0.738 0.356 0.703 0.358 0.699 0.365 0.705 0.387 0.729 0.393 0.731 0.397 0.728 0.399 0.698 0.402 0.691 0.41 0.686 0.412 0.642 0.415 0.637 0.417 0.64 0.415 0.641 0.414 0.646 0.414 0.683 0.431 0.658 0.445 0.652 0.47 0.648 0.479 0.652 0.504 0.679 0.515 0.702 0.528 0.753 0.532 0.781 0.531 0.808 0.524 0.847 0.515 0.87 0.496 0.898 0.487 0.907
0 0.749 0.872 0.738 0.87 0.722 0.863 0.698 0.837 0.688 0.816 0.678 0.79 0.669 0.744 0.669 0.701 0.672 0.675 0.677 0.651 0.695 0.611 0.711 0.594 0.72 0.589 0.73 0.586 0.752 0.588 0.767 0.595 0.78 0.609 0.793 0.63 0.804 0.654 0.81 0.673 0.817 0.71 0.819 0.754 0.817 0.775 0.801 0.824 0.791 0.842 0.778 0.857 0.749 0.872
0 0.723 0.999 0.549 0.997 0.551 0.972 0.56 0.936 0.567 0.914 0.578 0.892 0.593 0.873 0.607 0.863 0.629 0.858 0.643 0.862 0.66 0.874 0.674 0.888 0.694 0.915 0.715 0.96 0.723 0.991 0.723 0.999
0 0.317 0.999 0.282 0.998 0.267 0.977 0.256 0.955 0.247 0.927 0.244 0.896 0.244 0.871 0.252 0.829 0.258 0.811 0.273 0.783 0.287 0.765 0.303 0.754 0.319 0.749 0.345 0.752 0.37 0.771 0.379 0.773 0.388 0.854 0.386 0.891 0.379 0.926 0.371 0.952 0.365 0.951 0.36 0.974 0.343 0.997 0.326 0.994 0.317 0.999
0 0.703 0.927 0.674 0.888 0.649 0.866 0.63 0.858 0.605 0.863 0.606 0.816 0.608 0.796 0.617 0.762 0.632 0.73 0.644 0.714 0.668 0.701 0.671 0.751 0.679 0.792 0.699 0.837 0.725 0.865 0.716 0.904 0.703 0.927
0 0.832 0.999 0.789 0.999 0.788 0.997 0.813 0.984 0.808 0.955 0.818 0.934 0.83 0.936 0.84 0.959 0.83 0.912 0.829 0.884 0.831 0.859 0.845 0.806 0.863 0.773 0.878 0.757 0.897 0.746 0.927 0.741 0.95 0.751 0.987 0.78 0.996 0.823 0.998 0.863 0.996 0.906 0.985 0.957 0.974 0.99 0.97 0.995 0.971 0.997 0.832 0.999
0 0.788 0.999 0.772 0.999 0.758 0.98 0.75 0.963 0.737 0.917 0.732 0.868 0.746 0.87 0.762 0.866 0.789 0.842 0.8 0.824 0.809 0.8 0.817 0.774 0.82 0.755 0.835 0.773 0.854 0.787 0.839 0.825 0.83 0.872 0.83 0.912 0.84 0.961 0.839 0.961 0.829 0.936 0.819 0.934 0.808 0.954 0.814 0.983 0.79 0.994 0.788 0.999
0 0.853 0.79 0.834 0.776 0.819 0.757 0.817 0.708 0.81 0.673 0.794 0.632 0.78 0.608 0.779 0.596 0.775 0.602 0.771 0.598 0.792 0.529 0.788 0.512 0.776 0.528 0.772 0.524 0.772 0.514 0.798 0.473 0.802 0.424 0.805 0.402 0.808 0.398 0.812 0.403 0.809 0.455 0.814 0.483 0.824 0.479 0.832 0.481 0.846 0.47 0.863 0.47 0.885 0.481 0.903 0.496 0.917 0.515 0.934 0.552 0.945 0.591 0.949 0.616 0.951 0.651 0.948 0.688 0.942 0.722 0.934 0.744 0.911 0.745 0.882 0.757 0.864 0.774 0.853 0.79
0 0.668 0.694 0.648 0.679 0.655 0.656 0.659 0.637 0.662 0.614 0.662 0.586 0.659 0.555 0.655 0.537 0.649 0.516 0.639 0.496 0.656 0.498 0.674 0.492 0.686 0.482 0.7 0.464 0.716 0.479 0.731 0.51 0.74 0.542 0.744 0.585 0.718 0.59 0.695 0.612 0.674 0.658 0.668 0.694
0 0.584 0.748 0.565 0.741 0.55 0.726 0.536 0.705 0.521 0.657 0.517 0.626 0.517 0.593 0.522 0.566 0.534 0.528 0.542 0.512 0.568 0.48 0.549 0.478 0.54 0.481 0.539 0.477 0.544 0.472 0.573 0.463 0.584 0.453 0.581 0.44 0.583 0.439 0.589 0.447 0.596 0.41 0.601 0.405 0.606 0.409 0.607 0.419 0.601 0.436 0.599 0.452 0.608 0.466 0.631 0.483 0.648 0.514 0.66 0.56 0.662 0.586 0.662 0.613 0.656 0.655 0.639 0.702 0.61 0.739 0.599 0.745 0.584 0.748
0 0.554 0.863 0.538 0.861 0.524 0.853 0.53 0.812 0.532 0.778 0.53 0.759 0.521 0.72 0.514 0.7 0.505 0.681 0.492 0.663 0.499 0.642 0.516 0.618 0.528 0.679 0.538 0.706 0.554 0.729 0.565 0.739 0.581 0.745 0.599 0.744 0.617 0.733 0.613 0.772 0.599 0.816 0.588 0.837 0.575 0.852 0.554 0.863
0 0.445 0.956 0.431 0.956 0.42 0.948 0.407 0.929 0.399 0.907 0.392 0.868 0.392 0.83 0.396 0.801 0.404 0.842 0.41 0.859 0.42 0.877 0.44 0.895 0.459 0.906 0.476 0.906 0.493 0.899 0.503 0.89 0.494 0.915 0.478 0.94 0.458 0.937 0.452 0.942 0.445 0.95
