0 0.242 0.88 0.184 0.876 0.16 0.869 0.147 0.861 0.13 0.843 0.111 0.811 0.089 0.753 0.085 0.735 0.081 0.7 0.083 0.663 0.091 0.625 0.105 0.592 0.116 0.573 0.13 0.559 0.151 0.545 0.163 0.532 0.188 0.519 0.213 0.515 0.234 0.516 0.266 0.53 0.291 0.55 0.328 0.6 0.339 0.632 0.35 0.695 0.352 0.735 0.349 0.761 0.339 0.791 0.323 0.825 0.305 0.85 0.284 0.869 0.261 0.877 0.242 0.88
0 0.58 0.84 0.575 0.839 0.572 0.835 0.567 0.821 0.556 0.825 0.541 0.823 0.491 0.8 0.47 0.787 0.459 0.777 0.445 0.758 0.435 0.734 0.429 0.715 0.425 0.678 0.426 0.652 0.431 0.631 0.441 0.603 0.451 0.586 0.464 0.57 0.485 0.553 0.491 0.529 0.493 0.502 0.497 0.502 0.506 0.509 0.515 0.5 0.524 0.514 0.54 0.529 0.583 0.527 0.61 0.538 0.627 0.552 0.642 0.571 0.654 0.594 0.661 0.618 0.665 0.641 0.667 0.668 0.664 0.692 0.657 0.719 0.64 0.755 0.621 0.786 0.609 0.798 0.593 0.808 0.593 0.822 0.585 0.837 0.58 0.84
0 0.709 0.664 0.689 0.663 0.667 0.654 0.662 0.621 0.649 0.583 0.629 0.555 0.609 0.535 0.609 0.524 0.607 0.515 0.591 0.496 0.586 0.484 0.589 0.473 0.601 0.459 0.627 0.45 0.635 0.444 0.647 0.427 0.662 0.412 0.678 0.403 0.696 0.398 0.716 0.399 0.733 0.404 0.75 0.413 0.766 0.426 0.781 0.444 0.795 0.466 0.806 0.495 0.811 0.529 0.81 0.556 0.806 0.571 0.8 0.589 0.783 0.618 0.765 0.635 0.74 0.654 0.722 0.662 0.709 0.664
0 0.77 0.429 0.755 0.417 0.737 0.406 0.711 0.398 0.69 0.399 0.669 0.408 0.681 0.358 0.662 0.295 0.654 0.278 0.664 0.271 0.681 0.265 0.697 0.26 0.706 0.262 0.708 0.252 0.715 0.249 0.728 0.249 0.736 0.258 0.738 0.266 0.753 0.273 0.773 0.289 0.784 0.308 0.79 0.325 0.793 0.338 0.793 0.359 0.792 0.374 0.786 0.399 0.77 0.429
0 0.579 0.467 0.565 0.464 0.555 0.458 0.538 0.44 0.536 0.43 0.536 0.407 0.533 0.382 0.518 0.342 0.544 0.284 0.556 0.267 0.566 0.258 0.574 0.253 0.588 0.25 0.605 0.249 0.625 0.251 0.639 0.26 0.656 0.28 0.677 0.339 0.679 0.37 0.671 0.394 0.66 0.412 0.634 0.444 0.579 0.467
0 0.443 0.558 0.425 0.557 0.409 0.552 0.395 0.545 0.378 0.532 0.368 0.52 0.364 0.51 0.347 0.485 0.334 0.437 0.334 0.414 0.337 0.396 0.353 0.353 0.373 0.317 0.382 0.304 0.396 0.293 0.411 0.286 0.436 0.285 0.451 0.289 0.466 0.297 0.5 0.324 0.513 0.338 0.522 0.352 0.532 0.379 0.535 0.395 0.534 0.43 0.526 0.467 0.519 0.488 0.508 0.503 0.503 0.504 0.497 0.5 0.493 0.501 0.487 0.529 0.48 0.54 0.47 0.549 0.443 0.558
0 0.885 0.634 0.857 0.629 0.825 0.619 0.797 0.595 0.808 0.563 0.811 0.54 0.81 0.508 0.799 0.474 0.787 0.451 0.773 0.432 0.785 0.413 0.8 0.398 0.814 0.388 0.85 0.375 0.88 0.373 0.878 0.368 0.895 0.355 0.898 0.354 0.9 0.359 0.91 0.354 0.912 0.37 0.923 0.362 0.926 0.362 0.92 0.379 0.919 0.388 0.942 0.404 0.961 0.435 0.971 0.458 0.976 0.48 0.979 0.499 0.978 0.519 0.975 0.538 0.969 0.56 0.961 0.577 0.943 0.606 0.928 0.62 0.908 0.631 0.885 0.634
0 0.278 0.446 0.256 0.441 0.241 0.431 0.237 0.392 0.23 0.365 0.213 0.333 0.189 0.312 0.186 0.287 0.186 0.274 0.19 0.252 0.198 0.232 0.212 0.215 0.229 0.198 0.271 0.188 0.293 0.191 0.306 0.198 0.32 0.208 0.34 0.237 0.347 0.242 0.358 0.24 0.368 0.231 0.381 0.23 0.382 0.233 0.38 0.235 0.384 0.239 0.384 0.242 0.373 0.247 0.386 0.252 0.388 0.258 0.38 0.281 0.367 0.306 0.365 0.317 0.366 0.333 0.353 0.354 0.342 0.38 0.335 0.405 0.333 0.425 0.311 0.441 0.295 0.445 0.278 0.446
0 0.518 0.342 0.473 0.301 0.452 0.289 0.429 0.285 0.41 0.287 0.397 0.291 0.393 0.266 0.405 0.213 0.422 0.178 0.449 0.155 0.47 0.152 0.501 0.158 0.511 0.143 0.526 0.148 0.537 0.157 0.537 0.184 0.56 0.22 0.569 0.255 0.543 0.285 0.518 0.342
0 0.104 0.588 0.083 0.584 0.058 0.568 0.044 0.554 0.026 0.522 0.019 0.503 0.011 0.473 0.011 0.415 0.017 0.388 0.026 0.361 0.043 0.333 0.058 0.317 0.079 0.304 0.103 0.299 0.147 0.299 0.162 0.299 0.18 0.306 0.197 0.316 0.215 0.334 0.228 0.359 0.235 0.381 0.243 0.423 0.242 0.47 0.237 0.507 0.235 0.516 0.208 0.515 0.177 0.524 0.13 0.559 0.104 0.58
