0 0.149 0.066 0.12 0.061 0.104 0.05 0.111 0.031 0.113 0.0 0.28 0.0 0.285 0.014 0.284 0.025 0.277 0.038 0.268 0.045 0.252 0.052 0.222 0.05 0.192 0.052 0.149 0.066
0 0.458 0.16 0.408 0.16 0.388 0.152 0.371 0.148 0.341 0.127 0.305 0.091 0.293 0.073 0.291 0.064 0.29 0.048 0.299 0.021 0.319 0.002 0.438 0.002 0.477 0.015 0.491 0.023 0.504 0.036 0.517 0.057 0.519 0.067 0.518 0.084 0.511 0.094 0.494 0.111 0.481 0.13 0.458 0.157 0.458 0.16
0 0.245 0.19 0.198 0.185 0.185 0.182 0.168 0.171 0.157 0.161 0.145 0.141 0.139 0.118 0.14 0.098 0.144 0.086 0.154 0.073 0.165 0.064 0.194 0.052 0.205 0.051 0.237 0.052 0.264 0.059 0.275 0.065 0.295 0.083 0.31 0.105 0.313 0.118 0.314 0.136 0.311 0.145 0.306 0.154 0.292 0.169 0.278 0.18 0.265 0.187 0.245 0.19
0 0.382 0.291 0.361 0.291 0.353 0.289 0.341 0.285 0.327 0.277 0.314 0.264 0.303 0.248 0.292 0.23 0.288 0.216 0.292 0.194 0.317 0.162 0.336 0.152 0.364 0.148 0.38 0.15 0.395 0.154 0.421 0.165 0.441 0.178 0.453 0.189 0.461 0.201 0.468 0.227 0.468 0.235 0.449 0.248 0.428 0.277 0.403 0.288 0.382 0.291
0 0.067 0.264 0.031 0.263 0.001 0.254 0.001 0.085 0.052 0.086 0.082 0.097 0.103 0.111 0.122 0.129 0.138 0.149 0.144 0.164 0.146 0.177 0.146 0.201 0.142 0.214 0.13 0.234 0.115 0.248 0.103 0.254 0.083 0.262 0.067 0.264
0 0.114 0.0 0.114 0.014 0.104 0.042 0.093 0.058 0.084 0.067 0.062 0.079 0.051 0.082 0.039 0.083 0.0 0.082
0 0.153 0.295 0.147 0.291 0.134 0.273 0.124 0.246 0.139 0.221 0.147 0.202 0.152 0.198 0.164 0.192 0.179 0.188 0.195 0.187 0.222 0.188 0.24 0.192 0.259 0.198 0.286 0.215 0.294 0.233 0.311 0.26 0.309 0.273 0.304 0.283 0.264 0.281 0.249 0.277 0.244 0.28 0.238 0.288 0.231 0.291 0.218 0.288 0.199 0.287 0.175 0.29 0.153 0.295
0 0.593 0.256 0.585 0.256 0.562 0.238 0.536 0.228 0.504 0.227 0.48 0.231 0.459 0.187 0.456 0.169 0.463 0.151 0.482 0.135 0.51 0.123 0.531 0.117 0.569 0.112 0.6 0.111 0.63 0.113 0.644 0.117 0.658 0.124 0.672 0.136 0.679 0.147 0.689 0.17 0.689 0.19 0.685 0.202 0.672 0.217 0.659 0.226 0.615 0.251 0.604 0.255 0.593 0.256
0 0.66 0.122 0.655 0.122 0.638 0.115 0.619 0.112 0.599 0.11 0.56 0.112 0.549 0.103 0.541 0.093 0.536 0.084 0.534 0.067 0.537 0.055 0.544 0.038 0.566 0.012 0.584 0.001 0.671 0.001 0.688 0.011 0.694 0.019 0.701 0.033 0.706 0.05 0.706 0.059 0.703 0.077 0.695 0.094 0.683 0.107 0.67 0.117 0.66 0.122
0 0.757 0.218 0.743 0.216 0.726 0.208 0.704 0.194 0.691 0.182 0.68 0.15 0.675 0.141 0.665 0.13 0.665 0.125 0.693 0.097 0.71 0.072 0.719 0.064 0.733 0.058 0.76 0.054 0.796 0.055 0.832 0.058 0.855 0.064 0.871 0.071 0.879 0.077 0.855 0.114 0.841 0.145 0.837 0.162 0.837 0.173 0.841 0.184 0.818 0.188 0.796 0.195 0.781 0.203 0.767 0.216 0.757 0.218
0 0.949 0.0 0.939 0.028 0.906 0.049 0.879 0.076 0.855 0.063 0.837 0.06 0.827 0.056 0.79 0.054 0.76 0.048 0.755 0.039 0.75 0.014 0.753 0.011 0.78 0.0
0 0.947 0.23 0.929 0.229 0.914 0.208 0.888 0.192 0.873 0.185 0.842 0.184 0.837 0.172 0.839 0.151 0.846 0.132 0.865 0.097 0.88 0.075 0.902 0.053 0.924 0.037 0.945 0.026 0.968 0.019 0.997 0.015 0.997 0.219 0.971 0.228 0.947 0.23
0 0.811 0.378 0.794 0.377 0.751 0.368 0.732 0.356 0.721 0.344 0.716 0.332 0.714 0.315 0.716 0.298 0.724 0.279 0.751 0.237 0.769 0.214 0.784 0.201 0.797 0.195 0.822 0.187 0.85 0.184 0.869 0.185 0.891 0.193 0.906 0.202 0.916 0.209 0.924 0.222 0.929 0.238 0.935 0.274 0.932 0.306 0.924 0.323 0.915 0.337 0.9 0.353 0.886 0.363 0.869 0.37 0.854 0.374 0.837 0.377 0.811 0.378
0 0.715 0.33 0.704 0.33 0.681 0.315 0.66 0.307 0.64 0.305 0.624 0.308 0.613 0.29 0.613 0.268 0.621 0.251 0.655 0.229 0.679 0.22 0.701 0.217 0.713 0.218 0.736 0.225 0.752 0.233 0.72 0.285 0.714 0.308 0.715 0.33
0 0.528 0.442 0.523 0.442 0.519 0.439 0.518 0.434 0.519 0.429 0.494 0.427 0.481 0.425 0.471 0.426 0.473 0.422 0.458 0.416 0.459 0.405 0.452 0.404 0.448 0.411 0.436 0.403 0.419 0.383 0.412 0.359 0.402 0.337 0.405 0.325 0.414 0.309 0.415 0.301 0.424 0.293 0.432 0.272 0.448 0.25 0.455 0.243 0.467 0.236 0.501 0.228 0.527 0.227 0.54 0.229 0.563 0.239 0.577 0.249 0.596 0.27 0.618 0.297 0.627 0.316 0.632 0.34 0.633 0.361 0.631 0.372 0.624 0.387 0.614 0.398 0.594 0.414 0.567 0.426 0.558 0.429 0.532 0.429 0.534 0.438 0.528 0.442
0 0.183 0.477 0.164 0.476 0.145 0.473 0.132 0.469 0.107 0.456 0.087 0.438 0.072 0.42 0.066 0.402 0.066 0.39 0.072 0.37 0.082 0.351 0.101 0.327 0.118 0.311 0.142 0.299 0.164 0.292 0.192 0.288 0.215 0.288 0.232 0.292 0.266 0.306 0.299 0.325 0.312 0.339 0.326 0.358 0.33 0.373 0.33 0.39 0.322 0.414 0.301 0.434 0.283 0.446 0.248 0.461 0.183 0.477
0 0.067 0.411 0.053 0.41 0.034 0.405 0.016 0.397 0.001 0.387 0.001 0.283 0.016 0.279 0.038 0.267 0.052 0.264 0.069 0.265 0.09 0.271 0.12 0.284 0.144 0.297 0.111 0.317 0.085 0.347 0.068 0.384 0.065 0.396 0.067 0.411
0 0.329 0.409 0.324 0.408 0.329 0.392 0.33 0.373 0.325 0.358 0.318 0.346 0.298 0.325 0.285 0.316 0.233 0.292 0.243 0.287 0.254 0.283 0.274 0.281 0.293 0.282 0.312 0.286 0.327 0.291 0.344 0.301 0.359 0.313 0.372 0.327 0.377 0.338 0.38 0.352 0.379 0.367 0.375 0.376 0.368 0.385 0.349 0.401 0.329 0.409
0 0.656 0.476 0.626 0.471 0.609 0.463 0.594 0.452 0.578 0.433 0.578 0.423 0.606 0.406 0.626 0.384 0.633 0.364 0.633 0.348 0.629 0.325 0.623 0.308 0.635 0.305 0.656 0.306 0.68 0.315 0.718 0.34 0.729 0.355 0.741 0.363 0.758 0.372 0.761 0.378 0.762 0.374 0.762 0.413 0.755 0.427 0.745 0.44 0.723 0.457 0.701 0.468 0.685 0.473 0.656 0.476
0 0.817 0.443 0.798 0.443 0.786 0.441 0.766 0.435 0.759 0.43 0.757 0.424 0.761 0.412 0.762 0.396 0.756 0.38 0.748 0.367 0.804 0.378 0.826 0.377 0.851 0.374 0.868 0.37 0.879 0.366 0.893 0.358 0.91 0.344 0.916 0.357 0.916 0.378 0.911 0.39 0.899 0.404 0.878 0.42 0.848 0.436 0.835 0.441 0.817 0.443
0 0.0 0.417 0.043 0.416 0.074 0.422 0.086 0.437 0.104 0.454 0.139 0.472 0.146 0.477 0.153 0.506 0.151 0.52 0.143 0.534 0.132 0.546 0.115 0.557 0.085 0.57 0.061 0.576 0.028 0.579 0.0 0.579
0 0.359 0.577 0.339 0.576 0.312 0.567 0.286 0.553 0.278 0.544 0.271 0.53 0.267 0.517 0.267 0.505 0.281 0.462 0.294 0.444 0.309 0.427 0.324 0.414 0.35 0.401 0.377 0.395 0.401 0.394 0.425 0.399 0.448 0.41 0.452 0.408 0.458 0.409 0.459 0.417 0.468 0.425 0.481 0.442 0.508 0.471 0.513 0.481 0.513 0.496 0.508 0.511 0.496 0.526 0.478 0.541 0.46 0.551 0.443 0.56 0.408 0.571 0.384 0.576 0.359 0.577
0 0.512 0.51 0.509 0.51 0.509 0.508 0.513 0.496 0.514 0.487 0.51 0.474 0.48 0.441 0.465 0.421 0.459 0.417 0.479 0.425 0.5 0.429 0.503 0.431 0.519 0.431 0.521 0.439 0.525 0.444 0.533 0.442 0.531 0.43 0.558 0.429 0.574 0.425 0.582 0.438 0.586 0.449 0.586 0.457 0.576 0.474 0.564 0.483 0.551 0.497 0.519 0.509 0.512 0.51
0 0.711 0.62 0.709 0.617 0.688 0.615 0.627 0.612 0.614 0.608 0.601 0.602 0.593 0.595 0.581 0.578 0.577 0.563 0.577 0.551 0.579 0.544 0.589 0.524 0.603 0.508 0.621 0.491 0.635 0.483 0.651 0.477 0.674 0.475 0.69 0.477 0.718 0.484 0.73 0.489 0.739 0.494 0.75 0.504 0.767 0.534 0.771 0.546 0.771 0.555 0.765 0.585 0.762 0.593 0.755 0.601 0.745 0.608 0.711 0.62
0 0.595 0.607 0.591 0.606 0.576 0.588 0.553 0.573 0.519 0.561 0.497 0.556 0.481 0.555 0.476 0.551 0.477 0.542 0.497 0.525 0.511 0.506 0.513 0.507 0.534 0.502 0.55 0.497 0.56 0.489 0.571 0.488 0.585 0.49 0.598 0.496 0.607 0.502 0.585 0.531 0.579 0.542 0.577 0.553 0.577 0.566 0.581 0.578 0.591 0.594 0.601 0.604 0.595 0.607
0 0.788 0.555 0.777 0.554 0.771 0.551 0.769 0.541 0.762 0.522 0.752 0.506 0.738 0.494 0.719 0.485 0.696 0.478 0.679 0.475 0.7 0.468 0.717 0.46 0.743 0.442 0.76 0.442 0.767 0.44 0.779 0.445 0.801 0.463 0.82 0.493 0.822 0.501 0.798 0.527 0.791 0.542 0.791 0.554 0.788 0.555
0 0.996 0.505 0.991 0.505 0.949 0.479 0.906 0.47 0.889 0.469 0.866 0.473 0.852 0.478 0.828 0.493 0.824 0.477 0.829 0.459 0.834 0.451 0.845 0.44 0.865 0.427 0.885 0.42 0.913 0.415 0.942 0.416 0.959 0.419 0.973 0.424 0.984 0.431 1.0 0.45 1.0 0.503 0.996 0.505
0 0.942 0.654 0.908 0.652 0.886 0.645 0.876 0.633 0.865 0.624 0.829 0.608 0.808 0.587 0.796 0.566 0.792 0.553 0.792 0.543 0.803 0.522 0.82 0.505 0.827 0.494 0.838 0.485 0.855 0.476 0.872 0.471 0.907 0.47 0.946 0.479 0.975 0.494 0.999 0.511 0.999 0.64 0.99 0.645 0.971 0.651 0.942 0.654
0 0.803 0.774 0.787 0.774 0.767 0.771 0.719 0.752 0.692 0.728 0.682 0.715 0.676 0.701 0.674 0.667 0.676 0.657 0.685 0.639 0.696 0.629 0.711 0.621 0.73 0.613 0.756 0.607 0.772 0.605 0.806 0.606 0.831 0.61 0.852 0.618 0.871 0.63 0.884 0.645 0.889 0.657 0.887 0.686 0.916 0.684 0.92 0.687 0.915 0.696 0.899 0.694 0.885 0.694 0.871 0.743 0.866 0.751 0.855 0.76 0.844 0.766 0.832 0.77 0.803 0.774
0 0.484 0.697 0.45 0.694 0.423 0.685 0.409 0.676 0.402 0.667 0.389 0.648 0.386 0.639 0.383 0.624 0.384 0.605 0.387 0.593 0.393 0.583 0.407 0.571 0.452 0.556 0.474 0.555 0.497 0.556 0.518 0.561 0.547 0.571 0.561 0.578 0.576 0.588 0.587 0.599 0.593 0.61 0.592 0.621 0.584 0.654 0.578 0.662 0.558 0.68 0.547 0.686 0.534 0.69 0.516 0.694 0.484 0.697
0 0.217 0.632 0.191 0.629 0.17 0.623 0.158 0.617 0.148 0.609 0.129 0.59 0.119 0.576 0.119 0.556 0.132 0.546 0.142 0.536 0.153 0.515 0.162 0.509 0.178 0.503 0.205 0.5 0.23 0.501 0.25 0.504 0.264 0.507 0.266 0.51 0.267 0.523 0.262 0.521 0.271 0.529 0.28 0.547 0.296 0.559 0.275 0.575 0.262 0.588 0.252 0.606 0.247 0.626 0.237 0.63 0.217 0.632
0 0.347 0.685 0.312 0.684 0.289 0.677 0.265 0.662 0.251 0.642 0.247 0.622 0.254 0.598 0.27 0.578 0.297 0.56 0.314 0.568 0.344 0.576 0.364 0.577 0.397 0.573 0.402 0.574 0.388 0.592 0.384 0.612 0.387 0.642 0.399 0.666 0.389 0.674 0.377 0.679 0.347 0.685
0 0.061 0.707 0.044 0.707 0.028 0.705 0.003 0.696 0.003 0.585 0.015 0.58 0.049 0.578 0.079 0.572 0.095 0.576 0.109 0.58 0.126 0.59 0.141 0.602 0.153 0.62 0.155 0.648 0.152 0.659 0.146 0.667 0.136 0.678 0.123 0.689 0.096 0.701 0.061 0.707
0 0.092 0.823 0.059 0.818 0.027 0.802 0.014 0.792 0.004 0.777 0.002 0.768 0.001 0.754 0.004 0.74 0.014 0.722 0.028 0.708 0.041 0.71 0.054 0.715 0.055 0.713 0.046 0.71 0.044 0.707 0.071 0.705 0.101 0.699 0.124 0.688 0.14 0.688 0.16 0.698 0.175 0.711 0.187 0.736 0.184 0.761 0.178 0.775 0.168 0.788 0.124 0.819 0.092 0.823
0 0.217 0.744 0.196 0.728 0.181 0.711 0.173 0.706 0.168 0.699 0.168 0.692 0.178 0.677 0.211 0.655 0.228 0.649 0.255 0.649 0.262 0.659 0.274 0.669 0.301 0.682 0.285 0.684 0.273 0.687 0.256 0.695 0.243 0.704 0.227 0.722 0.217 0.744
0 0.317 0.855 0.266 0.851 0.254 0.849 0.244 0.842 0.234 0.831 0.226 0.816 0.218 0.78 0.217 0.748 0.221 0.733 0.23 0.718 0.241 0.705 0.255 0.695 0.273 0.687 0.292 0.683 0.327 0.685 0.382 0.694 0.397 0.698 0.415 0.707 0.424 0.714 0.433 0.727 0.436 0.739 0.436 0.76 0.426 0.783 0.416 0.798 0.384 0.832 0.37 0.845 0.359 0.851 0.353 0.853 0.317 0.855
0 0.543 0.826 0.527 0.825 0.51 0.821 0.488 0.812 0.476 0.804 0.459 0.783 0.455 0.774 0.454 0.758 0.457 0.741 0.463 0.729 0.475 0.711 0.487 0.699 0.492 0.697 0.531 0.691 0.556 0.683 0.596 0.691 0.606 0.696 0.614 0.703 0.625 0.718 0.632 0.734 0.637 0.754 0.638 0.772 0.636 0.785 0.631 0.797 0.625 0.805 0.613 0.815 0.585 0.824 0.543 0.826
0 0.673 0.69 0.621 0.69 0.614 0.687 0.583 0.658 0.593 0.613 0.588 0.6 0.572 0.582 0.582 0.582 0.591 0.595 0.602 0.603 0.624 0.611 0.641 0.613 0.677 0.613 0.708 0.619 0.708 0.622 0.688 0.636 0.679 0.649 0.673 0.665 0.673 0.69
0 0.718 0.836 0.698 0.834 0.69 0.835 0.675 0.832 0.666 0.827 0.662 0.827 0.658 0.824 0.653 0.825 0.647 0.821 0.64 0.817 0.63 0.805 0.629 0.8 0.636 0.784 0.638 0.769 0.637 0.753 0.63 0.731 0.647 0.709 0.659 0.701 0.672 0.695 0.674 0.695 0.68 0.713 0.691 0.727 0.717 0.75 0.76 0.77 0.785 0.777 0.787 0.787 0.786 0.799 0.781 0.809 0.773 0.818 0.762 0.825 0.746 0.832 0.718 0.83
