0 0.0 0.195 0.023 0.17 0.059 0.159 0.106 0.176 0.135 0.207 0.161 0.252 0.178 0.299 0.185 0.346 0.185 0.371 0.138 0.41 0.095 0.514 0.039 0.486 0.0 0.43
0 0.005 0.994 0.0 0.992 0.0 0.68 0.022 0.667 0.074 0.667 0.101 0.681 0.139 0.752 0.16 0.773 0.17 0.821 0.17 0.901 0.151 0.99 0.005 0.994
0 0.238 0.798 0.18 0.789 0.14 0.757 0.103 0.688 0.089 0.623 0.09 0.548 0.104 0.48 0.134 0.415 0.179 0.376 0.226 0.369 0.269 0.392 0.308 0.455 0.336 0.529 0.339 0.615 0.318 0.709 0.285 0.767 0.238 0.798
0 0.099 0.682 0.056 0.663 0.062 0.581 0.093 0.515 0.09 0.595 0.099 0.682
0 0.342 0.991 0.183 0.987 0.169 0.929 0.174 0.805 0.184 0.795 0.253 0.795 0.297 0.755 0.324 0.773 0.354 0.821 0.364 0.864 0.363 0.936 0.35 0.985 0.342 0.991
0 0.409 0.994 0.379 0.994 0.37 0.981 0.37 0.885 0.38 0.828 0.429 0.829 0.414 0.91 0.409 0.994
0 0.216 0.334 0.184 0.333 0.164 0.26 0.135 0.203 0.153 0.158 0.187 0.126 0.193 0.132 0.2 0.195 0.216 0.238 0.236 0.268 0.266 0.288 0.216 0.334
0 0.26 0.273 0.231 0.261 0.198 0.191 0.191 0.099 0.204 0.001 0.346 0.001 0.361 0.088 0.36 0.152 0.309 0.195 0.291 0.227 0.28 0.271 0.26 0.273
0 0.291 0.415 0.257 0.383 0.22 0.364 0.246 0.304 0.277 0.287 0.275 0.339 0.291 0.415
0 0.401 0.501 0.359 0.5 0.335 0.485 0.302 0.438 0.278 0.364 0.275 0.293 0.288 0.232 0.313 0.187 0.34 0.162 0.38 0.154 0.42 0.173 0.451 0.217 0.471 0.285 0.476 0.36 0.468 0.412 0.439 0.425 0.401 0.501
0 0.431 0.834 0.389 0.834 0.365 0.82 0.333 0.773 0.315 0.719 0.341 0.604 0.367 0.551 0.393 0.549 0.392 0.601 0.404 0.695 0.426 0.761 0.452 0.8 0.431 0.834
0 0.512 0.823 0.473 0.816 0.441 0.787 0.418 0.745 0.4 0.684 0.39 0.595 0.393 0.542 0.405 0.495 0.443 0.422 0.503 0.418 0.53 0.439 0.58 0.505 0.604 0.584 0.61 0.661 0.596 0.729 0.554 0.793 0.512 0.823
0 0.62 0.998 0.408 0.998 0.408 0.928 0.425 0.846 0.449 0.798 0.485 0.818 0.512 0.82 0.572 0.782 0.593 0.812 0.61 0.861 0.619 0.918 0.62 0.998
0 0.677 0.991 0.618 0.989 0.617 0.874 0.639 0.867 0.684 0.878 0.677 0.991
0 0.912 0.995 0.678 0.995 0.677 0.937 0.696 0.848 0.724 0.802 0.755 0.777 0.807 0.773 0.857 0.806 0.883 0.847 0.904 0.914 0.912 0.995
0 0.679 0.852 0.65 0.849 0.617 0.828 0.596 0.805 0.579 0.766 0.599 0.716 0.609 0.633 0.601 0.57 0.578 0.486 0.732 0.487 0.731 0.579 0.743 0.637 0.764 0.69 0.76 0.722 0.743 0.777 0.697 0.844 0.679 0.852
0 0.875 0.759 0.825 0.752 0.781 0.716 0.749 0.656 0.731 0.586 0.73 0.491 0.743 0.434 0.776 0.375 0.823 0.337 0.882 0.337 0.922 0.364 0.961 0.421 0.987 0.509 0.984 0.599 0.961 0.673 0.924 0.729 0.875 0.759
0 0.673 0.493 0.63 0.485 0.591 0.446 0.57 0.396 0.557 0.324 0.564 0.246 0.581 0.197 0.61 0.155 0.661 0.126 0.698 0.134 0.733 0.162 0.757 0.211 0.771 0.293 0.765 0.367 0.74 0.433 0.711 0.472 0.673 0.493
0 0.575 0.494 0.515 0.429 0.468 0.421 0.474 0.296 0.516 0.262 0.561 0.266 0.559 0.33 0.568 0.384 0.588 0.438 0.605 0.462 0.575 0.494
0 0.481 0.284 0.469 0.282 0.447 0.216 0.418 0.176 0.393 0.159 0.362 0.155 0.362 0.097 0.456 0.097 0.48 0.122 0.499 0.168 0.507 0.224 0.506 0.264 0.481 0.284
0 0.431 0.098 0.379 0.072 0.347 0.008 0.511 0.008 0.483 0.07 0.431 0.098
0 0.558 0.163 0.497 0.163 0.466 0.099 0.496 0.051 0.512 0.002 0.557 0.002 0.577 0.06 0.579 0.095 0.555 0.152 0.558 0.163
0 0.711 0.0 0.702 0.033 0.663 0.086 0.6 0.083 0.575 0.05 0.558 0.0
0 0.806 0.277 0.77 0.277 0.75 0.197 0.711 0.14 0.712 0.083 0.726 0.018 0.734 0.001 0.897 0.001 0.91 0.043 0.914 0.106 0.913 0.145 0.901 0.203 0.867 0.258 0.806 0.27
