0 0.785 0.549 0.77 0.549 0.756 0.543 0.717 0.506 0.704 0.484 0.699 0.47 0.697 0.455 0.698 0.441 0.695 0.431 0.697 0.399 0.7 0.385 0.706 0.369 0.716 0.354 0.726 0.345 0.739 0.338 0.754 0.327 0.768 0.323 0.777 0.323 0.792 0.329 0.8 0.327 0.807 0.33 0.814 0.335 0.82 0.343 0.83 0.348 0.838 0.355 0.846 0.365 0.853 0.38 0.865 0.397 0.871 0.413 0.874 0.431 0.872 0.459 0.862 0.492 0.855 0.507 0.848 0.517 0.835 0.529 0.821 0.534 0.814 0.54 0.785 0.549
0 0.737 0.752 0.721 0.751 0.709 0.746 0.696 0.734 0.686 0.719 0.675 0.69 0.671 0.674 0.668 0.647 0.667 0.614 0.669 0.599 0.674 0.586 0.68 0.572 0.692 0.559 0.712 0.548 0.726 0.545 0.748 0.543 0.784 0.556 0.801 0.57 0.809 0.58 0.816 0.595 0.82 0.611 0.821 0.633 0.813 0.689 0.808 0.704 0.801 0.718 0.789 0.731 0.777 0.739 0.758 0.747 0.737 0.752
0 0.661 0.947 0.64 0.944 0.605 0.924 0.589 0.903 0.583 0.887 0.581 0.873 0.581 0.814 0.583 0.8 0.589 0.784 0.605 0.763 0.625 0.749 0.639 0.743 0.652 0.743 0.663 0.746 0.688 0.756 0.701 0.767 0.709 0.778 0.716 0.793 0.724 0.834 0.725 0.851 0.722 0.866 0.716 0.89 0.709 0.905 0.687 0.934 0.675 0.942 0.661 0.947
0 0.349 0.774 0.32 0.769 0.31 0.764 0.294 0.751 0.271 0.724 0.261 0.708 0.255 0.692 0.252 0.674 0.253 0.653 0.257 0.629 0.261 0.618 0.263 0.596 0.272 0.572 0.282 0.559 0.293 0.55 0.309 0.541 0.332 0.533 0.343 0.534 0.356 0.533 0.37 0.537 0.39 0.551 0.397 0.56 0.412 0.572 0.419 0.582 0.426 0.597 0.435 0.629 0.437 0.644 0.436 0.665 0.429 0.698 0.405 0.746 0.398 0.753 0.376 0.768 0.349 0.774
0 0.493 0.938 0.473 0.936 0.462 0.929 0.451 0.927 0.444 0.92 0.435 0.917 0.423 0.909 0.411 0.896 0.405 0.883 0.4 0.869 0.398 0.854 0.401 0.814 0.406 0.802 0.41 0.783 0.419 0.764 0.423 0.752 0.429 0.742 0.439 0.737 0.445 0.727 0.455 0.718 0.465 0.712 0.476 0.709 0.497 0.712 0.507 0.718 0.517 0.727 0.528 0.743 0.534 0.749 0.553 0.782 0.559 0.798 0.562 0.816 0.562 0.843 0.557 0.871 0.551 0.892 0.544 0.907 0.535 0.919 0.523 0.929 0.508 0.937 0.493 0.938
0 0.588 0.756 0.572 0.755 0.56 0.75 0.54 0.734 0.526 0.719 0.513 0.698 0.509 0.684 0.506 0.669 0.506 0.636 0.509 0.613 0.513 0.597 0.521 0.58 0.53 0.567 0.542 0.558 0.554 0.553 0.579 0.547 0.591 0.547 0.613 0.554 0.619 0.558 0.624 0.564 0.639 0.574 0.651 0.587 0.658 0.601 0.662 0.614 0.664 0.629 0.662 0.666 0.658 0.68 0.656 0.698 0.652 0.712 0.645 0.725 0.637 0.735 0.626 0.744 0.588 0.756
0 0.324 0.404 0.31 0.403 0.295 0.397 0.284 0.388 0.269 0.371 0.249 0.339 0.245 0.328 0.241 0.312 0.24 0.292 0.248 0.251 0.253 0.243 0.259 0.225 0.269 0.21 0.282 0.196 0.29 0.191 0.303 0.18 0.315 0.175 0.33 0.173 0.344 0.177 0.356 0.186 0.379 0.216 0.382 0.223 0.391 0.236 0.4 0.261 0.408 0.294 0.408 0.315 0.405 0.334 0.399 0.35 0.379 0.38 0.361 0.393 0.324 0.404
0 0.501 0.342 0.481 0.339 0.44 0.316 0.424 0.299 0.417 0.286 0.413 0.272 0.411 0.257 0.413 0.222 0.421 0.191 0.428 0.176 0.435 0.165 0.445 0.156 0.456 0.15 0.467 0.147 0.48 0.148 0.509 0.156 0.533 0.167 0.543 0.176 0.553 0.191 0.56 0.206 0.568 0.232 0.57 0.247 0.569 0.267 0.565 0.283 0.557 0.301 0.532 0.329 0.512 0.339 0.501 0.342
0 0.618 0.498 0.597 0.496 0.587 0.49 0.577 0.481 0.557 0.45 0.551 0.433 0.548 0.42 0.549 0.394 0.554 0.369 0.56 0.353 0.576 0.332 0.588 0.324 0.598 0.321 0.617 0.321 0.646 0.332 0.658 0.34 0.67 0.354 0.677 0.367 0.684 0.389 0.686 0.403 0.687 0.42 0.685 0.435 0.68 0.448 0.673 0.462 0.665 0.472 0.654 0.481 0.632 0.494 0.618 0.498
0 0.465 0.575 0.45 0.574 0.423 0.562 0.411 0.554 0.4 0.541 0.391 0.523 0.387 0.501 0.381 0.486 0.379 0.459 0.388 0.413 0.395 0.398 0.403 0.387 0.417 0.375 0.45 0.357 0.46 0.354 0.474 0.353 0.487 0.357 0.513 0.371 0.523 0.38 0.533 0.396 0.54 0.414 0.543 0.428 0.543 0.445 0.544 0.453 0.543 0.467 0.544 0.486 0.542 0.501 0.538 0.515 0.524 0.537 0.501 0.559 0.492 0.562 0.479 0.571 0.465 0.57
