0 0.0 0.729 0.013 0.708 0.068 0.649 0.084 0.64 0.12 0.631 0.137 0.633 0.148 0.645 0.152 0.655 0.158 0.689 0.175 0.715 0.186 0.739 0.172 0.778 0.163 0.823 0.164 0.849 0.171 0.886 0.159 0.906 0.14 0.923 0.119 0.935 0.101 0.941 0.066 0.941 0.027 0.931 0.016 0.926 0.005 0.913 0.001 0.892 0.0 0.868
0 0.222 0.999 0.116 0.998 0.113 0.995 0.135 0.969 0.157 0.953 0.176 0.945 0.193 0.944 0.225 0.959 0.248 0.992 0.246 0.997 0.222 0.999
0 0.0 0.439 0.02 0.451 0.032 0.47 0.048 0.524 0.061 0.595 0.06 0.655 0.0 0.726
0 0.263 0.952 0.224 0.95 0.207 0.944 0.181 0.909 0.168 0.87 0.163 0.849 0.162 0.827 0.171 0.779 0.178 0.758 0.202 0.717 0.233 0.691 0.236 0.683 0.276 0.676 0.302 0.677 0.326 0.69 0.352 0.712 0.366 0.736 0.366 0.787 0.353 0.827 0.338 0.884 0.34 0.891 0.339 0.904 0.325 0.921 0.307 0.935 0.263 0.952
0 0.228 0.693 0.202 0.681 0.151 0.641 0.139 0.622 0.13 0.588 0.126 0.529 0.128 0.509 0.147 0.459 0.16 0.433 0.174 0.414 0.19 0.403 0.21 0.401 0.229 0.411 0.244 0.403 0.246 0.406 0.245 0.412 0.238 0.418 0.264 0.455 0.271 0.46 0.276 0.458 0.278 0.465 0.3 0.491 0.308 0.512 0.317 0.546 0.317 0.571 0.307 0.628 0.303 0.642 0.288 0.672 0.237 0.683 0.233 0.691 0.228 0.693
0 0.07 0.643 0.064 0.641 0.062 0.637 0.064 0.599 0.06 0.575 0.06 0.56 0.057 0.549 0.053 0.544 0.046 0.509 0.05 0.48 0.055 0.462 0.074 0.432 0.095 0.419 0.121 0.436 0.152 0.444 0.131 0.502 0.126 0.525 0.131 0.589 0.139 0.629 0.112 0.631 0.07 0.643
0 0.0 0.175 0.01 0.156 0.026 0.141 0.048 0.144 0.061 0.156 0.078 0.187 0.099 0.246 0.097 0.255 0.086 0.264 0.074 0.281 0.069 0.293 0.066 0.312 0.066 0.341 0.082 0.399 0.081 0.404 0.07 0.417 0.059 0.426 0.037 0.429 0.013 0.416 0.0 0.401
0 0.153 0.444 0.136 0.442 0.117 0.433 0.096 0.414 0.08 0.391 0.067 0.348 0.065 0.321 0.071 0.288 0.083 0.269 0.117 0.242 0.138 0.238 0.153 0.242 0.159 0.273 0.173 0.311 0.173 0.317 0.178 0.325 0.192 0.368 0.208 0.4 0.185 0.405 0.166 0.424 0.153 0.444
0 0.285 0.471 0.278 0.467 0.275 0.46 0.271 0.462 0.264 0.457 0.244 0.428 0.241 0.418 0.246 0.41 0.245 0.405 0.236 0.406 0.23 0.412 0.209 0.402 0.19 0.364 0.159 0.274 0.147 0.206 0.146 0.185 0.149 0.156 0.152 0.14 0.158 0.126 0.182 0.083 0.19 0.074 0.201 0.069 0.225 0.07 0.246 0.084 0.26 0.101 0.273 0.124 0.28 0.145 0.309 0.252 0.316 0.269 0.317 0.291 0.324 0.316 0.331 0.362 0.332 0.426 0.326 0.438 0.308 0.46 0.285 0.471
0 0.108 0.246 0.103 0.244 0.103 0.227 0.096 0.211 0.09 0.185 0.092 0.118 0.102 0.105 0.109 0.104 0.154 0.122 0.156 0.128 0.149 0.156 0.146 0.186 0.147 0.205 0.152 0.24 0.127 0.239 0.108 0.246
0 0.15 0.0 0.157 0.025 0.17 0.045 0.182 0.056 0.188 0.065 0.184 0.081 0.158 0.126 0.137 0.113 0.097 0.1 0.079 0.083 0.07 0.065 0.062 0.039 0.058 0.02 0.058 0.0
0 0.281 0.0 0.254 0.049 0.236 0.062 0.212 0.068 0.191 0.067 0.179 0.06 0.156 0.025 0.15 0.0
0 0.337 0.0 0.351 0.018 0.383 0.044 0.382 0.091 0.376 0.125 0.359 0.168 0.34 0.19 0.322 0.198 0.308 0.197 0.297 0.19 0.291 0.178 0.282 0.143 0.275 0.131 0.273 0.119 0.272 0.103 0.276 0.071 0.289 0.025 0.293 0.0
0 0.541 0.0 0.534 0.019 0.517 0.044 0.491 0.057 0.466 0.061 0.443 0.061 0.389 0.047 0.354 0.021 0.337 0.0
0 0.49 0.999 0.428 0.999 0.419 0.995 0.419 0.988 0.412 0.993 0.406 0.981 0.394 0.977 0.385 0.98 0.378 0.976 0.353 0.949 0.345 0.929 0.338 0.885 0.353 0.828 0.37 0.778 0.369 0.765 0.372 0.76 0.372 0.75 0.38 0.73 0.39 0.722 0.4 0.719 0.413 0.726 0.435 0.718 0.448 0.697 0.451 0.687 0.471 0.647 0.489 0.626 0.505 0.616 0.538 0.615 0.57 0.646 0.583 0.668 0.59 0.689 0.59 0.722 0.579 0.796 0.577 0.831 0.57 0.861 0.567 0.861 0.558 0.872 0.553 0.889 0.545 0.893 0.516 0.956 0.49 0.999
0 0.379 0.731 0.374 0.721 0.374 0.705 0.383 0.634 0.395 0.59 0.415 0.555 0.431 0.544 0.453 0.571 0.49 0.581 0.496 0.591 0.504 0.585 0.513 0.588 0.515 0.615 0.499 0.619 0.471 0.647 0.448 0.698 0.436 0.718 0.412 0.727 0.4 0.719 0.393 0.72 0.379 0.731
0 0.367 0.743 0.351 0.713 0.312 0.679 0.303 0.666 0.31 0.611 0.311 0.606 0.316 0.611 0.316 0.597 0.321 0.589 0.322 0.576 0.317 0.575 0.316 0.54 0.308 0.512 0.302 0.5 0.303 0.485 0.307 0.471 0.315 0.456 0.343 0.421 0.343 0.448 0.345 0.462 0.346 0.464 0.347 0.458 0.354 0.478 0.361 0.489 0.38 0.503 0.4 0.501 0.408 0.505 0.411 0.499 0.417 0.516 0.419 0.551 0.398 0.583 0.391 0.604 0.382 0.638 0.375 0.689 0.375 0.731 0.367 0.743
0 0.516 0.597 0.512 0.586 0.503 0.584 0.496 0.59 0.49 0.58 0.453 0.571 0.419 0.522 0.408 0.484 0.409 0.473 0.405 0.453 0.405 0.441 0.409 0.435 0.41 0.422 0.408 0.411 0.413 0.397 0.412 0.389 0.407 0.384 0.417 0.353 0.421 0.345 0.453 0.337 0.461 0.331 0.485 0.339 0.53 0.337 0.545 0.344 0.554 0.357 0.561 0.396 0.567 0.412 0.574 0.475 0.572 0.492 0.568 0.51 0.553 0.547 0.54 0.556 0.531 0.572 0.525 0.572 0.522 0.579 0.517 0.576 0.514 0.578 0.518 0.589 0.516 0.597
0 0.386 0.504 0.37 0.498 0.355 0.481 0.343 0.451 0.343 0.412 0.342 0.406 0.338 0.405 0.342 0.398 0.343 0.371 0.349 0.327 0.364 0.284 0.37 0.271 0.383 0.258 0.397 0.251 0.407 0.241 0.414 0.24 0.424 0.263 0.436 0.281 0.448 0.304 0.47 0.332 0.462 0.331 0.453 0.337 0.431 0.343 0.413 0.367 0.407 0.386 0.411 0.391 0.412 0.398 0.407 0.405 0.408 0.425 0.405 0.449 0.408 0.455 0.407 0.463 0.409 0.473 0.405 0.48 0.406 0.49 0.399 0.5 0.386 0.504
0 0.344 0.307 0.325 0.302 0.319 0.293 0.316 0.266 0.308 0.242 0.309 0.221 0.319 0.201 0.329 0.199 0.356 0.173 0.388 0.116 0.404 0.099 0.4 0.136 0.401 0.168 0.406 0.216 0.403 0.226 0.403 0.239 0.396 0.251 0.388 0.252 0.37 0.271 0.356 0.301 0.344 0.307
0 0.486 0.338 0.471 0.334 0.448 0.305 0.416 0.248 0.407 0.218 0.401 0.168 0.402 0.118 0.404 0.098 0.41 0.081 0.424 0.065 0.434 0.059 0.46 0.063 0.494 0.091 0.493 0.094 0.503 0.106 0.502 0.112 0.515 0.141 0.524 0.175 0.528 0.198 0.53 0.236 0.539 0.266 0.539 0.286 0.534 0.295 0.532 0.307 0.528 0.316 0.51 0.334 0.486 0.338
0 0.549 0.607 0.535 0.603 0.529 0.591 0.528 0.58 0.538 0.559 0.554 0.543 0.568 0.511 0.572 0.476 0.567 0.431 0.552 0.363 0.539 0.339 0.542 0.318 0.547 0.31 0.562 0.303 0.577 0.304 0.594 0.316 0.602 0.329 0.61 0.352 0.618 0.394 0.617 0.45 0.609 0.512 0.597 0.553 0.586 0.573 0.566 0.589 0.559 0.601 0.549 0.607
0 0.371 0.997 0.292 0.993 0.282 0.995 0.277 0.987 0.276 0.979 0.279 0.949 0.297 0.941 0.308 0.944 0.328 0.934 0.335 0.914 0.339 0.925 0.342 0.928 0.341 0.934 0.345 0.932 0.36 0.95 0.376 0.972 0.383 0.988 0.371 0.997
0 0.53 0.336 0.524 0.334 0.524 0.322 0.539 0.285 0.539 0.267 0.53 0.236 0.527 0.194 0.514 0.138 0.514 0.125 0.509 0.126 0.506 0.123 0.502 0.112 0.503 0.104 0.511 0.11 0.533 0.1 0.537 0.104 0.539 0.113 0.555 0.157 0.56 0.18 0.566 0.182 0.563 0.197 0.563 0.233 0.565 0.251 0.568 0.256 0.561 0.302 0.535 0.321 0.53 0.336
0 0.627 0.42 0.618 0.42 0.615 0.375 0.603 0.332 0.594 0.316 0.584 0.307 0.576 0.303 0.561 0.303 0.564 0.276 0.586 0.207 0.611 0.156 0.625 0.139 0.626 0.132 0.633 0.131 0.635 0.124 0.652 0.12 0.675 0.121 0.685 0.128 0.696 0.143 0.695 0.147 0.701 0.16 0.7 0.18 0.71 0.207 0.711 0.251 0.709 0.272 0.71 0.3 0.708 0.32 0.7 0.342 0.689 0.358 0.673 0.36 0.645 0.382 0.627 0.42
0 0.514 0.106 0.507 0.098 0.499 0.098 0.494 0.089 0.458 0.062 0.49 0.056 0.514 0.045 0.523 0.035 0.54 0.007 0.549 0.037 0.549 0.057 0.546 0.075 0.541 0.09 0.534 0.099 0.514 0.106
0 0.631 0.0 0.645 0.008 0.655 0.027 0.666 0.083 0.669 0.118 0.635 0.124 0.632 0.131 0.626 0.132 0.621 0.142 0.617 0.141 0.603 0.173 0.588 0.198 0.579 0.193 0.57 0.177 0.561 0.156 0.557 0.127 0.552 0.115 0.548 0.071 0.55 0.019 0.554 0.0
0 0.718 0.664 0.696 0.661 0.658 0.636 0.632 0.606 0.62 0.583 0.61 0.535 0.61 0.494 0.621 0.435 0.643 0.385 0.653 0.374 0.675 0.36 0.688 0.36 0.698 0.366 0.714 0.395 0.72 0.4 0.72 0.41 0.73 0.437 0.73 0.446 0.739 0.454 0.739 0.467 0.748 0.509 0.747 0.518 0.752 0.551 0.751 0.569 0.74 0.612 0.727 0.647 0.728 0.652 0.718 0.664
0 0.632 0.882 0.63 0.874 0.621 0.878 0.618 0.875 0.62 0.87 0.626 0.869 0.625 0.862 0.628 0.857 0.618 0.849 0.598 0.809 0.586 0.771 0.586 0.742 0.592 0.704 0.612 0.648 0.622 0.63 0.639 0.615 0.658 0.636 0.701 0.663 0.703 0.708 0.701 0.733 0.696 0.762 0.674 0.818 0.672 0.828 0.669 0.829 0.661 0.842 0.661 0.848 0.651 0.862 0.65 0.871 0.645 0.864 0.639 0.866 0.634 0.872 0.635 0.877 0.632 0.882
0 0.605 0.998 0.495 0.997 0.508 0.967 0.529 0.933 0.548 0.915 0.583 0.906 0.59 0.908 0.587 0.914 0.592 0.918 0.613 0.949 0.625 0.989 0.624 0.997 0.605 0.998
0 0.823 0.998 0.622 0.998 0.615 0.997 0.612 0.993 0.616 0.974 0.623 0.966 0.653 0.9 0.664 0.882 0.696 0.848 0.715 0.839 0.747 0.833 0.781 0.84 0.782 0.833 0.785 0.832 0.791 0.843 0.798 0.848 0.813 0.878 0.826 0.919 0.83 0.941 0.828 0.989 0.826 0.997 0.823 0.998
0 0.669 0.86 0.658 0.859 0.657 0.852 0.669 0.828 0.672 0.827 0.675 0.815 0.688 0.784 0.696 0.778 0.697 0.758 0.702 0.726 0.703 0.678 0.726 0.671 0.772 0.674 0.793 0.686 0.806 0.707 0.81 0.727 0.807 0.769 0.796 0.816 0.788 0.835 0.786 0.832 0.778 0.837 0.746 0.832 0.717 0.837 0.699 0.845 0.683 0.859 0.669 0.86
0 0.591 0.706 0.587 0.682 0.571 0.647 0.541 0.617 0.528 0.612 0.555 0.604 0.567 0.587 0.575 0.589 0.588 0.613 0.603 0.655 0.604 0.668 0.591 0.706
0 0.746 0.505 0.742 0.475 0.738 0.464 0.738 0.454 0.732 0.445 0.732 0.437 0.727 0.432 0.722 0.416 0.721 0.397 0.714 0.396 0.7 0.369 0.69 0.36 0.699 0.345 0.709 0.319 0.722 0.323 0.738 0.34 0.747 0.358 0.756 0.388 0.759 0.409 0.757 0.465 0.746 0.505
0 0.623 0.629 0.616 0.621 0.611 0.612 0.606 0.586 0.606 0.567 0.611 0.547 0.621 0.586 0.63 0.604 0.64 0.616 0.623 0.629
0 0.732 0.654 0.727 0.645 0.741 0.609 0.752 0.557 0.748 0.516 0.756 0.485 0.759 0.462 0.76 0.426 0.757 0.389 0.799 0.388 0.8 0.4 0.798 0.415 0.8 0.425 0.778 0.499 0.769 0.558 0.775 0.62 0.753 0.634 0.732 0.654
0 0.799 0.806 0.803 0.779 0.808 0.767 0.813 0.764 0.81 0.722 0.806 0.705 0.795 0.688 0.785 0.679 0.76 0.671 0.744 0.671 0.74 0.669 0.74 0.661 0.737 0.657 0.737 0.651 0.742 0.645 0.766 0.625 0.776 0.622 0.788 0.65 0.802 0.676 0.815 0.675 0.824 0.682 0.839 0.684 0.842 0.688 0.842 0.72 0.831 0.758 0.816 0.787 0.799 0.806
0 0.878 0.906 0.865 0.902 0.834 0.878 0.824 0.857 0.817 0.815 0.819 0.792 0.833 0.753 0.849 0.73 0.87 0.719 0.904 0.731 0.924 0.752 0.94 0.779 0.946 0.815 0.945 0.83 0.94 0.848 0.924 0.88 0.902 0.896 0.878 0.906
0 0.994 0.998 0.924 0.998 0.914 0.986 0.911 0.951 0.914 0.912 0.926 0.873 0.947 0.832 0.952 0.839 0.965 0.84 0.978 0.848 1.0 0.869 1.0 0.992 0.998 0.997 0.994 0.998
0 0.844 0.706 0.841 0.704 0.84 0.688 0.82 0.683 0.806 0.675 0.802 0.676 0.788 0.651 0.775 0.615 0.769 0.555 0.777 0.501 0.794 0.446 0.806 0.414 0.817 0.396 0.836 0.376 0.852 0.373 0.864 0.385 0.877 0.406 0.887 0.447 0.894 0.49 0.895 0.505 0.882 0.555 0.878 0.59 0.879 0.61 0.889 0.64 0.892 0.656 0.878 0.653 0.865 0.676 0.85 0.69 0.844 0.706
0 0.946 0.673 0.929 0.672 0.901 0.656 0.892 0.647 0.885 0.631 0.878 0.605 0.878 0.584 0.882 0.551 0.897 0.498 0.92 0.463 0.955 0.449 0.983 0.453 0.999 0.461 1.0 0.656 0.981 0.67 0.946 0.673
0 0.939 0.771 0.917 0.742 0.881 0.714 0.876 0.706 0.869 0.685 0.868 0.674 0.877 0.654 0.883 0.652 0.891 0.657 0.892 0.65 0.896 0.65 0.914 0.663 0.935 0.672 0.987 0.666 0.985 0.686 0.969 0.737 0.956 0.757 0.939 0.771
0 0.999 0.463 0.982 0.453 0.968 0.449 0.94 0.451 0.925 0.413 0.919 0.376 0.919 0.334 0.928 0.275 0.94 0.249 0.952 0.229 0.962 0.219 0.977 0.211 1.0 0.21 0.999 0.463
0 0.767 0.388 0.756 0.384 0.745 0.352 0.742 0.343 0.744 0.318 0.753 0.281 0.759 0.266 0.769 0.252 0.795 0.225 0.818 0.208 0.829 0.214 0.835 0.213 0.836 0.204 0.85 0.213 0.864 0.214 0.882 0.205 0.899 0.189 0.908 0.187 0.916 0.191 0.928 0.205 0.937 0.225 0.941 0.245 0.928 0.275 0.922 0.308 0.912 0.326 0.889 0.35 0.863 0.369 0.83 0.371 0.804 0.387 0.767 0.388
0 0.894 0.49 0.884 0.458 0.875 0.408 0.859 0.375 0.883 0.356 0.916 0.323 0.919 0.327 0.917 0.386 0.927 0.431 0.927 0.448 0.92 0.463 0.903 0.484 0.901 0.482 0.894 0.49
0 0.742 0.348 0.724 0.326 0.708 0.319 0.708 0.272 0.712 0.213 0.71 0.203 0.699 0.18 0.7 0.168 0.721 0.172 0.726 0.167 0.733 0.169 0.736 0.174 0.738 0.186 0.758 0.223 0.759 0.263 0.745 0.315 0.742 0.348
0 0.773 0.242 0.76 0.238 0.758 0.215 0.742 0.177 0.735 0.114 0.729 0.111 0.734 0.169 0.726 0.168 0.721 0.172 0.708 0.166 0.709 0.146 0.714 0.109 0.719 0.093 0.723 0.093 0.738 0.114 0.744 0.113 0.755 0.119 0.767 0.111 0.77 0.085 0.772 0.079 0.775 0.083 0.786 0.122 0.792 0.158 0.806 0.195 0.811 0.204 0.801 0.219 0.78 0.238 0.773 0.242
0 0.695 0.139 0.687 0.127 0.67 0.119 0.668 0.096 0.658 0.038 0.667 0.034 0.67 0.029 0.67 0.039 0.673 0.047 0.704 0.047 0.716 0.08 0.716 0.09 0.719 0.092 0.695 0.139
0 0.772 0.0 0.769 0.067 0.77 0.106 0.766 0.114 0.758 0.119 0.739 0.113 0.723 0.091 0.716 0.088 0.716 0.079 0.708 0.059 0.702 0.035 0.705 0.0
0 0.973 0.0 0.952 0.048 0.94 0.089 0.933 0.101 0.925 0.131 0.907 0.176 0.887 0.201 0.864 0.215 0.85 0.213 0.836 0.203 0.835 0.213 0.829 0.215 0.822 0.212 0.816 0.201 0.81 0.199 0.806 0.194 0.792 0.158 0.786 0.124 0.771 0.066 0.769 0.028 0.771 0.0
0 0.941 0.24 0.928 0.207 0.902 0.192 0.9 0.188 0.908 0.175 0.924 0.132 0.933 0.099 0.941 0.086 0.952 0.123 0.953 0.149 0.951 0.199 0.941 0.2
