0 0.432 0.705 0.415 0.701 0.41 0.698 0.39 0.696 0.373 0.681 0.35 0.669 0.335 0.656 0.334 0.652 0.326 0.644 0.325 0.64 0.314 0.625 0.298 0.596 0.273 0.529 0.269 0.478 0.263 0.462 0.263 0.369 0.265 0.348 0.279 0.31 0.28 0.293 0.279 0.285 0.283 0.274 0.308 0.215 0.336 0.176 0.363 0.15 0.39 0.133 0.416 0.125 0.447 0.119 0.476 0.119 0.513 0.132 0.546 0.152 0.569 0.176 0.594 0.216 0.609 0.254 0.621 0.31 0.627 0.375 0.627 0.423 0.618 0.491 0.605 0.551 0.585 0.601 0.564 0.636 0.543 0.662 0.495 0.694 0.482 0.698 0.467 0.698 0.46 0.702 0.432 0.705
0 0.144 0.833 0.111 0.823 0.093 0.811 0.067 0.784 0.054 0.754 0.043 0.704 0.04 0.634 0.046 0.568 0.058 0.51 0.078 0.442 0.105 0.375 0.125 0.339 0.149 0.306 0.176 0.282 0.202 0.267 0.223 0.26 0.245 0.256 0.268 0.257 0.278 0.26 0.285 0.264 0.286 0.27 0.28 0.29 0.28 0.3 0.283 0.299 0.283 0.307 0.281 0.307 0.28 0.301 0.278 0.319 0.27 0.332 0.268 0.345 0.269 0.371 0.266 0.383 0.263 0.419 0.264 0.426 0.267 0.429 0.265 0.464 0.275 0.5 0.276 0.521 0.281 0.546 0.298 0.592 0.311 0.618 0.311 0.625 0.273 0.729 0.259 0.758 0.238 0.788 0.222 0.804 0.21 0.81 0.202 0.82 0.171 0.831 0.144 0.833
0 0.129 0.289 0.107 0.288 0.077 0.277 0.06 0.267 0.03 0.239 0.002 0.199 0.002 0.001 0.259 0.001 0.259 0.144 0.253 0.181 0.241 0.213 0.225 0.242 0.202 0.265 0.168 0.284 0.142 0.285 0.129 0.289
0 0.585 0.179 0.57 0.179 0.551 0.156 0.533 0.143 0.498 0.125 0.478 0.12 0.444 0.12 0.42 0.124 0.389 0.132 0.357 0.104 0.334 0.074 0.309 0.026 0.303 0.009 0.303 0.001 0.722 0.001 0.716 0.034 0.703 0.074 0.694 0.091 0.667 0.128 0.646 0.152 0.627 0.165 0.585 0.179
0 0.749 0.758 0.717 0.755 0.694 0.746 0.685 0.737 0.674 0.732 0.671 0.728 0.666 0.726 0.662 0.72 0.656 0.718 0.65 0.706 0.638 0.693 0.612 0.656 0.596 0.62 0.594 0.611 0.589 0.604 0.589 0.591 0.602 0.554 0.611 0.518 0.621 0.463 0.626 0.422 0.626 0.384 0.623 0.337 0.609 0.255 0.626 0.229 0.639 0.218 0.65 0.211 0.681 0.201 0.718 0.198 0.76 0.208 0.773 0.214 0.784 0.222 0.806 0.244 0.817 0.259 0.837 0.294 0.853 0.33 0.869 0.384 0.884 0.458 0.889 0.519 0.887 0.567 0.877 0.618 0.861 0.662 0.846 0.689 0.831 0.709 0.819 0.719 0.811 0.732 0.783 0.751 0.749 0.758
0 0.999 0.996 0.71 0.996 0.71 0.884 0.729 0.838 0.741 0.822 0.758 0.805 0.797 0.789 0.847 0.789 0.869 0.794 0.896 0.808 0.922 0.826 0.975 0.878 0.978 0.886 0.994 0.903 0.999 0.936 0.999 0.996
0 0.694 0.999 0.405 0.999 0.387 0.973 0.365 0.936 0.35 0.919 0.341 0.905 0.324 0.865 0.316 0.837 0.31 0.793 0.31 0.742 0.315 0.705 0.329 0.665 0.335 0.653 0.338 0.654 0.368 0.68 0.392 0.693 0.419 0.702 0.438 0.703 0.468 0.699 0.481 0.693 0.492 0.692 0.518 0.678 0.548 0.653 0.565 0.633 0.576 0.617 0.582 0.621 0.618 0.664 0.653 0.716 0.67 0.746 0.696 0.812 0.707 0.857 0.707 0.872 0.711 0.882 0.711 0.916 0.711 0.936 0.707 0.946 0.706 0.964 0.694 0.999
0 0.999 0.554 0.99 0.554 0.969 0.537 0.943 0.51 0.922 0.481 0.903 0.449 0.895 0.429 0.884 0.395 0.879 0.367 0.879 0.288 0.888 0.273 0.891 0.257 0.906 0.229 0.933 0.193 0.959 0.17 0.966 0.167 0.979 0.153 0.999 0.153 0.999 0.554
0 0.876 0.36 0.874 0.36 0.874 0.357 0.871 0.36 0.871 0.357 0.861 0.357 0.843 0.307 0.828 0.279 0.807 0.247 0.775 0.216 0.744 0.203 0.746 0.096 0.758 0.0 0.765 0.0 0.792 0.02 0.827 0.035 0.826 0.051 0.813 0.109 0.812 0.116 0.814 0.121 0.925 0.147 0.942 0.147 0.975 0.133 0.993 0.059 0.996 0.058 0.996 0.043 0.999 0.027 0.999 0.145 0.978 0.157 0.962 0.172 0.938 0.188 0.921 0.21 0.917 0.218 0.906 0.229 0.889 0.265 0.881 0.292 0.878 0.334 0.879 0.354 0.876 0.36
0 0.998 0.774 0.974 0.773 0.965 0.76 0.934 0.735 0.92 0.72 0.889 0.675 0.875 0.647 0.872 0.634 0.881 0.599 0.888 0.55 0.888 0.507 0.885 0.465 0.913 0.465 0.928 0.488 0.956 0.523 0.999 0.56 0.998 0.774
0 0.001 0.544 0.002 0.239 0.021 0.266 0.036 0.292 0.054 0.341 0.057 0.356 0.057 0.436 0.056 0.453 0.041 0.497 0.02 0.529 0.001 0.544
0 0.0 0.95 0.001 0.682 0.027 0.7 0.045 0.716 0.055 0.758 0.071 0.788 0.071 0.82 0.07 0.84 0.066 0.857 0.047 0.903 0.032 0.925 0.0 0.95
0 0.003 0.999 0.0 0.998 0.0 0.951 0.015 0.94 0.033 0.947 0.054 0.962 0.074 0.999 0.003 0.999
0 0.33 0.998 0.187 0.998 0.187 0.993 0.219 0.958 0.251 0.938 0.3 0.919 0.343 0.915 0.345 0.918 0.349 0.916 0.363 0.93 0.405 0.997 0.33 0.998
0 0.866 0.036 0.839 0.036 0.814 0.03 0.812 0.032 0.807 0.026 0.792 0.02 0.766 0.001 0.965 0.001 0.906 0.028 0.866 0.03
