0 0.404 1.0 0.224 0.999 0.236 0.979 0.258 0.948 0.279 0.94 0.283 0.941 0.29 0.935 0.304 0.928 0.325 0.922 0.354 0.926 0.371 0.939 0.39 0.965 0.404 1.0
0 0.756 0.999 0.706 0.998 0.735 0.974 0.755 0.945 0.758 0.971 0.756 0.999
0 0.474 1.0 0.404 1.0 0.403 0.997 0.417 0.967 0.436 0.948 0.447 0.943 0.502 0.933 0.537 0.932 0.56 0.94 0.577 0.95 0.603 0.974 0.575 0.969 0.55 0.97 0.503 0.984 0.484 0.993 0.48 0.999 0.474 1.0
0 0.658 1.0 0.48 0.999 0.485 0.991 0.49 0.991 0.497 0.986 0.526 0.976 0.551 0.97 0.569 0.968 0.603 0.974 0.637 0.988 0.658 1.0
0 0.167 0.971 0.15 0.971 0.137 0.968 0.125 0.961 0.114 0.947 0.109 0.948 0.088 0.963 0.094 0.922 0.117 0.855 0.136 0.791 0.165 0.761 0.192 0.739 0.209 0.729 0.215 0.722 0.22 0.722 0.225 0.749 0.238 0.781 0.255 0.805 0.296 0.851 0.299 0.856 0.283 0.898 0.272 0.913 0.258 0.927 0.237 0.942 0.202 0.962 0.18 0.97 0.167 0.971
0 0.403 0.992 0.401 0.99 0.384 0.954 0.369 0.936 0.354 0.926 0.334 0.922 0.323 0.922 0.307 0.926 0.287 0.936 0.283 0.94 0.274 0.942 0.283 0.897 0.291 0.874 0.299 0.857 0.301 0.856 0.316 0.866 0.339 0.878 0.37 0.889 0.38 0.894 0.414 0.899 0.426 0.896 0.425 0.917 0.419 0.949 0.409 0.981 0.403 0.992
0 0.706 1.0 0.656 1.0 0.639 0.989 0.602 0.974 0.586 0.958 0.574 0.943 0.563 0.925 0.555 0.905 0.548 0.868 0.548 0.824 0.555 0.791 0.563 0.768 0.574 0.749 0.61 0.716 0.63 0.687 0.642 0.681 0.649 0.674 0.653 0.666 0.656 0.651 0.664 0.636 0.664 0.629 0.667 0.625 0.673 0.633 0.684 0.633 0.69 0.637 0.691 0.643 0.689 0.646 0.688 0.684 0.69 0.691 0.727 0.728 0.749 0.759 0.766 0.805 0.774 0.849 0.774 0.859 0.772 0.865 0.768 0.903 0.754 0.947 0.747 0.96 0.734 0.978 0.706 1.0
0 0.419 0.9 0.404 0.896 0.389 0.897 0.379 0.894 0.338 0.877 0.324 0.868 0.315 0.867 0.294 0.85 0.256 0.807 0.235 0.776 0.227 0.758 0.222 0.74 0.22 0.696 0.221 0.68 0.226 0.653 0.259 0.623 0.262 0.623 0.268 0.618 0.285 0.614 0.313 0.615 0.35 0.623 0.372 0.632 0.42 0.661 0.443 0.683 0.459 0.709 0.471 0.745 0.477 0.768 0.479 0.803 0.476 0.831 0.479 0.833 0.481 0.83 0.485 0.831 0.493 0.808 0.496 0.804 0.499 0.804 0.504 0.816 0.5 0.835 0.505 0.839 0.508 0.852 0.507 0.86 0.503 0.867 0.491 0.866 0.483 0.869 0.482 0.863 0.485 0.854 0.47 0.85 0.456 0.87 0.452 0.878 0.431 0.895 0.419 0.9
0 0.509 0.929 0.493 0.926 0.477 0.914 0.464 0.898 0.455 0.877 0.455 0.873 0.459 0.868 0.462 0.858 0.469 0.852 0.476 0.85 0.485 0.853 0.486 0.855 0.482 0.859 0.483 0.869 0.492 0.865 0.503 0.865 0.508 0.851 0.505 0.838 0.499 0.834 0.504 0.816 0.498 0.804 0.496 0.804 0.492 0.81 0.485 0.831 0.482 0.83 0.478 0.835 0.478 0.831 0.476 0.831 0.476 0.82 0.478 0.811 0.48 0.789 0.476 0.757 0.469 0.74 0.476 0.731 0.49 0.764 0.512 0.799 0.519 0.8 0.535 0.791 0.542 0.784 0.547 0.787 0.553 0.798 0.548 0.824 0.547 0.844 0.549 0.872 0.555 0.906 0.541 0.92 0.533 0.925 0.526 0.928 0.509 0.929
0 0.926 0.972 0.916 0.97 0.899 0.962 0.854 0.951 0.818 0.918 0.795 0.888 0.78 0.857 0.773 0.839 0.77 0.821 0.763 0.794 0.751 0.758 0.748 0.714 0.745 0.698 0.747 0.693 0.747 0.661 0.749 0.657 0.75 0.637 0.757 0.613 0.775 0.577 0.778 0.566 0.794 0.542 0.815 0.524 0.843 0.511 0.872 0.505 0.896 0.509 0.917 0.517 0.947 0.533 0.967 0.547 0.988 0.57 0.999 0.587 0.999 0.877 0.994 0.889 0.972 0.914 0.938 0.939 0.934 0.95 0.939 0.955 0.933 0.956 0.931 0.967 0.926 0.972
0 0.751 0.763 0.729 0.731 0.714 0.715 0.715 0.712 0.74 0.701 0.744 0.702 0.747 0.71 0.751 0.763
0 0.516 0.8 0.507 0.798 0.5 0.785 0.486 0.758 0.461 0.694 0.446 0.637 0.448 0.573 0.453 0.55 0.461 0.529 0.466 0.518 0.483 0.498 0.521 0.475 0.531 0.472 0.535 0.465 0.536 0.458 0.541 0.457 0.543 0.446 0.547 0.443 0.558 0.446 0.56 0.451 0.56 0.455 0.568 0.457 0.57 0.462 0.58 0.458 0.588 0.449 0.593 0.434 0.593 0.412 0.59 0.395 0.576 0.355 0.572 0.325 0.572 0.315 0.577 0.299 0.58 0.293 0.584 0.293 0.588 0.299 0.59 0.296 0.593 0.298 0.597 0.307 0.593 0.324 0.593 0.333 0.587 0.34 0.586 0.347 0.59 0.357 0.598 0.356 0.599 0.362 0.602 0.365 0.602 0.369 0.596 0.373 0.596 0.377 0.602 0.397 0.605 0.415 0.603 0.442 0.6 0.453 0.594 0.463 0.603 0.465 0.612 0.47 0.616 0.475 0.619 0.475 0.631 0.469 0.636 0.46 0.638 0.45 0.645 0.455 0.642 0.46 0.643 0.467 0.637 0.47 0.629 0.483 0.619 0.487 0.616 0.495 0.613 0.495 0.604 0.489 0.584 0.486 0.6 0.498 0.615 0.515 0.627 0.532 0.637 0.554 0.643 0.578 0.646 0.598 0.645 0.63 0.641 0.665 0.629 0.692 0.61 0.717 0.565 0.756 0.537 0.79 0.53 0.795 0.516 0.8
0 0.169 0.752 0.157 0.751 0.159 0.747 0.156 0.745 0.153 0.748 0.163 0.724 0.176 0.711 0.19 0.691 0.199 0.668 0.217 0.659 0.218 0.697 0.216 0.711 0.211 0.722 0.206 0.731 0.196 0.739 0.185 0.743 0.176 0.751 0.169 0.752
0 0.0 0.528 0.014 0.483 0.026 0.454 0.049 0.424 0.057 0.418 0.062 0.469 0.074 0.515 0.076 0.527 0.102 0.592 0.12 0.624 0.128 0.635 0.13 0.642 0.124 0.678 0.116 0.71 0.113 0.741 0.111 0.747 0.109 0.748 0.081 0.751 0.053 0.746 0.02 0.731 0.01 0.723 0.0 0.711
0 0.082 1.0 0.058 0.999 0.064 0.984 0.073 0.931 0.08 0.912 0.084 0.886 0.088 0.871 0.093 0.835 0.098 0.817 0.098 0.81 0.096 0.805 0.101 0.802 0.102 0.796 0.113 0.741 0.114 0.717 0.131 0.641 0.102 0.598 0.075 0.527 0.071 0.504 0.066 0.492 0.06 0.467 0.056 0.418 0.056 0.382 0.065 0.329 0.08 0.297 0.103 0.267 0.107 0.265 0.123 0.247 0.147 0.231 0.156 0.23 0.162 0.226 0.153 0.221 0.151 0.216 0.162 0.206 0.168 0.205 0.178 0.212 0.188 0.216 0.198 0.224 0.214 0.229 0.222 0.225 0.224 0.227 0.233 0.228 0.252 0.238 0.27 0.255 0.288 0.279 0.311 0.325 0.319 0.352 0.324 0.376 0.328 0.411 0.327 0.454 0.322 0.485 0.31 0.526 0.288 0.581 0.279 0.598 0.268 0.614 0.245 0.639 0.213 0.663 0.19 0.673 0.177 0.694 0.172 0.708 0.163 0.724 0.132 0.803 0.118 0.858 0.097 0.915 0.087 0.964 0.082 1.0
0 0.52 0.0 0.537 0.01 0.554 0.01 0.56 0.016 0.563 0.025 0.557 0.043 0.558 0.104 0.555 0.129 0.552 0.145 0.546 0.161 0.532 0.184 0.529 0.186 0.524 0.195 0.514 0.202 0.51 0.201 0.5 0.191 0.485 0.182 0.464 0.172 0.437 0.163 0.408 0.164 0.406 0.162 0.393 0.113 0.391 0.095 0.393 0.068 0.398 0.048 0.407 0.026 0.421 0.01 0.432 0.0
0 0.317 0.314 0.308 0.3 0.3 0.292 0.285 0.273 0.273 0.243 0.272 0.233 0.272 0.207 0.275 0.189 0.281 0.174 0.288 0.161 0.3 0.147 0.309 0.14 0.324 0.134 0.319 0.128 0.32 0.125 0.348 0.127 0.353 0.131 0.355 0.137 0.361 0.139 0.37 0.133 0.374 0.14 0.373 0.145 0.377 0.15 0.393 0.15 0.401 0.145 0.405 0.155 0.406 0.165 0.379 0.18 0.359 0.198 0.335 0.234 0.321 0.277 0.317 0.314
0 0.437 0.484 0.423 0.484 0.4 0.479 0.382 0.468 0.367 0.455 0.356 0.44 0.346 0.421 0.339 0.406 0.33 0.376 0.327 0.369 0.32 0.361 0.317 0.348 0.318 0.306 0.32 0.277 0.326 0.254 0.336 0.23 0.353 0.205 0.371 0.185 0.381 0.178 0.411 0.163 0.434 0.163 0.445 0.165 0.479 0.179 0.501 0.192 0.515 0.209 0.525 0.224 0.534 0.245 0.539 0.267 0.541 0.316 0.54 0.366 0.533 0.4 0.524 0.424 0.514 0.441 0.502 0.456 0.501 0.461 0.498 0.465 0.463 0.481 0.437 0.484
0 0.586 0.28 0.556 0.28 0.54 0.27 0.535 0.247 0.519 0.213 0.521 0.195 0.535 0.178 0.55 0.148 0.555 0.128 0.558 0.094 0.565 0.085 0.579 0.086 0.597 0.093 0.615 0.11 0.618 0.155 0.625 0.182 0.638 0.212 0.634 0.233 0.629 0.24 0.625 0.254 0.621 0.26 0.619 0.269 0.615 0.275 0.586 0.28
0 0.631 0.0 0.64 0.015 0.663 0.044 0.675 0.048 0.702 0.046 0.722 0.05 0.736 0.064 0.753 0.09 0.757 0.105 0.759 0.116 0.759 0.145 0.755 0.159 0.743 0.185 0.732 0.2 0.723 0.206 0.713 0.217 0.708 0.218 0.705 0.221 0.682 0.22 0.671 0.225 0.662 0.222 0.649 0.218 0.648 0.212 0.643 0.212 0.64 0.207 0.639 0.21 0.634 0.2 0.63 0.196 0.618 0.156 0.616 0.136 0.617 0.104 0.624 0.078 0.625 0.066 0.614 0.04 0.602 0.016 0.596 0.0
0 0.79 0.334 0.781 0.309 0.764 0.277 0.748 0.253 0.727 0.231 0.706 0.221 0.704 0.218 0.715 0.213 0.732 0.2 0.753 0.199 0.774 0.206 0.799 0.223 0.814 0.226 0.821 0.233 0.823 0.241 0.823 0.255 0.812 0.272 0.801 0.31 0.79 0.334
0 0.797 0.538 0.782 0.533 0.764 0.507 0.754 0.497 0.747 0.499 0.715 0.494 0.696 0.486 0.684 0.478 0.661 0.456 0.633 0.414 0.615 0.368 0.61 0.347 0.608 0.324 0.614 0.28 0.62 0.269 0.621 0.26 0.625 0.254 0.628 0.241 0.635 0.234 0.635 0.23 0.644 0.23 0.645 0.225 0.648 0.223 0.647 0.229 0.657 0.231 0.664 0.227 0.687 0.219 0.701 0.22 0.714 0.224 0.727 0.232 0.746 0.25 0.757 0.266 0.773 0.295 0.784 0.318 0.792 0.346 0.797 0.375 0.8 0.383 0.801 0.413 0.806 0.466 0.808 0.478 0.823 0.517 0.823 0.521 0.797 0.538
0 0.304 0.582 0.301 0.582 0.303 0.578 0.318 0.571 0.343 0.553 0.359 0.533 0.357 0.531 0.353 0.535 0.35 0.533 0.347 0.534 0.322 0.552 0.297 0.558 0.312 0.516 0.32 0.49 0.324 0.469 0.327 0.425 0.325 0.394 0.337 0.394 0.347 0.422 0.361 0.448 0.361 0.48 0.355 0.506 0.359 0.511 0.364 0.512 0.367 0.517 0.371 0.52 0.371 0.53 0.37 0.533 0.343 0.561 0.319 0.576 0.304 0.582
0 0.344 0.621 0.315 0.615 0.283 0.614 0.271 0.617 0.266 0.615 0.283 0.589 0.293 0.581 0.3 0.58 0.31 0.584 0.323 0.583 0.335 0.588 0.338 0.594 0.344 0.621
0 0.642 0.563 0.639 0.559 0.63 0.537 0.618 0.518 0.596 0.494 0.582 0.485 0.586 0.484 0.605 0.488 0.615 0.494 0.618 0.486 0.628 0.483 0.639 0.467 0.643 0.466 0.641 0.461 0.645 0.457 0.644 0.454 0.638 0.45 0.637 0.46 0.631 0.47 0.619 0.476 0.609 0.468 0.606 0.462 0.601 0.465 0.594 0.463 0.601 0.451 0.605 0.432 0.604 0.409 0.597 0.379 0.597 0.377 0.615 0.38 0.622 0.384 0.63 0.406 0.638 0.421 0.662 0.454 0.675 0.47 0.673 0.49 0.665 0.529 0.655 0.548 0.642 0.563
0 0.826 0.517 0.823 0.516 0.818 0.503 0.814 0.498 0.813 0.492 0.807 0.477 0.807 0.468 0.802 0.45 0.802 0.401 0.797 0.367 0.826 0.373 0.852 0.388 0.867 0.407 0.878 0.429 0.884 0.444 0.885 0.463 0.884 0.489 0.879 0.505 0.864 0.505 0.839 0.511 0.826 0.517
0 0.743 0.692 0.737 0.689 0.727 0.69 0.714 0.685 0.706 0.68 0.69 0.677 0.69 0.638 0.683 0.632 0.678 0.634 0.675 0.632 0.662 0.6 0.664 0.577 0.673 0.553 0.693 0.529 0.71 0.519 0.731 0.517 0.75 0.519 0.77 0.532 0.779 0.542 0.779 0.545 0.785 0.543 0.788 0.548 0.788 0.552 0.778 0.565 0.775 0.576 0.764 0.596 0.752 0.629 0.748 0.653 0.746 0.685 0.743 0.692
0 0.458 0.686 0.445 0.686 0.423 0.664 0.386 0.64 0.362 0.627 0.339 0.62 0.339 0.563 0.371 0.533 0.372 0.52 0.368 0.517 0.368 0.513 0.375 0.502 0.38 0.501 0.38 0.497 0.425 0.504 0.429 0.507 0.437 0.506 0.439 0.509 0.446 0.507 0.473 0.509 0.462 0.527 0.454 0.544 0.447 0.579 0.446 0.603 0.448 0.638 0.458 0.686
0 0.636 0.685 0.633 0.681 0.638 0.672 0.644 0.643 0.645 0.622 0.647 0.614 0.645 0.613 0.646 0.609 0.644 0.581 0.652 0.587 0.662 0.6 0.675 0.633 0.671 0.632 0.668 0.625 0.665 0.626 0.663 0.63 0.664 0.636 0.655 0.654 0.651 0.669 0.647 0.677 0.636 0.68
