0 0.439 0.999 0.375 0.999 0.369 0.99 0.367 0.973 0.363 0.963 0.363 0.942 0.367 0.925 0.366 0.876 0.372 0.843 0.411 0.728 0.438 0.658 0.442 0.635 0.45 0.616 0.454 0.593 0.465 0.572 0.478 0.554 0.486 0.532 0.532 0.446 0.553 0.394 0.564 0.375 0.578 0.327 0.591 0.304 0.612 0.273 0.627 0.236 0.664 0.189 0.682 0.162 0.689 0.149 0.703 0.104 0.723 0.065 0.733 0.057 0.748 0.079 0.751 0.091 0.761 0.092 0.781 0.078 0.79 0.052 0.799 0.039 0.819 0.038 0.82 0.048 0.811 0.073 0.81 0.089 0.814 0.094 0.826 0.097 0.82 0.105 0.802 0.11 0.797 0.127 0.773 0.176 0.765 0.208 0.761 0.234 0.754 0.255 0.744 0.277 0.732 0.315 0.7 0.396 0.669 0.463 0.651 0.512 0.648 0.535 0.64 0.561 0.619 0.602 0.61 0.634 0.601 0.649 0.592 0.683 0.561 0.768 0.53 0.84 0.485 0.917 0.458 0.972 0.441 0.987 0.439 0.999
0 0.644 0.894 0.631 0.886 0.619 0.864 0.614 0.86 0.607 0.849 0.609 0.813 0.617 0.791 0.622 0.761 0.619 0.743 0.61 0.732 0.607 0.712 0.611 0.66 0.625 0.594 0.644 0.544 0.651 0.508 0.676 0.444 0.709 0.371 0.733 0.309 0.744 0.273 0.755 0.252 0.762 0.231 0.767 0.199 0.782 0.153 0.806 0.106 0.828 0.098 0.811 0.089 0.811 0.071 0.816 0.051 0.822 0.039 0.822 0.032 0.849 0.025 0.858 0.027 0.867 0.035 0.874 0.047 0.87 0.072 0.863 0.083 0.867 0.097 0.87 0.099 0.871 0.114 0.864 0.143 0.852 0.168 0.841 0.205 0.836 0.245 0.838 0.28 0.832 0.321 0.821 0.36 0.815 0.372 0.808 0.41 0.784 0.505 0.772 0.575 0.749 0.661 0.704 0.796 0.692 0.818 0.679 0.826 0.673 0.858 0.658 0.886 0.644 0.894
0 0.855 0.999 0.669 0.999 0.67 0.989 0.676 0.967 0.674 0.942 0.67 0.935 0.672 0.914 0.672 0.908 0.67 0.907 0.67 0.9 0.678 0.881 0.684 0.862 0.689 0.825 0.702 0.802 0.707 0.782 0.727 0.734 0.747 0.673 0.756 0.629 0.768 0.59 0.78 0.524 0.806 0.413 0.826 0.373 0.839 0.355 0.858 0.344 0.863 0.338 0.874 0.334 0.884 0.341 0.905 0.377 0.915 0.415 0.914 0.427 0.918 0.448 0.918 0.47 0.901 0.635 0.894 0.668 0.879 0.795 0.869 0.857 0.862 0.932 0.854 0.987 0.855 0.999
0 0.321 0.998 0.255 0.998 0.247 0.973 0.236 0.949 0.232 0.925 0.223 0.824 0.216 0.776 0.216 0.747 0.212 0.724 0.211 0.684 0.209 0.661 0.207 0.563 0.207 0.527 0.209 0.515 0.21 0.388 0.204 0.347 0.2 0.275 0.202 0.258 0.199 0.22 0.2 0.188 0.196 0.164 0.189 0.136 0.189 0.117 0.185 0.093 0.192 0.068 0.193 0.045 0.189 0.02 0.18 0.002 0.326 0.002 0.323 0.113 0.305 0.205 0.308 0.246 0.313 0.255 0.322 0.255 0.334 0.246 0.339 0.246 0.344 0.252 0.362 0.284 0.367 0.332 0.356 0.353 0.352 0.354 0.35 0.349 0.347 0.349 0.346 0.36 0.343 0.368 0.339 0.427 0.329 0.457 0.34 0.605 0.342 0.847 0.339 0.905 0.326 0.958 0.321 0.998
0 0.398 0.537 0.387 0.537 0.374 0.529 0.361 0.533 0.347 0.529 0.341 0.52 0.336 0.5 0.331 0.474 0.331 0.458 0.337 0.433 0.341 0.429 0.342 0.396 0.353 0.361 0.367 0.333 0.363 0.309 0.362 0.284 0.345 0.254 0.345 0.248 0.348 0.243 0.389 0.206 0.399 0.191 0.415 0.175 0.467 0.134 0.49 0.089 0.515 0.053 0.525 0.05 0.589 0.001 0.755 0.001 0.755 0.007 0.758 0.017 0.755 0.034 0.761 0.053 0.759 0.068 0.755 0.074 0.748 0.076 0.74 0.068 0.737 0.06 0.725 0.07 0.705 0.099 0.699 0.112 0.691 0.147 0.679 0.164 0.672 0.18 0.637 0.223 0.633 0.231 0.629 0.254 0.622 0.265 0.62 0.265 0.568 0.361 0.537 0.43 0.509 0.457 0.428 0.524 0.398 0.537
0 0.179 0.0 0.181 0.006 0.19 0.021 0.194 0.049 0.194 0.062 0.191 0.078 0.187 0.086 0.186 0.097 0.188 0.106 0.189 0.134 0.199 0.175 0.199 0.199 0.201 0.205 0.203 0.269 0.206 0.302 0.206 0.325 0.203 0.342 0.21 0.367 0.211 0.383 0.211 0.643 0.214 0.736 0.213 0.764 0.216 0.773 0.204 0.81 0.201 0.813 0.197 0.827 0.177 0.87 0.163 0.921 0.15 0.955 0.135 0.983 0.121 0.997 0.049 0.997 0.048 0.99 0.054 0.979 0.041 0.958 0.033 0.911 0.033 0.859 0.037 0.807 0.038 0.765 0.042 0.743 0.072 0.545 0.076 0.501 0.08 0.48 0.092 0.384 0.107 0.282 0.115 0.195 0.118 0.191 0.135 0.115 0.162 0.049 0.168 0.026 0.169 0.012 0.174 0.0
0 0.397 0.767 0.356 0.744 0.34 0.731 0.34 0.639 0.335 0.53 0.335 0.509 0.34 0.522 0.351 0.533 0.372 0.53 0.374 0.539 0.383 0.543 0.397 0.538 0.447 0.618 0.439 0.638 0.439 0.655 0.397 0.767
0 0.36 0.939 0.344 0.937 0.334 0.928 0.338 0.91 0.341 0.874 0.342 0.747 0.343 0.741 0.394 0.767 0.394 0.772 0.378 0.817 0.37 0.847 0.366 0.875 0.366 0.922 0.364 0.933 0.36 0.939
0 0.757 0.089 0.752 0.088 0.75 0.077 0.756 0.072 0.76 0.063 0.759 0.046 0.755 0.035 0.763 0.018 0.77 0.013 0.782 0.01 0.788 0.014 0.793 0.022 0.808 0.02 0.811 0.026 0.812 0.033 0.809 0.039 0.797 0.04 0.797 0.045 0.796 0.04 0.791 0.049 0.785 0.069 0.774 0.084 0.768 0.088 0.76 0.085 0.757 0.089
0 0.446 0.62 0.406 0.557 0.398 0.542 0.405 0.537 0.416 0.536 0.436 0.524 0.469 0.491 0.511 0.457 0.534 0.433 0.528 0.454 0.471 0.565 0.446 0.6
