0 0.402 0.871 0.378 0.865 0.36 0.852 0.352 0.843 0.345 0.831 0.339 0.816 0.333 0.783 0.334 0.765 0.338 0.744 0.345 0.722 0.353 0.707 0.368 0.688 0.383 0.679 0.399 0.674 0.426 0.679 0.44 0.688 0.452 0.699 0.461 0.713 0.468 0.73 0.472 0.762 0.472 0.784 0.466 0.808 0.456 0.832 0.446 0.849 0.424 0.866 0.402 0.871
0 0.306 0.764 0.288 0.763 0.274 0.757 0.261 0.746 0.252 0.735 0.243 0.718 0.235 0.695 0.232 0.681 0.232 0.661 0.236 0.636 0.242 0.62 0.255 0.6 0.274 0.579 0.287 0.568 0.298 0.563 0.316 0.56 0.33 0.56 0.353 0.572 0.365 0.584 0.376 0.599 0.385 0.62 0.389 0.638 0.389 0.669 0.386 0.676 0.364 0.69 0.363 0.694 0.353 0.706 0.342 0.728 0.336 0.75 0.322 0.76 0.306 0.764
0 0.476 0.7 0.452 0.698 0.435 0.683 0.405 0.672 0.393 0.648 0.386 0.624 0.384 0.585 0.394 0.551 0.402 0.537 0.416 0.519 0.43 0.509 0.441 0.504 0.456 0.503 0.471 0.505 0.49 0.514 0.505 0.524 0.526 0.55 0.531 0.564 0.535 0.582 0.537 0.595 0.531 0.616 0.529 0.648 0.522 0.667 0.503 0.689 0.488 0.698 0.476 0.7
0 0.641 0.794 0.629 0.794 0.604 0.786 0.582 0.774 0.57 0.762 0.547 0.73 0.54 0.713 0.532 0.687 0.529 0.656 0.531 0.616 0.535 0.601 0.55 0.57 0.568 0.548 0.59 0.53 0.628 0.517 0.635 0.517 0.638 0.52 0.643 0.522 0.645 0.521 0.643 0.52 0.647 0.52 0.676 0.536 0.696 0.551 0.71 0.568 0.72 0.57 0.726 0.574 0.727 0.579 0.717 0.581 0.729 0.603 0.738 0.649 0.736 0.676 0.737 0.694 0.73 0.704 0.712 0.746 0.694 0.769 0.678 0.782 0.66 0.792 0.641 0.794
0 0.248 0.609 0.23 0.608 0.211 0.602 0.189 0.584 0.178 0.565 0.172 0.549 0.168 0.525 0.167 0.499 0.17 0.478 0.176 0.457 0.185 0.44 0.201 0.42 0.216 0.406 0.229 0.399 0.243 0.394 0.257 0.393 0.278 0.398 0.295 0.407 0.311 0.422 0.321 0.436 0.333 0.469 0.334 0.493 0.333 0.513 0.335 0.526 0.335 0.53 0.328 0.54 0.308 0.56 0.292 0.566 0.282 0.572 0.248 0.609
0 0.392 0.555 0.381 0.554 0.368 0.549 0.347 0.526 0.339 0.508 0.335 0.492 0.333 0.461 0.34 0.43 0.354 0.406 0.362 0.397 0.378 0.387 0.399 0.383 0.423 0.392 0.435 0.402 0.444 0.415 0.452 0.431 0.457 0.447 0.461 0.465 0.46 0.488 0.456 0.503 0.436 0.506 0.416 0.519 0.401 0.538 0.392 0.555
0 0.532 0.548 0.524 0.546 0.508 0.526 0.492 0.515 0.462 0.502 0.459 0.489 0.46 0.464 0.466 0.432 0.482 0.405 0.49 0.398 0.504 0.39 0.527 0.39 0.552 0.403 0.567 0.423 0.576 0.454 0.575 0.48 0.563 0.518 0.551 0.536 0.532 0.548
0 0.568 0.547 0.565 0.529 0.565 0.509 0.57 0.489 0.584 0.464 0.599 0.452 0.614 0.446 0.63 0.448 0.64 0.452 0.66 0.467 0.669 0.481 0.674 0.495 0.677 0.516 0.676 0.537 0.648 0.522 0.624 0.518 0.598 0.526 0.568 0.547
0 0.743 0.554 0.729 0.554 0.706 0.548 0.689 0.538 0.678 0.526 0.672 0.493 0.656 0.463 0.656 0.449 0.658 0.429 0.665 0.407 0.675 0.388 0.688 0.374 0.702 0.366 0.705 0.357 0.722 0.352 0.737 0.345 0.746 0.345 0.752 0.349 0.76 0.366 0.772 0.372 0.778 0.354 0.785 0.342 0.788 0.342 0.791 0.347 0.789 0.359 0.785 0.368 0.794 0.368 0.799 0.377 0.798 0.38 0.796 0.378 0.794 0.378 0.787 0.386 0.796 0.392 0.807 0.393 0.814 0.402 0.811 0.41 0.805 0.409 0.812 0.427 0.815 0.442 0.816 0.459 0.813 0.483 0.805 0.509 0.79 0.532 0.768 0.548 0.743 0.554
0 0.586 0.464 0.576 0.462 0.575 0.447 0.569 0.428 0.561 0.414 0.549 0.4 0.55 0.391 0.557 0.367 0.571 0.348 0.586 0.339 0.609 0.339 0.626 0.35 0.639 0.368 0.646 0.39 0.646 0.415 0.642 0.43 0.632 0.447 0.618 0.446 0.607 0.449 0.592 0.457 0.586 0.464
0 0.456 0.434 0.453 0.434 0.437 0.405 0.422 0.391 0.407 0.385 0.391 0.383 0.385 0.358 0.383 0.334 0.385 0.319 0.392 0.299 0.406 0.276 0.396 0.283 0.388 0.293 0.394 0.282 0.408 0.27 0.44 0.256 0.439 0.25 0.433 0.258 0.43 0.258 0.438 0.245 0.446 0.242 0.451 0.252 0.455 0.251 0.46 0.239 0.464 0.237 0.469 0.243 0.47 0.249 0.478 0.244 0.481 0.251 0.501 0.262 0.518 0.279 0.532 0.309 0.535 0.327 0.536 0.346 0.532 0.37 0.524 0.388 0.506 0.39 0.493 0.396 0.481 0.406 0.466 0.432 0.456 0.43
