0 0.238 0.866 0.197 0.86 0.162 0.834 0.151 0.818 0.142 0.795 0.137 0.769 0.136 0.749 0.141 0.7 0.151 0.675 0.165 0.654 0.179 0.642 0.202 0.632 0.23 0.622 0.244 0.622 0.263 0.624 0.283 0.632 0.298 0.641 0.313 0.656 0.324 0.676 0.333 0.703 0.337 0.722 0.338 0.738 0.336 0.756 0.328 0.784 0.299 0.833 0.29 0.844 0.27 0.86 0.238 0.866
0 0.442 0.752 0.43 0.751 0.412 0.743 0.398 0.734 0.376 0.713 0.359 0.682 0.353 0.658 0.353 0.636 0.356 0.616 0.363 0.591 0.378 0.563 0.388 0.549 0.402 0.536 0.422 0.526 0.441 0.521 0.46 0.522 0.475 0.527 0.495 0.539 0.509 0.555 0.516 0.572 0.522 0.594 0.526 0.63 0.525 0.652 0.523 0.669 0.517 0.686 0.509 0.702 0.492 0.727 0.469 0.744 0.456 0.75 0.442 0.752
0 0.298 0.622 0.268 0.617 0.253 0.61 0.242 0.602 0.231 0.589 0.222 0.575 0.216 0.548 0.216 0.536 0.219 0.523 0.229 0.508 0.238 0.485 0.223 0.476 0.221 0.474 0.221 0.471 0.228 0.464 0.236 0.474 0.243 0.476 0.266 0.439 0.278 0.432 0.291 0.428 0.315 0.436 0.327 0.444 0.342 0.462 0.359 0.495 0.363 0.508 0.363 0.523 0.366 0.534 0.366 0.54 0.357 0.558 0.353 0.581 0.336 0.604 0.317 0.618 0.298 0.622
0 0.677 0.822 0.666 0.822 0.653 0.817 0.64 0.807 0.628 0.794 0.598 0.745 0.591 0.726 0.587 0.702 0.587 0.677 0.591 0.651 0.598 0.625 0.607 0.604 0.623 0.583 0.655 0.57 0.681 0.568 0.694 0.571 0.712 0.582 0.724 0.594 0.739 0.616 0.748 0.636 0.757 0.667 0.76 0.692 0.76 0.716 0.757 0.733 0.748 0.761 0.739 0.778 0.729 0.792 0.716 0.804 0.692 0.818 0.677 0.822
0 0.845 0.796 0.826 0.795 0.81 0.788 0.792 0.775 0.775 0.757 0.759 0.727 0.76 0.69 0.757 0.669 0.75 0.64 0.752 0.628 0.76 0.609 0.775 0.591 0.799 0.576 0.824 0.568 0.842 0.568 0.861 0.573 0.876 0.582 0.888 0.593 0.903 0.612 0.917 0.637 0.923 0.656 0.927 0.685 0.927 0.707 0.923 0.733 0.919 0.747 0.909 0.763 0.898 0.776 0.886 0.784 0.865 0.793 0.845 0.796
0 0.777 0.576 0.761 0.574 0.742 0.558 0.734 0.549 0.724 0.545 0.724 0.449 0.733 0.419 0.741 0.403 0.751 0.39 0.765 0.378 0.778 0.37 0.797 0.366 0.814 0.368 0.845 0.382 0.864 0.398 0.88 0.397 0.884 0.4 0.886 0.404 0.884 0.407 0.87 0.405 0.882 0.427 0.89 0.457 0.891 0.472 0.889 0.486 0.877 0.518 0.864 0.537 0.85 0.552 0.83 0.566 0.802 0.573 0.788 0.573 0.777 0.576
0 0.643 0.57 0.626 0.566 0.614 0.557 0.606 0.545 0.594 0.511 0.588 0.51 0.585 0.504 0.589 0.499 0.587 0.475 0.589 0.446 0.599 0.415 0.609 0.402 0.628 0.387 0.637 0.384 0.653 0.384 0.68 0.392 0.696 0.404 0.724 0.438 0.726 0.445 0.727 0.463 0.723 0.501 0.707 0.531 0.678 0.558 0.665 0.565 0.643 0.57
0 0.685 0.367 0.662 0.364 0.64 0.354 0.623 0.332 0.616 0.304 0.617 0.278 0.621 0.253 0.626 0.235 0.633 0.222 0.643 0.21 0.662 0.199 0.688 0.198 0.702 0.204 0.715 0.214 0.727 0.228 0.741 0.251 0.749 0.283 0.75 0.294 0.746 0.311 0.739 0.328 0.73 0.342 0.723 0.35 0.711 0.358 0.685 0.367
0 0.266 0.364 0.246 0.363 0.232 0.358 0.225 0.351 0.211 0.314 0.206 0.319 0.203 0.317 0.203 0.311 0.206 0.306 0.198 0.28 0.198 0.251 0.201 0.234 0.207 0.222 0.216 0.208 0.229 0.198 0.254 0.19 0.289 0.191 0.298 0.196 0.31 0.206 0.323 0.228 0.333 0.256 0.332 0.284 0.327 0.306 0.321 0.321 0.304 0.348 0.292 0.356 0.266 0.364
0 0.518 0.423 0.493 0.422 0.476 0.408 0.467 0.395 0.457 0.377 0.451 0.359 0.447 0.335 0.446 0.316 0.448 0.305 0.454 0.285 0.47 0.258 0.495 0.238 0.508 0.233 0.519 0.232 0.532 0.234 0.542 0.239 0.565 0.263 0.574 0.279 0.581 0.298 0.586 0.329 0.585 0.345 0.58 0.365 0.572 0.387 0.564 0.402 0.554 0.412 0.544 0.418 0.518 0.423
0 0.448 0.305 0.43 0.305 0.411 0.275 0.394 0.235 0.39 0.205 0.393 0.183 0.404 0.162 0.42 0.149 0.444 0.141 0.44 0.117 0.443 0.114 0.446 0.117 0.448 0.142 0.462 0.145 0.476 0.152 0.492 0.168 0.5 0.185 0.505 0.216 0.503 0.235 0.486 0.245 0.47 0.26 0.457 0.28 0.448 0.305
0 0.501 0.184 0.49 0.164 0.48 0.153 0.448 0.14 0.444 0.112 0.444 0.093 0.454 0.053 0.466 0.036 0.482 0.025 0.509 0.022 0.514 0.018 0.529 0.03 0.547 0.06 0.553 0.082 0.553 0.115 0.544 0.149 0.531 0.17 0.524 0.176 0.501 0.18
