0 0.598 0.697 0.565 0.692 0.544 0.683 0.531 0.674 0.52 0.663 0.511 0.648 0.504 0.632 0.5 0.612 0.5 0.581 0.502 0.556 0.507 0.532 0.516 0.511 0.525 0.498 0.539 0.484 0.559 0.472 0.573 0.467 0.59 0.466 0.606 0.471 0.627 0.484 0.64 0.497 0.653 0.514 0.666 0.539 0.675 0.577 0.675 0.597 0.673 0.621 0.667 0.641 0.658 0.658 0.649 0.67 0.626 0.69 0.612 0.695 0.598 0.697
0 0.646 0.5 0.627 0.484 0.601 0.469 0.581 0.466 0.551 0.476 0.547 0.463 0.543 0.38 0.547 0.35 0.556 0.327 0.564 0.314 0.582 0.294 0.599 0.283 0.613 0.28 0.625 0.28 0.64 0.285 0.651 0.291 0.692 0.332 0.703 0.349 0.711 0.372 0.713 0.391 0.71 0.424 0.705 0.441 0.697 0.46 0.678 0.486 0.663 0.495 0.646 0.5
0 0.765 0.738 0.744 0.735 0.714 0.721 0.702 0.709 0.681 0.679 0.668 0.64 0.674 0.612 0.675 0.577 0.666 0.54 0.655 0.517 0.659 0.511 0.682 0.503 0.697 0.503 0.718 0.508 0.76 0.498 0.787 0.5 0.804 0.508 0.824 0.527 0.834 0.54 0.838 0.554 0.846 0.563 0.853 0.583 0.855 0.602 0.851 0.644 0.84 0.682 0.82 0.714 0.81 0.724 0.789 0.733 0.765 0.738
0 0.768 0.38 0.737 0.375 0.719 0.366 0.708 0.356 0.699 0.341 0.694 0.326 0.691 0.28 0.692 0.26 0.697 0.233 0.712 0.192 0.723 0.177 0.739 0.165 0.752 0.159 0.764 0.157 0.793 0.163 0.816 0.182 0.835 0.207 0.852 0.239 0.87 0.261 0.874 0.26 0.889 0.249 0.897 0.248 0.903 0.251 0.906 0.264 0.901 0.272 0.883 0.277 0.883 0.286 0.878 0.304 0.864 0.322 0.833 0.342 0.8 0.369 0.781 0.378 0.768 0.38
0 0.341 0.621 0.319 0.62 0.298 0.609 0.282 0.594 0.263 0.567 0.256 0.552 0.249 0.521 0.25 0.492 0.258 0.467 0.271 0.445 0.282 0.433 0.303 0.415 0.317 0.408 0.34 0.406 0.383 0.409 0.418 0.419 0.431 0.415 0.444 0.4 0.453 0.4 0.458 0.411 0.457 0.42 0.451 0.429 0.444 0.432 0.439 0.437 0.445 0.446 0.445 0.457 0.396 0.571 0.383 0.592 0.369 0.606 0.341 0.621
0 0.301 0.806 0.283 0.804 0.254 0.792 0.196 0.787 0.163 0.774 0.14 0.753 0.126 0.724 0.121 0.698 0.12 0.673 0.127 0.621 0.136 0.601 0.147 0.584 0.169 0.563 0.191 0.55 0.211 0.545 0.247 0.547 0.255 0.549 0.268 0.573 0.284 0.595 0.295 0.605 0.308 0.613 0.313 0.631 0.318 0.669 0.335 0.724 0.34 0.742 0.34 0.751 0.335 0.768 0.321 0.791 0.307 0.804 0.301 0.806
0 0.13 0.737 0.112 0.722 0.109 0.71 0.109 0.707 0.117 0.705 0.122 0.711 0.13 0.737
0 0.0 0.682 0.023 0.67 0.043 0.668 0.063 0.67 0.101 0.682 0.111 0.689 0.12 0.7 0.121 0.707 0.117 0.705 0.11 0.706 0.109 0.716 0.113 0.722 0.118 0.725 0.132 0.739 0.138 0.756 0.129 0.761 0.125 0.769 0.111 0.82 0.103 0.836 0.088 0.854 0.058 0.877 0.033 0.902 0.029 0.923 0.017 0.929 0.009 0.914 0.0 0.91
0 0.415 0.419 0.39 0.411 0.337 0.405 0.345 0.396 0.352 0.378 0.362 0.364 0.372 0.357 0.385 0.355 0.392 0.339 0.4 0.337 0.405 0.349 0.402 0.364 0.414 0.378 0.435 0.409 0.429 0.415 0.415 0.419
0 0.47 0.708 0.454 0.707 0.43 0.7 0.411 0.688 0.404 0.679 0.396 0.663 0.392 0.646 0.387 0.612 0.387 0.597 0.389 0.582 0.415 0.529 0.437 0.514 0.468 0.5 0.488 0.497 0.502 0.501 0.516 0.51 0.508 0.53 0.502 0.556 0.5 0.578 0.5 0.608 0.503 0.627 0.51 0.647 0.526 0.672 0.52 0.683 0.509 0.693 0.493 0.701 0.47 0.708
0 0.482 0.386 0.453 0.38 0.445 0.376 0.439 0.37 0.419 0.372 0.412 0.367 0.41 0.361 0.421 0.348 0.44 0.346 0.436 0.344 0.434 0.338 0.433 0.32 0.447 0.253 0.459 0.216 0.482 0.188 0.494 0.177 0.508 0.171 0.522 0.171 0.535 0.179 0.553 0.195 0.575 0.229 0.579 0.239 0.585 0.264 0.585 0.292 0.559 0.323 0.548 0.347 0.543 0.366 0.509 0.379 0.482 0.386
0 0.496 0.0 0.503 0.027 0.504 0.091 0.501 0.123 0.492 0.165 0.484 0.184 0.464 0.208 0.441 0.223 0.42 0.228 0.4 0.227 0.389 0.223 0.373 0.213 0.364 0.203 0.35 0.177 0.346 0.162 0.343 0.137 0.334 0.111 0.333 0.092 0.335 0.074 0.342 0.052 0.349 0.038 0.358 0.025 0.371 0.013 0.399 0.0
0 0.608 0.235 0.59 0.235 0.575 0.226 0.555 0.199 0.539 0.181 0.533 0.154 0.533 0.116 0.537 0.098 0.544 0.078 0.561 0.05 0.574 0.038 0.589 0.03 0.619 0.02 0.631 0.02 0.646 0.025 0.664 0.036 0.706 0.071 0.719 0.097 0.72 0.122 0.747 0.14 0.75 0.148 0.751 0.157 0.738 0.166 0.728 0.148 0.721 0.142 0.715 0.141 0.706 0.155 0.685 0.168 0.66 0.202 0.64 0.221 0.628 0.23 0.608 0.235
0 0.926 0.282 0.91 0.281 0.89 0.276 0.902 0.27 0.905 0.265 0.904 0.252 0.9 0.248 0.89 0.248 0.871 0.261 0.857 0.245 0.849 0.232 0.833 0.201 0.813 0.172 0.808 0.154 0.807 0.132 0.781 0.115 0.78 0.104 0.782 0.097 0.788 0.092 0.795 0.093 0.814 0.112 0.831 0.093 0.902 0.054 0.941 0.042 0.971 0.046 0.983 0.052 0.993 0.062 1.0 0.071 1.0 0.215 0.986 0.243 0.968 0.267 0.95 0.278 0.926 0.282
0 0.831 0.49 0.816 0.481 0.802 0.463 0.797 0.425 0.793 0.41 0.784 0.393 0.785 0.377 0.805 0.365 0.832 0.342 0.862 0.323 0.873 0.313 0.9 0.312 0.912 0.319 0.921 0.328 0.927 0.34 0.934 0.366 0.935 0.414 0.928 0.445 0.9 0.449 0.871 0.458 0.851 0.471 0.831 0.49
0 0.526 0.876 0.52 0.874 0.517 0.869 0.524 0.861 0.539 0.862 0.547 0.858 0.537 0.847 0.53 0.833 0.516 0.798 0.511 0.774 0.508 0.75 0.51 0.732 0.516 0.707 0.525 0.689 0.532 0.679 0.536 0.677 0.569 0.694 0.61 0.695 0.628 0.688 0.654 0.664 0.658 0.667 0.671 0.687 0.676 0.699 0.686 0.742 0.682 0.78 0.67 0.812 0.63 0.855 0.614 0.868 0.587 0.87 0.581 0.867 0.569 0.868 0.562 0.864 0.549 0.871 0.526 0.876
0 0.831 0.975 0.796 0.973 0.784 0.968 0.771 0.957 0.764 0.947 0.745 0.933 0.724 0.905 0.713 0.887 0.705 0.862 0.703 0.826 0.708 0.799 0.713 0.782 0.725 0.761 0.748 0.739 0.779 0.735 0.801 0.728 0.817 0.717 0.83 0.699 0.847 0.699 0.861 0.71 0.865 0.711 0.889 0.682 0.901 0.665 0.906 0.661 0.914 0.662 0.919 0.668 0.917 0.677 0.891 0.703 0.876 0.726 0.887 0.747 0.891 0.766 0.891 0.791 0.888 0.821 0.895 0.87 0.895 0.885 0.892 0.905 0.881 0.935 0.867 0.954 0.849 0.969 0.831 0.975
0 0.923 0.66 0.894 0.659 0.851 0.644 0.852 0.618 0.855 0.595 0.851 0.576 0.828 0.53 0.798 0.504 0.809 0.498 0.829 0.493 0.851 0.471 0.867 0.461 0.903 0.449 0.925 0.447 0.939 0.451 0.956 0.461 0.973 0.48 0.989 0.503 0.997 0.523 0.999 0.545 0.995 0.586 0.981 0.619 0.968 0.638 0.939 0.656 0.923 0.66
0 0.177 0.526 0.162 0.525 0.147 0.521 0.123 0.523 0.09 0.521 0.067 0.507 0.05 0.49 0.042 0.476 0.037 0.462 0.033 0.439 0.033 0.422 0.037 0.388 0.047 0.364 0.056 0.35 0.08 0.328 0.095 0.322 0.123 0.322 0.147 0.333 0.165 0.347 0.173 0.359 0.18 0.379 0.182 0.397 0.187 0.418 0.203 0.446 0.209 0.464 0.21 0.476 0.225 0.478 0.255 0.478 0.251 0.489 0.209 0.489 0.205 0.505 0.198 0.515 0.191 0.521 0.177 0.526
0 0.057 0.344 0.051 0.342 0.048 0.336 0.048 0.328 0.057 0.315 0.052 0.31 0.049 0.302 0.05 0.284 0.064 0.245 0.071 0.21 0.079 0.185 0.092 0.166 0.115 0.152 0.136 0.145 0.148 0.145 0.164 0.151 0.176 0.16 0.208 0.195 0.212 0.24 0.23 0.271 0.212 0.28 0.202 0.29 0.195 0.301 0.181 0.332 0.158 0.34 0.126 0.323 0.101 0.321 0.075 0.33 0.065 0.34 0.057 0.344
0 0.0 0.12 0.029 0.104 0.021 0.097 0.016 0.082 0.019 0.033 0.022 0.014 0.027 0.0
0 0.256 0.465 0.238 0.465 0.224 0.462 0.207 0.449 0.19 0.423 0.182 0.396 0.18 0.352 0.187 0.319 0.197 0.298 0.204 0.288 0.214 0.279 0.228 0.272 0.237 0.276 0.254 0.304 0.272 0.321 0.297 0.33 0.319 0.327 0.326 0.345 0.331 0.367 0.33 0.392 0.326 0.406 0.306 0.413 0.291 0.423 0.277 0.438 0.259 0.464 0.256 0.465
0 0.304 0.33 0.284 0.327 0.259 0.31 0.251 0.3 0.24 0.281 0.227 0.265 0.212 0.239 0.209 0.212 0.213 0.185 0.221 0.168 0.233 0.152 0.241 0.145 0.258 0.139 0.281 0.135 0.309 0.134 0.341 0.143 0.344 0.146 0.349 0.17 0.357 0.189 0.372 0.21 0.387 0.221 0.378 0.236 0.367 0.247 0.355 0.282 0.339 0.309 0.317 0.325 0.304 0.33
0 0.21 0.197 0.177 0.16 0.171 0.144 0.168 0.115 0.173 0.054 0.179 0.039 0.185 0.03 0.192 0.023 0.205 0.016 0.22 0.013 0.251 0.02 0.272 0.036 0.284 0.052 0.289 0.064 0.293 0.079 0.29 0.114 0.29 0.134 0.257 0.139 0.237 0.148 0.217 0.175 0.21 0.197
0 0.228 0.0 0.224 0.013 0.208 0.015 0.187 0.028 0.178 0.04 0.172 0.057 0.168 0.036 0.156 0.012 0.147 0.0
0 0.363 0.909 0.346 0.895 0.334 0.88 0.327 0.866 0.318 0.835 0.318 0.804 0.324 0.794 0.322 0.79 0.337 0.765 0.343 0.737 0.353 0.725 0.369 0.711 0.382 0.704 0.415 0.706 0.444 0.73 0.457 0.751 0.466 0.771 0.473 0.804 0.473 0.825 0.469 0.854 0.449 0.848 0.437 0.848 0.414 0.855 0.401 0.864 0.378 0.885 0.363 0.909
0 0.539 1.0 0.35 1.0 0.348 0.98 0.349 0.953 0.356 0.925 0.363 0.908 0.378 0.884 0.388 0.874 0.405 0.86 0.422 0.85 0.436 0.847 0.457 0.849 0.476 0.857 0.486 0.864 0.508 0.887 0.517 0.901 0.526 0.923 0.534 0.951 0.538 0.977 0.539 1.0
0 0.0 0.945 0.023 0.927 0.043 0.918 0.062 0.917 0.087 0.923 0.089 0.948 0.096 0.975 0.107 0.991 0.115 0.997 0.0 0.998
0 0.087 0.924 0.066 0.919 0.05 0.918 0.038 0.898 0.057 0.877 0.095 0.846 0.11 0.825 0.108 0.842 0.093 0.885 0.087 0.924
0 0.309 1.0 0.168 0.999 0.192 0.992 0.208 0.982 0.239 0.97 0.264 0.969 0.281 0.974 0.291 0.98 0.309 1.0
0 0.325 0.999 0.307 0.998 0.291 0.98 0.267 0.97 0.24 0.97 0.207 0.981 0.215 0.973 0.228 0.969 0.245 0.955 0.252 0.945 0.258 0.93 0.264 0.907 0.267 0.903 0.271 0.903 0.281 0.907 0.303 0.91 0.314 0.948 0.317 0.969 0.327 0.992 0.327 0.998 0.325 0.999
0 0.188 0.786 0.182 0.783 0.19 0.785 0.188 0.786
0 0.35 1.0 0.34 0.999 0.343 0.995 0.339 0.983 0.326 0.964 0.313 0.92 0.316 0.917 0.317 0.904 0.326 0.868 0.338 0.887 0.351 0.901 0.362 0.909 0.353 0.935 0.349 0.954 0.348 0.973 0.35 1.0
0 0.121 0.701 0.111 0.689 0.103 0.683 0.052 0.667 0.04 0.631 0.04 0.602 0.047 0.578 0.058 0.557 0.067 0.544 0.08 0.531 0.092 0.524 0.134 0.523 0.15 0.526 0.175 0.54 0.18 0.546 0.181 0.551 0.181 0.555 0.164 0.567 0.146 0.586 0.13 0.614 0.125 0.633 0.12 0.67 0.121 0.701
0 0.236 0.478 0.21 0.476 0.209 0.474 0.211 0.471 0.228 0.468 0.258 0.467 0.254 0.476 0.236 0.478
0 0.341 0.741 0.319 0.675 0.31 0.616 0.326 0.619 0.344 0.619 0.368 0.606 0.388 0.584 0.387 0.615 0.391 0.644 0.395 0.66 0.408 0.684 0.429 0.699 0.428 0.707 0.425 0.713 0.413 0.706 0.382 0.705 0.37 0.71 0.358 0.72 0.341 0.741
0 0.72 1.0 0.538 1.0 0.537 0.969 0.531 0.939 0.543 0.911 0.556 0.893 0.573 0.879 0.609 0.87 0.642 0.876 0.655 0.883 0.677 0.902 0.699 0.932 0.713 0.964 0.72 1.0
0 0.785 1.0 0.721 0.999 0.715 0.97 0.722 0.96 0.73 0.953 0.745 0.951 0.762 0.957 0.789 0.971 0.809 0.976 0.815 0.982 0.823 0.997 0.818 0.999 0.785 1.0
0 0.938 0.999 0.833 0.997 0.821 0.991 0.812 0.979 0.802 0.975 0.83 0.976 0.844 0.972 0.865 0.957 0.878 0.939 0.886 0.922 0.893 0.896 0.895 0.874 0.897 0.874 0.92 0.904 0.936 0.935 0.943 0.97 0.942 0.997 0.938 0.999
0 0.864 0.711 0.852 0.702 0.842 0.697 0.867 0.672 0.879 0.67 0.895 0.672 0.89 0.682 0.864 0.711
0 0.83 0.7 0.829 0.699 0.842 0.678 0.851 0.644 0.874 0.653 0.872 0.665 0.858 0.682 0.843 0.697 0.83 0.7
0 0.672 0.882 0.651 0.877 0.628 0.865 0.626 0.861 0.67 0.811 0.681 0.782 0.686 0.74 0.675 0.691 0.693 0.701 0.725 0.747 0.728 0.757 0.714 0.783 0.706 0.807 0.703 0.833 0.706 0.868 0.682 0.881 0.672 0.882
0 0.715 0.97 0.702 0.937 0.684 0.91 0.676 0.894 0.677 0.889 0.681 0.883 0.705 0.871 0.72 0.899 0.745 0.933 0.763 0.947 0.778 0.965 0.773 0.965 0.76 0.957 0.738 0.951 0.729 0.954 0.715 0.97
0 0.531 0.939 0.517 0.9 0.494 0.87 0.496 0.862 0.518 0.856 0.536 0.845 0.547 0.858 0.539 0.861 0.525 0.86 0.517 0.867 0.52 0.873 0.539 0.873 0.557 0.866 0.583 0.872 0.574 0.877 0.556 0.892 0.541 0.913 0.531 0.939
0 0.497 0.859 0.486 0.858 0.47 0.85 0.474 0.806 0.467 0.773 0.452 0.74 0.443 0.729 0.428 0.716 0.426 0.711 0.431 0.7 0.462 0.707 0.475 0.706 0.495 0.7 0.51 0.691 0.529 0.671 0.535 0.677 0.517 0.705 0.51 0.732 0.508 0.749 0.511 0.772 0.517 0.797 0.536 0.845 0.52 0.855 0.497 0.859
0 0.659 0.51 0.652 0.5 0.669 0.493 0.682 0.482 0.693 0.466 0.705 0.44 0.71 0.425 0.712 0.404 0.711 0.37 0.746 0.379 0.77 0.381 0.782 0.393 0.792 0.409 0.799 0.434 0.8 0.46 0.797 0.479 0.789 0.5 0.76 0.498 0.722 0.508 0.713 0.508 0.696 0.503 0.68 0.503 0.659 0.51
0 0.516 0.509 0.491 0.498 0.466 0.5 0.464 0.498 0.456 0.469 0.455 0.441 0.456 0.427 0.459 0.413 0.471 0.385 0.489 0.384 0.543 0.365 0.545 0.449 0.55 0.477 0.528 0.495 0.516 0.509
0 0.458 0.414 0.452 0.4 0.443 0.401 0.436 0.409 0.429 0.401 0.415 0.379 0.402 0.364 0.405 0.35 0.399 0.337 0.391 0.339 0.385 0.355 0.371 0.357 0.362 0.363 0.355 0.351 0.347 0.33 0.343 0.304 0.355 0.283 0.366 0.248 0.386 0.229 0.394 0.225 0.416 0.228 0.433 0.225 0.445 0.22 0.465 0.207 0.459 0.216 0.454 0.228 0.438 0.295 0.433 0.328 0.435 0.34 0.439 0.346 0.42 0.348 0.41 0.36 0.413 0.366 0.42 0.372 0.438 0.369 0.447 0.377 0.47 0.385 0.468 0.393 0.458 0.414
0 0.34 0.142 0.323 0.136 0.29 0.133 0.29 0.104 0.297 0.076 0.304 0.061 0.313 0.049 0.323 0.041 0.344 0.046 0.337 0.069 0.333 0.09 0.335 0.114 0.343 0.136 0.342 0.141 0.34 0.142
0 0.298 0.0 0.3 0.01 0.309 0.024 0.325 0.04 0.297 0.06 0.285 0.054 0.272 0.036 0.261 0.026 0.249 0.019 0.234 0.016 0.233 0.0
0 0.399 0.0 0.37 0.014 0.356 0.027 0.344 0.046 0.329 0.042 0.314 0.032 0.296 0.006 0.296 0.0
0 0.697 0.337 0.664 0.302 0.638 0.284 0.613 0.28 0.598 0.284 0.586 0.291 0.584 0.26 0.58 0.241 0.573 0.224 0.593 0.235 0.627 0.231 0.638 0.224 0.666 0.191 0.669 0.19 0.677 0.196 0.69 0.213 0.697 0.229 0.692 0.259 0.691 0.281 0.693 0.317 0.697 0.337
0 0.485 0.183 0.495 0.155 0.503 0.1 0.517 0.099 0.526 0.102 0.535 0.101 0.533 0.126 0.536 0.174 0.509 0.171 0.496 0.176 0.485 0.183
0 0.607 0.0 0.597 0.024 0.568 0.043 0.557 0.055 0.545 0.078 0.536 0.101 0.53 0.104 0.517 0.101 0.503 0.09 0.502 0.026 0.496 0.0
0 0.658 0.0 0.662 0.004 0.653 0.015 0.654 0.021 0.651 0.024 0.62 0.019 0.596 0.025 0.607 0.0
0 0.861 0.0 0.851 0.031 0.835 0.058 0.814 0.079 0.783 0.095 0.78 0.1 0.778 0.11 0.765 0.127 0.755 0.137 0.748 0.139 0.732 0.131 0.72 0.121 0.72 0.1 0.714 0.083 0.706 0.071 0.695 0.0
0 0.705 0.07 0.65 0.026 0.676 0.013 0.696 0.013 0.702 0.04 0.705 0.07
0 0.814 0.112 0.794 0.091 0.814 0.078 0.835 0.058 0.844 0.06 0.861 0.076 0.852 0.083 0.828 0.095 0.814 0.112
0 1.0 0.0 1.0 0.009 0.996 0.025 0.981 0.05 0.953 0.042 0.933 0.043 0.909 0.051 0.86 0.076 0.847 0.065 0.84 0.052 0.853 0.026 0.861 0.
