0 0.276 0.576 0.264 0.575 0.257 0.571 0.25 0.565 0.243 0.554 0.232 0.534 0.218 0.49 0.194 0.427 0.18 0.396 0.171 0.383 0.152 0.371 0.134 0.353 0.127 0.343 0.116 0.318 0.108 0.285 0.108 0.272 0.111 0.251 0.12 0.229 0.131 0.213 0.141 0.204 0.169 0.193 0.191 0.194 0.215 0.204 0.225 0.212 0.234 0.223 0.24 0.232 0.248 0.25 0.255 0.284 0.259 0.317 0.264 0.33 0.294 0.39 0.304 0.413 0.331 0.457 0.342 0.483 0.346 0.495 0.346 0.51 0.344 0.519 0.337 0.532 0.321 0.547 0.319 0.554 0.309 0.564 0.294 0.565 0.276 0.576
0 0.429 0.572 0.423 0.571 0.419 0.564 0.414 0.566 0.396 0.566 0.382 0.557 0.376 0.55 0.37 0.534 0.356 0.464 0.348 0.439 0.329 0.406 0.295 0.372 0.284 0.35 0.278 0.328 0.277 0.308 0.28 0.291 0.285 0.276 0.291 0.267 0.316 0.249 0.361 0.225 0.376 0.221 0.386 0.222 0.405 0.23 0.421 0.25 0.427 0.264 0.432 0.282 0.433 0.317 0.43 0.356 0.431 0.373 0.437 0.401 0.463 0.486 0.465 0.5 0.466 0.52 0.463 0.533 0.459 0.542 0.452 0.549 0.441 0.553 0.441 0.56 0.437 0.567 0.429 0.572
0 0.481 0.679 0.464 0.677 0.447 0.661 0.44 0.639 0.438 0.626 0.437 0.609 0.44 0.598 0.45 0.576 0.469 0.544 0.472 0.534 0.472 0.512 0.475 0.493 0.481 0.477 0.491 0.462 0.504 0.452 0.515 0.449 0.533 0.449 0.552 0.454 0.56 0.459 0.573 0.472 0.586 0.497 0.59 0.516 0.59 0.536 0.585 0.56 0.577 0.578 0.558 0.579 0.536 0.594 0.524 0.611 0.516 0.628 0.509 0.657 0.495 0.674 0.481 0.679
0 0.526 0.97 0.508 0.97 0.493 0.962 0.487 0.957 0.462 0.927 0.445 0.895 0.439 0.888 0.431 0.884 0.406 0.879 0.389 0.873 0.375 0.862 0.366 0.852 0.361 0.839 0.355 0.816 0.354 0.802 0.36 0.783 0.361 0.762 0.375 0.73 0.392 0.716 0.405 0.709 0.431 0.709 0.457 0.722 0.489 0.744 0.53 0.747 0.546 0.752 0.567 0.766 0.578 0.781 0.589 0.803 0.594 0.826 0.593 0.832 0.587 0.849 0.581 0.876 0.581 0.911 0.575 0.926 0.556 0.954 0.54 0.966 0.526 0.97
0 0.767 1.0 0.654 1.0 0.641 0.989 0.637 0.99 0.635 0.995 0.618 0.993 0.603 0.975 0.593 0.958 0.585 0.933 0.582 0.911 0.582 0.878 0.586 0.852 0.59 0.839 0.604 0.811 0.637 0.772 0.65 0.749 0.66 0.715 0.667 0.681 0.675 0.651 0.693 0.601 0.7 0.59 0.711 0.579 0.731 0.568 0.743 0.566 0.758 0.566 0.781 0.574 0.802 0.59 0.81 0.6 0.815 0.613 0.82 0.639 0.821 0.67 0.818 0.702 0.789 0.85 0.79 0.916 0.789 0.93 0.782 0.962 0.767 1.0
0 0.528 0.738 0.479 0.738 0.444 0.715 0.423 0.709 0.4 0.711 0.376 0.729 0.354 0.732 0.332 0.727 0.321 0.719 0.311 0.706 0.305 0.694 0.302 0.684 0.302 0.648 0.309 0.611 0.325 0.574 0.338 0.559 0.357 0.552 0.373 0.553 0.389 0.559 0.421 0.589 0.437 0.599 0.437 0.618 0.439 0.638 0.446 0.66 0.451 0.666 0.468 0.678 0.485 0.678 0.496 0.673 0.51 0.657 0.511 0.678 0.514 0.703 0.52 0.722 0.529 0.736 0.528 0.738
0 0.577 0.761 0.565 0.759 0.538 0.748 0.521 0.724 0.514 0.703 0.511 0.679 0.511 0.661 0.515 0.633 0.519 0.621 0.531 0.6 0.556 0.58 0.577 0.579 0.579 0.574 0.587 0.567 0.599 0.563 0.618 0.55 0.624 0.55 0.633 0.558 0.643 0.56 0.652 0.567 0.655 0.577 0.665 0.582 0.67 0.59 0.672 0.605 0.668 0.618 0.674 0.629 0.672 0.648 0.663 0.661 0.657 0.675 0.644 0.683 0.642 0.702 0.639 0.712 0.634 0.721 0.622 0.735 0.605 0.75 0.59 0.757 0.577 0.761
0 0.467 0.453 0.457 0.453 0.452 0.45 0.436 0.398 0.432 0.37 0.433 0.3 0.431 0.282 0.427 0.264 0.416 0.242 0.397 0.225 0.404 0.202 0.418 0.181 0.439 0.165 0.46 0.16 0.482 0.165 0.499 0.181 0.51 0.204 0.515 0.229 0.514 0.264 0.508 0.299 0.507 0.323 0.509 0.347 0.517 0.402 0.516 0.427 0.512 0.438 0.501 0.449 0.467 0.453
0 0.615 0.318 0.599 0.314 0.592 0.309 0.583 0.293 0.58 0.282 0.579 0.257 0.581 0.214 0.584 0.196 0.584 0.176 0.582 0.167 0.576 0.153 0.572 0.139 0.57 0.117 0.574 0.098 0.581 0.077 0.593 0.058 0.616 0.043 0.623 0.042 0.641 0.042 0.655 0.048 0.667 0.059 0.673 0.067 0.678 0.08 0.684 0.103 0.684 0.122 0.68 0.142 0.664 0.183 0.662 0.206 0.663 0.269 0.66 0.283 0.652 0.3 0.645 0.308 0.638 0.31 0.633 0.308 0.633 0.31 0.615 0.318
0 0.584 0.489 0.57 0.468 0.55 0.453 0.533 0.449 0.511 0.448 0.493 0.459 0.493 0.451 0.504 0.447 0.512 0.436 0.516 0.426 0.523 0.417 0.57 0.375 0.581 0.362 0.595 0.337 0.61 0.321 0.629 0.312 0.645 0.313 0.655 0.319 0.666 0.331 0.671 0.339 0.686 0.382 0.688 0.394 0.688 0.407 0.684 0.424 0.675 0.44 0.664 0.449 0.646 0.457 0.618 0.462 0.607 0.469 0.584 0.489
0 0.52 0.402 0.517 0.398 0.508 0.336 0.508 0.295 0.515 0.255 0.514 0.222 0.509 0.201 0.498 0.18 0.489 0.171 0.475 0.163 0.454 0.161 0.432 0.169 0.438 0.146 0.452 0.124 0.464 0.114 0.486 0.107 0.505 0.107 0.517 0.112 0.533 0.126 0.542 0.141 0.548 0.166 0.547 0.187 0.542 0.212 0.542 0.224 0.548 0.249 0.565 0.303 0.571 0.33 0.571 0.35 0.568 0.366 0.563 0.374 0.541 0.396 0.528 0.401 0.52 0.40
