0 0.0 0.546 0.029 0.514 0.066 0.499 0.13 0.489 0.167 0.496 0.205 0.521 0.24 0.564 0.255 0.61 0.261 0.671 0.255 0.719 0.236 0.762 0.198 0.815 0.155 0.846 0.127 0.856 0.084 0.856 0.033 0.831 0.0 0.795
0 0.0 0.805 0.047 0.839 0.093 0.857 0.123 0.857 0.16 0.844 0.216 0.793 0.251 0.838 0.243 0.886 0.244 0.939 0.205 0.993 0.0 0.994
0 0.434 0.997 0.258 0.996 0.244 0.94 0.243 0.873 0.254 0.83 0.28 0.783 0.347 0.905 0.412 0.947 0.451 0.954 0.434 0.997
0 0.445 0.952 0.412 0.949 0.341 0.898 0.326 0.88 0.286 0.793 0.271 0.743 0.274 0.69 0.318 0.56 0.361 0.514 0.406 0.495 0.488 0.509 0.533 0.54 0.584 0.625 0.6 0.686 0.6 0.736 0.59 0.793 0.569 0.857 0.54 0.897 0.496 0.935 0.445 0.952
0 0.0 0.208 0.02 0.197 0.066 0.193 0.116 0.203 0.149 0.219 0.196 0.276 0.223 0.36 0.222 0.394 0.212 0.43 0.194 0.46 0.17 0.48 0.02 0.514 0.003 0.512 0.0 0.494
0 0.284 0.661 0.258 0.635 0.237 0.561 0.241 0.499 0.265 0.431 0.284 0.403 0.311 0.386 0.361 0.381 0.404 0.398 0.431 0.436 0.439 0.496 0.384 0.504 0.338 0.537 0.312 0.577 0.284 0.661
0 0.328 0.388 0.278 0.376 0.23 0.334 0.194 0.272 0.188 0.219 0.195 0.182 0.214 0.148 0.308 0.058 0.345 0.048 0.39 0.074 0.424 0.126 0.439 0.179 0.44 0.25 0.43 0.298 0.404 0.343 0.366 0.376 0.328 0.388
0 0.196 0.276 0.145 0.219 0.085 0.197 0.023 0.198 0.025 0.175 0.052 0.121 0.098 0.088 0.133 0.08 0.174 0.094 0.218 0.14 0.192 0.196 0.196 0.276
0 0.254 0.0 0.284 0.024 0.302 0.064 0.22 0.143 0.175 0.096 0.118 0.079 0.136 0.041 0.179 0.0
0 0.597 0.59 0.56 0.582 0.535 0.544 0.505 0.517 0.486 0.461 0.479 0.412 0.486 0.357 0.509 0.31 0.539 0.278 0.584 0.26 0.625 0.265 0.659 0.285 0.696 0.328 0.712 0.367 0.711 0.468 0.687 0.534 0.648 0.578 0.597 0.59
0 0.664 0.912 0.617 0.902 0.576 0.849 0.598 0.738 0.6 0.69 0.593 0.653 0.575 0.609 0.597 0.589 0.649 0.576 0.7 0.597 0.732 0.632 0.763 0.704 0.771 0.756 0.764 0.812 0.737 0.872 0.705 0.902 0.664 0.912
0 0.688 0.998 0.515 0.998 0.514 0.928 0.56 0.87 0.577 0.87 0.598 0.897 0.628 0.914 0.693 0.909 0.696 0.958 0.688 0.998
0 0.872 0.998 0.785 0.994 0.756 0.969 0.722 0.905 0.722 0.889 0.746 0.858 0.764 0.812 0.769 0.729 0.774 0.72 0.795 0.72 0.842 0.757 0.899 0.764 0.906 0.778 0.911 0.832 0.928 0.88 0.928 0.911 0.903 0.976 0.872 0.99
