0 0.053 0.344 0.021 0.342 0.001 0.332 0.001 0.063 0.002 0.052 0.01 0.042 0.019 0.042 0.026 0.054 0.029 0.062 0.038 0.069 0.051 0.077 0.068 0.081 0.096 0.098 0.113 0.111 0.129 0.127 0.15 0.17 0.159 0.2 0.159 0.23 0.156 0.248 0.14 0.288 0.109 0.322 0.072 0.34 0.053 0.344
0 0.208 0.224 0.184 0.211 0.172 0.203 0.162 0.188 0.145 0.153 0.142 0.125 0.143 0.096 0.152 0.071 0.163 0.055 0.187 0.04 0.2 0.038 0.225 0.042 0.284 0.079 0.293 0.093 0.294 0.108 0.292 0.133 0.287 0.148 0.281 0.162 0.272 0.167 0.264 0.178 0.252 0.207 0.227 0.211 0.215 0.218 0.208 0.224
0 0.324 0.0 0.334 0.029 0.333 0.061 0.329 0.064 0.311 0.067 0.297 0.081 0.291 0.084 0.271 0.068 0.225 0.04 0.207 0.036 0.186 0.038 0.167 0.002 0.276 0.0
0 0.527 0.0 0.524 0.009 0.52 0.01 0.492 0.044 0.479 0.056 0.454 0.061 0.423 0.055 0.409 0.044 0.398 0.032 0.377 0.001 0.412 0.0
0 0.39 0.228 0.375 0.218 0.363 0.182 0.357 0.173 0.344 0.163 0.33 0.157 0.325 0.146 0.326 0.139 0.331 0.13 0.331 0.101 0.341 0.073 0.355 0.052 0.379 0.042 0.392 0.042 0.431 0.06 0.446 0.073 0.461 0.094 0.463 0.105 0.463 0.118 0.459 0.137 0.46 0.143 0.465 0.146 0.464 0.153 0.455 0.158 0.449 0.177 0.427 0.188 0.406 0.204 0.39 0.228
0 0.141 0.11 0.132 0.107 0.13 0.103 0.13 0.083 0.135 0.078 0.132 0.066 0.133 0.061 0.139 0.055 0.143 0.037 0.146 0.031 0.159 0.016 0.169 0.009 0.18 0.028 0.183 0.04 0.167 0.05 0.155 0.066 0.147 0.086 0.141 0.11
0 0.624 0.273 0.593 0.273 0.547 0.248 0.528 0.225 0.512 0.188 0.504 0.129 0.506 0.076 0.519 0.028 0.532 0.0 0.714 0.0 0.728 0.033 0.734 0.099 0.733 0.142 0.719 0.185 0.707 0.208 0.681 0.243 0.637 0.272 0.624 0.273
0 0.297 0.52 0.29 0.517 0.283 0.509 0.273 0.519 0.261 0.513 0.247 0.505 0.234 0.491 0.205 0.469 0.181 0.437 0.163 0.384 0.145 0.381 0.132 0.373 0.131 0.374 0.135 0.39 0.129 0.387 0.124 0.364 0.119 0.352 0.113 0.343 0.103 0.336 0.1 0.33 0.102 0.325 0.12 0.339 0.135 0.335 0.159 0.334 0.162 0.326 0.165 0.297 0.171 0.276 0.185 0.245 0.205 0.224 0.23 0.21 0.266 0.207 0.292 0.212 0.319 0.231 0.347 0.264 0.365 0.3 0.379 0.349 0.378 0.416 0.391 0.424 0.392 0.432 0.389 0.445 0.379 0.465 0.372 0.472 0.358 0.465 0.329 0.49 0.332 0.5 0.328 0.508 0.311 0.517 0.297 0.52
0 0.482 0.431 0.448 0.428 0.428 0.417 0.408 0.4 0.406 0.417 0.399 0.396 0.399 0.387 0.391 0.375 0.381 0.354 0.372 0.318 0.374 0.26 0.375 0.252 0.38 0.242 0.395 0.217 0.408 0.203 0.427 0.187 0.449 0.178 0.48 0.177 0.51 0.184 0.526 0.222 0.546 0.247 0.563 0.262 0.565 0.281 0.568 0.289 0.568 0.316 0.549 0.327 0.531 0.345 0.517 0.373 0.509 0.424 0.482 0.431
0 0.37 0.308 0.347 0.262 0.32 0.231 0.303 0.217 0.288 0.21 0.253 0.205 0.266 0.177 0.274 0.168 0.285 0.16 0.313 0.156 0.335 0.162 0.345 0.168 0.36 0.186 0.368 0.203 0.379 0.234 0.373 0.259 0.372 0.296 0.37 0.30
