0 0.454 0.725 0.425 0.72 0.404 0.71 0.388 0.698 0.372 0.679 0.363 0.66 0.355 0.634 0.354 0.604 0.358 0.564 0.363 0.545 0.372 0.527 0.382 0.514 0.394 0.503 0.408 0.496 0.426 0.492 0.446 0.494 0.464 0.502 0.484 0.516 0.501 0.532 0.511 0.546 0.522 0.565 0.528 0.586 0.529 0.607 0.527 0.627 0.508 0.693 0.501 0.704 0.489 0.714 0.476 0.72 0.454 0.725
0 0.805 0.705 0.764 0.7 0.734 0.684 0.712 0.662 0.705 0.65 0.699 0.63 0.69 0.572 0.69 0.552 0.694 0.532 0.701 0.515 0.718 0.49 0.73 0.478 0.745 0.468 0.768 0.46 0.782 0.459 0.804 0.461 0.826 0.468 0.844 0.484 0.858 0.501 0.872 0.528 0.878 0.544 0.882 0.571 0.882 0.593 0.88 0.612 0.873 0.633 0.854 0.667 0.834 0.691 0.821 0.7 0.805 0.705
0 0.884 0.455 0.868 0.453 0.855 0.448 0.838 0.436 0.83 0.425 0.82 0.401 0.815 0.376 0.814 0.354 0.815 0.342 0.823 0.319 0.831 0.305 0.844 0.29 0.854 0.282 0.878 0.276 0.892 0.275 0.909 0.279 0.916 0.276 0.917 0.278 0.916 0.282 0.926 0.288 0.942 0.303 0.956 0.326 0.961 0.349 0.959 0.379 0.952 0.4 0.933 0.427 0.909 0.447 0.884 0.455
0 0.747 0.4 0.732 0.398 0.716 0.389 0.694 0.37 0.683 0.352 0.676 0.329 0.673 0.303 0.674 0.273 0.679 0.247 0.686 0.23 0.696 0.214 0.705 0.206 0.731 0.192 0.746 0.186 0.764 0.186 0.803 0.196 0.822 0.214 0.831 0.235 0.836 0.268 0.831 0.301 0.813 0.346 0.795 0.372 0.765 0.396 0.747 0.4
0 0.587 0.562 0.57 0.559 0.555 0.55 0.536 0.531 0.523 0.514 0.513 0.49 0.509 0.473 0.505 0.449 0.504 0.424 0.507 0.402 0.514 0.379 0.526 0.354 0.536 0.342 0.553 0.328 0.565 0.323 0.599 0.319 0.632 0.328 0.644 0.337 0.655 0.353 0.663 0.374 0.668 0.39 0.672 0.421 0.672 0.443 0.67 0.463 0.663 0.489 0.653 0.518 0.643 0.537 0.634 0.545 0.617 0.554 0.587 0.562
0 0.349 0.565 0.332 0.564 0.319 0.558 0.306 0.551 0.288 0.537 0.273 0.519 0.263 0.5 0.254 0.47 0.253 0.454 0.255 0.434 0.26 0.418 0.267 0.403 0.281 0.386 0.293 0.376 0.32 0.362 0.34 0.361 0.349 0.363 0.362 0.37 0.371 0.38 0.393 0.412 0.398 0.427 0.404 0.452 0.405 0.471 0.402 0.498 0.38 0.516 0.365 0.539 0.359 0.559 0.349 0.565
0 0.241 0.494 0.225 0.492 0.214 0.487 0.2 0.472 0.189 0.455 0.153 0.451 0.144 0.447 0.143 0.444 0.147 0.441 0.157 0.446 0.185 0.451 0.175 0.431 0.173 0.417 0.174 0.398 0.181 0.379 0.194 0.362 0.211 0.35 0.244 0.344 0.261 0.348 0.274 0.356 0.281 0.364 0.288 0.38 0.268 0.403 0.258 0.425 0.254 0.452 0.254 0.469 0.258 0.488 0.241 0.494
0 0.169 0.342 0.158 0.342 0.141 0.336 0.126 0.326 0.113 0.311 0.108 0.301 0.101 0.275 0.104 0.249 0.111 0.229 0.124 0.214 0.133 0.207 0.14 0.193 0.153 0.18 0.157 0.181 0.158 0.184 0.147 0.192 0.139 0.203 0.162 0.197 0.175 0.2 0.186 0.206 0.196 0.217 0.208 0.235 0.215 0.252 0.22 0.275 0.219 0.298 0.212 0.315 0.194 0.335 0.169 0.342
0 0.371 0.223 0.352 0.218 0.33 0.202 0.314 0.172 0.311 0.157 0.314 0.112 0.321 0.087 0.328 0.076 0.339 0.063 0.355 0.056 0.382 0.057 0.397 0.063 0.403 0.068 0.415 0.09 0.425 0.117 0.429 0.138 0.429 0.153 0.426 0.168 0.414 0.194 0.407 0.204 0.389 0.21 0.371 0.223
0 0.596 0.302 0.583 0.302 0.568 0.297 0.55 0.279 0.538 0.247 0.537 0.213 0.541 0.178 0.547 0.159 0.555 0.142 0.568 0.126 0.579 0.118 0.593 0.113 0.608 0.112 0.62 0.116 0.634 0.124 0.649 0.136 0.659 0.148 0.666 0.161 0.671 0.179 0.675 0.213 0.671 0.233 0.666 0.249 0.645 0.277 0.626 0.293 0.596 0.302
0 0.421 0.396 0.398 0.394 0.381 0.386 0.359 0.361 0.352 0.345 0.349 0.328 0.348 0.298 0.351 0.274 0.347 0.261 0.35 0.259 0.354 0.265 0.363 0.239 0.375 0.22 0.389 0.209 0.404 0.204 0.423 0.204 0.43 0.207 0.443 0.214 0.458 0.227 0.472 0.245 0.48 0.259 0.485 0.276 0.488 0.292 0.486 0.332 0.482 0.346 0.475 0.359 0.462 0.377 0.452 0.385 0.433 0.394 0.421 0.39
