0 0.841 0.808 0.791 0.799 0.739 0.757 0.714 0.717 0.699 0.674 0.693 0.625 0.698 0.565 0.689 0.527 0.602 0.497 0.58 0.483 0.55 0.441 0.566 0.414 0.598 0.388 0.641 0.414 0.762 0.459 0.821 0.427 0.895 0.421 0.948 0.444 0.987 0.488 0.999 0.511 0.998 0.682 0.946 0.749 0.909 0.784 0.841 0.808
0 0.765 0.46 0.683 0.434 0.593 0.385 0.587 0.302 0.593 0.252 0.606 0.221 0.63 0.187 0.684 0.16 0.741 0.164 0.785 0.184 0.783 0.176 0.802 0.156 0.838 0.162 0.859 0.181 0.863 0.22 0.851 0.277 0.859 0.28 0.856 0.286 0.861 0.288 0.864 0.302 0.847 0.321 0.817 0.427 0.765 0.46
0 0.512 0.462 0.489 0.459 0.449 0.431 0.432 0.403 0.425 0.36 0.411 0.323 0.389 0.296 0.352 0.282 0.348 0.27 0.362 0.228 0.384 0.229 0.427 0.279 0.474 0.193 0.533 0.177 0.573 0.204 0.593 0.253 0.589 0.31 0.596 0.376 0.551 0.436 0.556 0.452 0.512 0.462
0 0.384 0.781 0.339 0.777 0.29 0.748 0.254 0.696 0.239 0.63 0.243 0.553 0.269 0.489 0.305 0.444 0.364 0.418 0.423 0.424 0.474 0.456 0.513 0.512 0.524 0.567 0.521 0.629 0.51 0.684 0.489 0.723 0.441 0.769 0.384 0.781
0 0.0 0.331 0.038 0.307 0.09 0.298 0.116 0.302 0.166 0.327 0.208 0.37 0.216 0.401 0.23 0.407 0.243 0.445 0.248 0.488 0.243 0.536 0.226 0.582 0.188 0.634 0.124 0.681 0.119 0.692 0.127 0.7 0.126 0.709 0.103 0.719 0.078 0.68 0.052 0.679 0.0 0.659
0 0.625 0.997 0.495 0.994 0.475 0.93 0.457 0.893 0.436 0.868 0.397 0.843 0.402 0.809 0.437 0.771 0.449 0.768 0.502 0.708 0.523 0.704 0.543 0.713 0.566 0.703 0.619 0.737 0.65 0.806 0.659 0.875 0.65 0.961 0.64 0.984 0.625 0.997
0 0.623 0.707 0.552 0.67 0.528 0.631 0.521 0.535 0.535 0.499 0.563 0.467 0.595 0.492 0.691 0.529 0.699 0.57 0.694 0.633 0.688 0.642 0.696 0.648 0.696 0.664 0.678 0.676 0.662 0.671 0.648 0.698 0.623 0.707
0 0.26 0.427 0.215 0.398 0.204 0.364 0.157 0.312 0.142 0.272 0.146 0.222 0.168 0.184 0.185 0.17 0.227 0.156 0.262 0.154 0.286 0.14 0.301 0.121 0.304 0.066 0.321 0.04 0.4 0.034 0.405 0.046 0.382 0.092 0.355 0.118 0.343 0.119 0.329 0.165 0.341 0.189 0.365 0.21 0.368 0.222 0.35 0.279 0.382 0.292 0.4 0.309 0.403 0.346 0.396 0.38 0.373 0.414 0.332 0.424 0.26 0.427
0 0.491 0.998 0.245 0.998 0.244 0.974 0.269 0.892 0.288 0.864 0.336 0.836 0.361 0.834 0.41 0.848 0.445 0.878 0.474 0.925 0.491 0.998
0 0.0 0.672 0.078 0.678 0.089 0.691 0.09 0.715 0.109 0.739 0.136 0.717 0.143 0.724 0.178 0.798 0.177 0.877 0.184 0.922 0.166 0.978 0.155 0.994 0.0 0.994
0 0.718 0.998 0.658 0.996 0.649 0.973 0.657 0.901 0.651 0.809 0.681 0.819 0.675 0.805 0.689 0.795 0.675 0.781 0.667 0.755 0.67 0.747 0.716 0.72 0.748 0.766 0.791 0.796 0.84 0.805 0.894 0.79 0.894 0.912 0.884 0.909 0.871 0.923 0.865 0.955 0.868 0.994 0.718 0.998
0 0.995 0.508 0.965 0.462 0.932 0.436 0.899 0.423 0.842 0.418 0.846 0.39 0.839 0.379 0.841 0.307 0.864 0.193 0.898 0.151 0.941 0.127 0.973 0.13 0.998 0.157 0.995 0.508
0 0.996 0.0 0.996 0.056 0.962 0.111 0.93 0.071 0.958 0.122 0.902 0.147 0.862 0.185 0.828 0.158 0.787 0.159 0.751 0.112 0.749 0.103 0.765 0.06 0.775 0.0
0 0.155 0.191 0.11 0.171 0.074 0.13 0.059 0.1 0.033 0.003 0.274 0.005 0.284 0.049 0.289 0.124 0.266 0.145 0.256 0.14 0.24 0.155 0.2 0.163 0.155 0.191
0 0.776 0.0 0.764 0.072 0.725 0.145 0.712 0.159 0.697 0.159 0.692 0.149 0.658 0.168 0.653 0.167 0.663 0.093 0.611 0.084 0.605 0.07 0.569 0.055 0.547 0.0
0 0.512 0.0 0.515 0.051 0.526 0.058 0.513 0.078 0.514 0.091 0.494 0.108 0.464 0.165 0.44 0.187 0.391 0.199 0.343 0.191 0.329 0.162 0.339 0.126 0.371 0.107 0.391 0.066 0.404 0.054 0.405 0.04 0.39 0.033 0.331 0.039 0.313 0.048 0.299 0.117 0.289 0.057 0.271 0.0
0 0.997 0.997 0.876 0.996 0.865 0.982 0.871 0.921 0.89 0.904 0.9 0.856 0.916 0.853 0.934 0.829 0.948 0.79 0.986 0.774 0.999 0.778 0.997 0.997
0 0.033 0.0 0.059 0.103 0.029 0.183 0.003 0.212 0.001 0.0
0 0.245 0.998 0.214 0.998 0.184 0.934 0.177 0.885 0.179 0.835 0.188 0.795 0.204 0.768 0.203 0.754 0.264 0.776 0.283 0.76 0.28 0.739 0.316 0.768 0.365 0.788 0.4 0.825 0.395 0.843 0.341 0.836 0.288 0.866 0.254 0.936 0.245 0.998
0 0.0 0.267 0.034 0.219 0.092 0.231 0.137 0.261 0.162 0.322 0.12 0.304 0.082 0.299 0.034 0.309 0.0 0.3
