0 0.351 0.0 0.364 0.007 0.386 0.029 0.398 0.046 0.392 0.048 0.383 0.042 0.374 0.042 0.355 0.057 0.323 0.105 0.312 0.13 0.31 0.146 0.313 0.189 0.306 0.207 0.306 0.232 0.301 0.243 0.304 0.246 0.299 0.302 0.284 0.321 0.276 0.35 0.279 0.369 0.29 0.397 0.289 0.401 0.266 0.398 0.249 0.389 0.221 0.391 0.212 0.383 0.206 0.366 0.197 0.367 0.184 0.375 0.179 0.374 0.155 0.36 0.141 0.346 0.13 0.348 0.118 0.332 0.1 0.332 0.094 0.321 0.069 0.309 0.076 0.308 0.091 0.313 0.101 0.296 0.089 0.277 0.078 0.269 0.068 0.252 0.069 0.24 0.065 0.229 0.08 0.171 0.083 0.13 0.122 0.032 0.138 0.007 0.151 0.0
0 0.555 0.541 0.527 0.535 0.463 0.538 0.438 0.531 0.418 0.521 0.412 0.522 0.407 0.516 0.383 0.514 0.345 0.488 0.331 0.465 0.304 0.44 0.297 0.422 0.279 0.37 0.276 0.348 0.284 0.32 0.296 0.303 0.295 0.288 0.301 0.243 0.305 0.232 0.305 0.207 0.314 0.185 0.309 0.139 0.318 0.112 0.345 0.069 0.37 0.044 0.385 0.042 0.397 0.048 0.416 0.042 0.423 0.037 0.432 0.021 0.471 0.007 0.509 0.009 0.528 0.014 0.559 0.027 0.583 0.044 0.619 0.089 0.649 0.147 0.679 0.256 0.679 0.331 0.675 0.366 0.654 0.419 0.643 0.439 0.608 0.482 0.592 0.496 0.588 0.509 0.578 0.522 0.555 0.541
0 0.0 0.243 0.004 0.243 0.006 0.239 0.016 0.24 0.069 0.262 0.089 0.276 0.102 0.295 0.092 0.312 0.071 0.305 0.069 0.308 0.095 0.32 0.1 0.331 0.119 0.332 0.127 0.362 0.138 0.368 0.144 0.377 0.153 0.42 0.153 0.427 0.146 0.422 0.148 0.429 0.147 0.445 0.135 0.466 0.128 0.492 0.119 0.511 0.106 0.592 0.106 0.61 0.093 0.618 0.074 0.646 0.049 0.668 0.034 0.675 0.0 0.677
0 0.231 0.799 0.175 0.788 0.168 0.781 0.169 0.767 0.152 0.747 0.133 0.717 0.12 0.683 0.117 0.656 0.107 0.614 0.107 0.585 0.121 0.514 0.135 0.467 0.147 0.443 0.148 0.424 0.155 0.43 0.166 0.426 0.172 0.434 0.196 0.422 0.211 0.421 0.218 0.414 0.236 0.413 0.241 0.403 0.247 0.401 0.281 0.404 0.294 0.416 0.305 0.441 0.321 0.455 0.33 0.473 0.364 0.504 0.382 0.517 0.413 0.532 0.426 0.546 0.432 0.57 0.434 0.655 0.431 0.679 0.424 0.708 0.409 0.729 0.376 0.748 0.348 0.778 0.33 0.786 0.291 0.793 0.231 0.799
0 0.701 0.842 0.691 0.835 0.677 0.814 0.62 0.823 0.592 0.817 0.571 0.801 0.557 0.782 0.552 0.787 0.548 0.785 0.528 0.757 0.511 0.751 0.493 0.737 0.491 0.752 0.484 0.749 0.48 0.755 0.461 0.759 0.441 0.755 0.443 0.741 0.459 0.732 0.453 0.712 0.454 0.682 0.445 0.627 0.446 0.579 0.441 0.56 0.442 0.55 0.456 0.536 0.477 0.539 0.527 0.537 0.557 0.542 0.584 0.515 0.591 0.493 0.608 0.482 0.641 0.442 0.652 0.423 0.674 0.368 0.707 0.388 0.736 0.42 0.749 0.439 0.77 0.497 0.775 0.525 0.776 0.56 0.785 0.573 0.787 0.584 0.787 0.596 0.779 0.612 0.787 0.642 0.786 0.665 0.782 0.685 0.77 0.716 0.77 0.723 0.756 0.748 0.749 0.752 0.75 0.758 0.742 0.773 0.739 0.775 0.738 0.769 0.734 0.766 0.73 0.773 0.717 0.779 0.718 0.785 0.714 0.791 0.723 0.798 0.723 0.811 0.709 0.836 0.701 0.842
0 0.676 0.0 0.689 0.019 0.697 0.044 0.707 0.058 0.708 0.065 0.719 0.086 0.729 0.135 0.731 0.162 0.727 0.212 0.682 0.296 0.678 0.295 0.677 0.245 0.649 0.15 0.635 0.12 0.61 0.077 0.579 0.041 0.544 0.018 0.527 0.013 0.52 0.0
0 0.999 0.0 0.998 0.295 0.985 0.296 0.933 0.283 0.855 0.301 0.83 0.292 0.819 0.284 0.811 0.264 0.804 0.254 0.802 0.242 0.785 0.22 0.782 0.208 0.748 0.185 0.731 0.18 0.73 0.135 0.715 0.072 0.726 0.055 0.744 0.0
0 0.955 0.77 0.934 0.764 0.936 0.747 0.929 0.74 0.915 0.742 0.901 0.738 0.889 0.751 0.874 0.741 0.866 0.729 0.856 0.722 0.856 0.715 0.851 0.71 0.85 0.702 0.799 0.665 0.788 0.646 0.778 0.613 0.785 0.599 0.786 0.584 0.777 0.558 0.776 0.523 0.795 0.476 0.785 0.468 0.786 0.454 0.772 0.425 0.772 0.414 0.779 0.396 0.802 0.359 0.836 0.318 0.865 0.302 0.934 0.283 0.999 0.297 0.999 0.74 0.992 0.752 0.983 0.754 0.978 0.762 0.962 0.76 0.955 0.77
0 0.0 0.722 0.019 0.717 0.067 0.724 0.081 0.717 0.101 0.716 0.128 0.726 0.135 0.748 0.126 0.76 0.144 0.78 0.157 0.806 0.168 0.839 0.18 0.931 0.171 0.995 0.173 0.999 0.0 0.999
0 0.565 0.999 0.211 0.999 0.211 0.995 0.215 0.967 0.223 0.94 0.24 0.911 0.247 0.886 0.278 0.833 0.295 0.817 0.354 0.784 0.367 0.757 0.39 0.742 0.408 0.758 0.417 0.757 0.432 0.77 0.447 0.771 0.451 0.776 0.47 0.779 0.48 0.791 0.5 0.801 0.524 0.824 0.538 0.852 0.56 0.921 0.565 0.999
0 0.998 0.999 0.747 0.998 0.738 0.966 0.729 0.973 0.716 0.975 0.714 0.972 0.713 0.959 0.708 0.952 0.715 0.941 0.715 0.922 0.69 0.875 0.688 0.85 0.691 0.835 0.7 0.84 0.708 0.835 0.724 0.805 0.721 0.795 0.701 0.786 0.702 0.782 0.711 0.769 0.726 0.772 0.735 0.762 0.74 0.771 0.748 0.757 0.749 0.75 0.755 0.746 0.769 0.721 0.771 0.711 0.78 0.704 0.823 0.702 0.854 0.711 0.857 0.713 0.858 0.724 0.889 0.749 0.9 0.737 0.931 0.739 0.937 0.746 0.934 0.762 0.973 0.802 0.999 0.859 0.998 0.99
