0 0.453 0.937 0.438 0.936 0.415 0.937 0.396 0.931 0.381 0.922 0.369 0.908 0.361 0.89 0.35 0.875 0.339 0.845 0.336 0.827 0.335 0.801 0.338 0.789 0.354 0.739 0.362 0.722 0.365 0.708 0.372 0.693 0.382 0.68 0.393 0.671 0.41 0.665 0.426 0.655 0.437 0.652 0.452 0.654 0.464 0.659 0.476 0.668 0.483 0.678 0.492 0.697 0.499 0.703 0.509 0.719 0.516 0.738 0.522 0.744 0.532 0.759 0.538 0.775 0.541 0.793 0.539 0.819 0.541 0.83 0.54 0.851 0.536 0.867 0.526 0.888 0.514 0.901 0.5 0.91 0.49 0.922 0.478 0.926 0.464 0.934 0.453 0.937
0 0.602 0.806 0.586 0.804 0.571 0.797 0.529 0.751 0.521 0.734 0.517 0.718 0.511 0.703 0.509 0.689 0.508 0.672 0.517 0.606 0.523 0.587 0.535 0.564 0.546 0.551 0.561 0.542 0.596 0.533 0.609 0.532 0.631 0.537 0.64 0.544 0.649 0.544 0.668 0.552 0.68 0.56 0.691 0.574 0.698 0.587 0.703 0.601 0.705 0.622 0.712 0.653 0.712 0.674 0.709 0.692 0.699 0.721 0.685 0.747 0.678 0.758 0.663 0.769 0.641 0.793 0.633 0.799 0.619 0.805 0.602 0.806
0 0.226 0.948 0.206 0.945 0.19 0.935 0.17 0.926 0.158 0.918 0.146 0.904 0.138 0.886 0.134 0.87 0.133 0.85 0.127 0.815 0.128 0.798 0.132 0.778 0.139 0.763 0.15 0.75 0.155 0.74 0.173 0.72 0.194 0.706 0.201 0.703 0.208 0.695 0.22 0.687 0.234 0.683 0.253 0.683 0.285 0.697 0.295 0.706 0.305 0.721 0.321 0.768 0.323 0.782 0.331 0.803 0.334 0.818 0.333 0.835 0.329 0.855 0.321 0.872 0.287 0.923 0.275 0.932 0.251 0.942 0.226 0.948
0 0.806 0.683 0.791 0.682 0.779 0.677 0.763 0.662 0.755 0.658 0.748 0.649 0.739 0.643 0.724 0.622 0.715 0.596 0.712 0.53 0.714 0.515 0.718 0.501 0.725 0.488 0.736 0.474 0.748 0.466 0.774 0.456 0.789 0.455 0.8 0.458 0.824 0.471 0.835 0.479 0.846 0.491 0.861 0.511 0.868 0.526 0.871 0.542 0.872 0.56 0.875 0.57 0.875 0.6 0.872 0.619 0.866 0.635 0.856 0.65 0.842 0.664 0.82 0.679 0.806 0.683
0 0.292 0.689 0.281 0.689 0.268 0.685 0.246 0.668 0.224 0.66 0.213 0.65 0.205 0.64 0.198 0.627 0.186 0.594 0.183 0.576 0.184 0.545 0.188 0.525 0.197 0.508 0.201 0.492 0.209 0.483 0.217 0.464 0.229 0.45 0.241 0.442 0.255 0.439 0.264 0.433 0.277 0.433 0.287 0.43 0.303 0.431 0.315 0.436 0.362 0.473 0.372 0.488 0.379 0.509 0.387 0.525 0.391 0.541 0.392 0.557 0.392 0.574 0.385 0.62 0.378 0.64 0.368 0.655 0.349 0.67 0.333 0.674 0.311 0.684 0.292 0.689
0 0.477 0.533 0.462 0.532 0.452 0.527 0.43 0.527 0.41 0.516 0.388 0.496 0.371 0.471 0.362 0.453 0.357 0.429 0.358 0.408 0.364 0.388 0.369 0.36 0.376 0.345 0.386 0.332 0.393 0.317 0.401 0.307 0.413 0.298 0.425 0.293 0.435 0.291 0.445 0.284 0.459 0.28 0.474 0.281 0.487 0.286 0.501 0.3 0.514 0.308 0.526 0.322 0.536 0.345 0.539 0.366 0.545 0.382 0.548 0.4 0.547 0.424 0.543 0.44 0.541 0.459 0.534 0.479 0.503 0.521 0.491 0.529 0.477 0.533
0 0.759 0.321 0.746 0.321 0.719 0.312 0.707 0.304 0.691 0.285 0.68 0.27 0.67 0.24 0.667 0.221 0.668 0.201 0.673 0.172 0.685 0.141 0.702 0.11 0.708 0.104 0.714 0.093 0.725 0.079 0.737 0.071 0.751 0.067 0.781 0.067 0.798 0.071 0.814 0.078 0.832 0.094 0.847 0.11 0.86 0.131 0.865 0.152 0.866 0.172 0.862 0.194 0.859 0.226 0.851 0.253 0.829 0.287 0.817 0.301 0.791 0.317 0.779 0.32 0.759 0.321
0 0.649 0.525 0.623 0.522 0.604 0.516 0.572 0.494 0.556 0.473 0.55 0.456 0.547 0.443 0.548 0.406 0.55 0.391 0.558 0.36 0.57 0.337 0.575 0.324 0.585 0.309 0.595 0.3 0.605 0.294 0.626 0.288 0.648 0.289 0.659 0.292 0.67 0.298 0.687 0.313 0.692 0.321 0.705 0.331 0.73 0.37 0.737 0.385 0.741 0.405 0.741 0.426 0.735 0.455 0.729 0.471 0.719 0.487 0.709 0.496 0.699 0.501 0.689 0.513 0.682 0.519 0.667 0.524 0.649 0.525
0 0.313 0.389 0.298 0.387 0.279 0.377 0.263 0.374 0.252 0.368 0.242 0.359 0.231 0.344 0.224 0.329 0.212 0.274 0.213 0.253 0.217 0.237 0.224 0.222 0.234 0.209 0.243 0.19 0.254 0.176 0.268 0.168 0.278 0.158 0.288 0.153 0.299 0.15 0.323 0.152 0.346 0.158 0.357 0.164 0.377 0.18 0.386 0.193 0.393 0.208 0.401 0.232 0.406 0.262 0.405 0.282 0.399 0.303 0.373 0.347 0.347 0.374 0.324 0.386 0.313 0.389
0 0.534 0.291 0.518 0.29 0.506 0.285 0.474 0.26 0.461 0.243 0.454 0.228 0.45 0.213 0.445 0.204 0.438 0.172 0.438 0.152 0.439 0.128 0.444 0.104 0.453 0.087 0.457 0.072 0.464 0.059 0.475 0.046 0.487 0.038 0.498 0.035 0.505 0.028 0.522 0.021 0.554 0.017 0.568 0.021 0.582 0.03 0.616 0.076 0.624 0.102 0.627 0.135 0.627 0.153 0.629 0.168 0.629 0.181 0.627 0.196 0.623 0.21 0.61 0.231 0.603 0.248 0.595 0.259 0.579 0.274 0.567 0.282 0.534 0.29
