0 0.168 0.0 0.169 0.025 0.153 0.034 0.138 0.048 0.127 0.063 0.12 0.082 0.114 0.112 0.114 0.164 0.091 0.177 0.076 0.177 0.059 0.171 0.028 0.149 0.001 0.125 0.001 0.0
0 0.072 0.218 0.057 0.208 0.044 0.189 0.035 0.167 0.032 0.153 0.065 0.174 0.092 0.176 0.083 0.184 0.085 0.195 0.089 0.201 0.072 0.218
0 0.238 0.334 0.213 0.333 0.198 0.331 0.172 0.319 0.158 0.308 0.139 0.282 0.127 0.254 0.119 0.222 0.114 0.176 0.101 0.188 0.093 0.2 0.086 0.198 0.084 0.193 0.083 0.184 0.085 0.181 0.114 0.164 0.114 0.105 0.118 0.087 0.126 0.065 0.143 0.042 0.168 0.025 0.193 0.019 0.222 0.02 0.255 0.03 0.281 0.042 0.299 0.052 0.319 0.07 0.329 0.084 0.337 0.105 0.339 0.143 0.35 0.187 0.35 0.215 0.353 0.229 0.353 0.244 0.347 0.262 0.333 0.284 0.308 0.304 0.27 0.326 0.238 0.334
0 0.466 0.388 0.443 0.385 0.424 0.378 0.411 0.371 0.392 0.354 0.375 0.331 0.367 0.315 0.361 0.294 0.359 0.266 0.367 0.178 0.373 0.155 0.381 0.14 0.404 0.11 0.422 0.097 0.438 0.089 0.46 0.083 0.473 0.083 0.495 0.085 0.528 0.099 0.565 0.124 0.586 0.143 0.601 0.17 0.605 0.197 0.61 0.22 0.611 0.235 0.609 0.249 0.603 0.266 0.591 0.313 0.581 0.333 0.558 0.35 0.517 0.369 0.493 0.382 0.466 0.388
0 0.113 0.575 0.095 0.575 0.077 0.571 0.059 0.564 0.045 0.555 0.028 0.542 0.012 0.524 0.006 0.513 0.001 0.489 0.0 0.361 0.001 0.356 0.009 0.341 0.01 0.327 0.015 0.321 0.024 0.323 0.045 0.304 0.064 0.292 0.083 0.284 0.097 0.281 0.119 0.281 0.142 0.287 0.162 0.31 0.186 0.326 0.199 0.347 0.213 0.381 0.222 0.415 0.226 0.455 0.225 0.466 0.206 0.476 0.188 0.497 0.178 0.515 0.159 0.541 0.148 0.57 0.113 0.575
0 0.791 0.0 0.785 0.02 0.77 0.051 0.753 0.076 0.734 0.095 0.706 0.118 0.689 0.129 0.675 0.134 0.655 0.137 0.644 0.137 0.627 0.13 0.606 0.126 0.575 0.098 0.563 0.075 0.551 0.042 0.548 0.022 0.548 0.0
0 0.678 0.52 0.658 0.518 0.646 0.514 0.632 0.505 0.615 0.49 0.611 0.492 0.605 0.504 0.597 0.504 0.595 0.495 0.605 0.482 0.586 0.466 0.569 0.445 0.562 0.428 0.557 0.4 0.559 0.373 0.564 0.354 0.569 0.345 0.586 0.324 0.596 0.291 0.6 0.282 0.625 0.254 0.645 0.238 0.666 0.228 0.676 0.226 0.688 0.228 0.714 0.251 0.74 0.26 0.768 0.294 0.772 0.304 0.775 0.323 0.775 0.354 0.766 0.416 0.76 0.443 0.751 0.464 0.734 0.49 0.718 0.507 0.699 0.517 0.678 0.52
0 0.26 0.758 0.24 0.758 0.222 0.752 0.204 0.741 0.187 0.725 0.174 0.708 0.162 0.681 0.151 0.648 0.146 0.615 0.146 0.589 0.149 0.569 0.153 0.554 0.161 0.538 0.176 0.517 0.19 0.493 0.203 0.478 0.239 0.459 0.246 0.458 0.268 0.46 0.307 0.474 0.327 0.486 0.341 0.497 0.359 0.519 0.371 0.538 0.378 0.557 0.384 0.582 0.383 0.627 0.369 0.664 0.358 0.681 0.366 0.689 0.361 0.703 0.354 0.704 0.349 0.697 0.347 0.697 0.323 0.722 0.305 0.737 0.281 0.752 0.26 0.758
0 0.515 0.702 0.481 0.698 0.466 0.694 0.441 0.679 0.421 0.661 0.405 0.636 0.391 0.595 0.388 0.571 0.388 0.538 0.392 0.515 0.399 0.496 0.41 0.478 0.42 0.468 0.469 0.439 0.519 0.426 0.535 0.426 0.551 0.431 0.564 0.44 0.586 0.47 0.595 0.498 0.598 0.514 0.6 0.569 0.593 0.607 0.585 0.628 0.577 0.644 0.559 0.668 0.542 0.687 0.528 0.697 0.515 0.702
0 0.835 0.313 0.804 0.312 0.784 0.304 0.776 0.299 0.754 0.279 0.736 0.257 0.724 0.236 0.715 0.21 0.711 0.182 0.713 0.152 0.719 0.131 0.73 0.105 0.749 0.08 0.773 0.054 0.797 0.039 0.832 0.024 0.856 0.021 0.878 0.022 0.911 0.036 0.923 0.046 0.938 0.064 0.947 0.082 0.952 0.098 0.954 0.118 0.954 0.139 0.929 0.173 0.913 0.205 0.904 0.23 0.894 0.286 0.883 0.295 0.865 0.305 0.835 0.313
0 1.0 0.427 0.983 0.427 0.963 0.421 0.948 0.412 0.93 0.397 0.914 0.373 0.904 0.354 0.896 0.329 0.894 0.309 0.895 0.276 0.904 0.23 0.922 0.184 0.939 0.157 0.955 0.138 0.998 0.104 1.0 0.105 1.0 0.427
0 0.119 0.873 0.103 0.872 0.088 0.866 0.05 0.838 0.021 0.807 0.001 0.77 0.001 0.649 0.023 0.621 0.032 0.611 0.057 0.593 0.091 0.574 0.131 0.574 0.142 0.582 0.145 0.59 0.146 0.614 0.15 0.645 0.166 0.692 0.178 0.714 0.188 0.727 0.219 0.751 0.217 0.767 0.208 0.801 0.198 0.824 0.182 0.847 0.171 0.856 0.157 0.864 0.119 0.873
0 0.491 0.0 0.477 0.021 0.461 0.038 0.43 0.055 0.408 0.061 0.391 0.06 0.373 0.052 0.345 0.03 0.322 0.0
0 0.297 0.0 0.322 0.043 0.343 0.086 0.346 0.111 0.341 0.148 0.336 0.104 0.332 0.092 0.32 0.072 0.305 0.057 0.279 0.041 0.233 0.023 0.204 0.019 0.174 0.023 0.18 0.013 0.189 0.004 0.211 0.0
0 0.322 0.0 0.346 0.03 0.38 0.056 0.36 0.077 0.347 0.076 0.331 0.059 0.296 0.0
0 0.548 0.0 0.548 0.021 0.551 0.04 0.561 0.071 0.57 0.089 0.569 0.091 0.543 0.089 0.524 0.083 0.511 0.077 0.494 0.044 0.489 0.017 0.492 0.0
0 0.363 0.211 0.35 0.189 0.342 0.147 0.348 0.105 0.359 0.079 0.374 0.061 0.379 0.057 0.391 0.06 0.413 0.061 0.427 0.057 0.458 0.041 0.47 0.041 0.486 0.048 0.501 0.065 0.509 0.079 0.513 0.091 0.487 0.084 0.463 0.083 0.43 0.093 0.406 0.109 0.388 0.13 0.376 0.15 0.369 0.174 0.363 0.211
0 0.599 0.285 0.609 0.248 0.611 0.235 0.603 0.179 0.598 0.164 0.59 0.15 0.557 0.118 0.557 0.114 0.574 0.095 0.585 0.109 0.606 0.125 0.645 0.136 0.673 0.136 0.702 0.125 0.704 0.195 0.7 0.216 0.694 0.229 0.673 0.227 0.649 0.236 0.625 0.256 0.599 0.285
0 0.88 0.0 0.889 0.015 0.893 0.027 0.866 0.02 0.833 0.024 0.793 0.041 0.774 0.053 0.765 0.062 0.782 0.025 0.79 0.0
0 0.956 0.138 0.952 0.099 0.94 0.067 0.922 0.045 0.9 0.029 0.925 0.013 0.948 0.005 0.973 0.003 0.999 0.008 1.0 0.104 0.956 0.138
0 0.366 0.526 0.347 0.503 0.33 0.488 0.308 0.475 0.265 0.458 0.262 0.423 0.265 0.37 0.272 0.338 0.279 0.322 0.331 0.285 0.347 0.262 0.358 0.26 0.36 0.285 0.364 0.304 0.371 0.323 0.384 0.343 0.404 0.365 0.418 0.375 0.438 0.384 0.461 0.39 0.458 0.416 0.447 0.449 0.41 0.477 0.401 0.491 0.392 0.513 0.366 0.526
0 0.038 0.311 0.042 0.276 0.053 0.246 0.075 0.214 0.087 0.202 0.093 0.199 0.102 0.186 0.114 0.176 0.119 0.221 0.124 0.241 0.137 0.277 0.145 0.29 0.119 0.282 0.086 0.284 0.062 0.294 0.038 0.311
0 0.883 0.667 0.856 0.663 0.826 0.647 0.804 0.617 0.781 0.595 0.772 0.567 0.767 0.544 0.768 0.513 0.778 0.471 0.785 0.45 0.798 0.428 0.816 0.408 0.831 0.397 0.859 0.386 0.882 0.382 0.917 0.384 0.924 0.388 0.935 0.401 0.948 0.412 0.972 0.427 0.992 0.453 1.0 0.481 1.0 0.579 0.992 0.596 0.978 0.618 0.949 0.646 0.913 0.663 0.883 0.667
0 0.749 0.881 0.725 0.879 0.703 0.874 0.688 0.867 0.67 0.854 0.651 0.833 0.641 0.815 0.632 0.794 0.625 0.763 0.621 0.735 0.622 0.714 0.628 0.676 0.639 0.639 0.646 0.621 0.655 0.606 0.674 0.587 0.687 0.58 0.717 0.574 0.739 0.577 0.765 0.585 0.784 0.597 0.806 0.619 0.828 0.651 0.837 0.669 0.851 0.711 0.855 0.751 0.853 0.778 0.844 0.809 0.83 0.836 0.818 0.853 0.799 0.869 0.781 0.877 0.749 0.881
0 0.408 0.986 0.383 0.985 0.359 0.979 0.334 0.963 0.314 0.943 0.299 0.919 0.286 0.888 0.283 0.871 0.283 0.847 0.286 0.808 0.293 0.781 0.312 0.74 0.328 0.716 0.348 0.696 0.354 0.704 0.359 0.704 0.366 0.687 0.398 0.679 0.419 0.677 0.436 0.682 0.457 0.694 0.468 0.704 0.486 0.729 0.501 0.758 0.51 0.783 0.514 0.809 0.514 0.834 0.51 0.868 0.503 0.894 0.488 0.927 0.477 0.944 0.463 0.96 0.448 0.972 0.425 0.983 0.408 0.986
0 0.999 0.999 0.797 0.998 0.783 0.961 0.771 0.94 0.761 0.927 0.763 0.91 0.769 0.892 0.775 0.879 0.798 0.87 0.813 0.859 0.825 0.846 0.839 0.821 0.868 0.813 0.89 0.816 0.914 0.829 0.936 0.845 0.947 0.858 0.97 0.89 0.987 0.924 0.994 0.947 0.999 0.977 0.999 0.999
0 0.795 0.999 0.608 0.998 0.627 0.966 0.645 0.926 0.655 0.912 0.671 0.901 0.706 0.897 0.75 0.919 0.764 0.931 0.783 0.963 0.795 0.999
0 0.568 0.444 0.551 0.431 0.531 0.426 0.52 0.426 0.467 0.439 0.462 0.422 0.462 0.391 0.465 0.388 0.492 0.383 0.568 0.344 0.562 0.364 0.557 0.396 0.56 0.42 0.568 0.444
0 0.766 0.48 0.749 0.479 0.747 0.474 0.758 0.448 0.763 0.429 0.774 0.36 0.774 0.315 0.769 0.293 0.789 0.305 0.805 0.31 0.833 0.312 0.85 0.31 0.858 0.328 0.861 0.341 0.863 0.36 0.861 0.385 0.829 0.399 0.808 0.416 0.788 0.445 0.776 0.477 0.766 0.48
0 0.63 0.664 0.615 0.646 0.594 0.629 0.591 0.624 0.599 0.568 0.599 0.532 0.597 0.504 0.604 0.503 0.61 0.493 0.615 0.49 0.644 0.512 0.667 0.519 0.697 0.516 0.721 0.503 0.726 0.507 0.734 0.521 0.746 0.548 0.749 0.562 0.75 0.578 0.716 0.574 0.695 0.577 0.675 0.586 0.655 0.605 0.647 0.617 0.63 0.664
0 0.235 1.0 0.047 0.999 0.062 0.989 0.066 0.941 0.071 0.917 0.079 0.897 0.096 0.874 0.099 0.871 0.121 0.872 0.148 0.866 0.165 0.859 0.183 0.848 0.204 0.855 0.243 0.879 0.259 0.898 0.267 0.916 0.27 0.935 0.264 0.986 0.235 1.0
0 0.573 0.866 0.557 0.865 0.542 0.858 0.515 0.828 0.511 0.79 0.503 0.765 0.486 0.73 0.469 0.706 0.458 0.695 0.457 0.691 0.48 0.698 0.503 0.702 0.514 0.702 0.528 0.698 0.542 0.687 0.558 0.67 0.576 0.647 0.588 0.625 0.617 0.647 0.631 0.665 0.623 0.71 0.622 0.732 0.625 0.762 0.638 0.808 0.624 0.829 0.605 0.852 0.59 0.862 0.573 0.86
