0 0.314 0.692 0.292 0.69 0.282 0.692 0.265 0.692 0.253 0.688 0.24 0.678 0.241 0.674 0.23 0.659 0.226 0.639 0.217 0.623 0.213 0.612 0.209 0.559 0.21 0.533 0.212 0.53 0.215 0.514 0.228 0.5 0.278 0.468 0.311 0.456 0.345 0.458 0.349 0.464 0.356 0.465 0.369 0.475 0.382 0.488 0.39 0.501 0.399 0.535 0.399 0.549 0.402 0.551 0.4 0.625 0.395 0.645 0.382 0.664 0.338 0.688 0.314 0.692
0 0.485 0.681 0.45 0.671 0.431 0.654 0.425 0.641 0.415 0.605 0.412 0.569 0.424 0.529 0.428 0.525 0.435 0.511 0.436 0.501 0.44 0.497 0.467 0.48 0.496 0.478 0.527 0.488 0.542 0.498 0.554 0.509 0.561 0.522 0.572 0.556 0.577 0.562 0.581 0.583 0.576 0.619 0.566 0.641 0.548 0.659 0.514 0.674 0.485 0.681
0 0.636 0.592 0.615 0.591 0.607 0.588 0.603 0.583 0.597 0.582 0.582 0.568 0.583 0.565 0.577 0.557 0.568 0.535 0.562 0.514 0.549 0.486 0.545 0.461 0.548 0.438 0.55 0.434 0.553 0.434 0.561 0.418 0.57 0.407 0.579 0.398 0.592 0.391 0.607 0.386 0.653 0.384 0.654 0.382 0.681 0.385 0.693 0.394 0.701 0.405 0.717 0.446 0.716 0.535 0.702 0.558 0.686 0.575 0.648 0.591 0.636 0.592
0 0.462 0.478 0.448 0.478 0.43 0.474 0.415 0.466 0.399 0.451 0.384 0.422 0.383 0.398 0.39 0.355 0.395 0.343 0.409 0.328 0.413 0.329 0.422 0.322 0.431 0.318 0.433 0.314 0.47 0.312 0.494 0.319 0.496 0.324 0.5 0.322 0.517 0.342 0.522 0.355 0.525 0.358 0.532 0.387 0.533 0.411 0.528 0.442 0.526 0.451 0.519 0.46 0.508 0.47 0.462 0.478
0 0.776 0.65 0.768 0.65 0.743 0.64 0.734 0.633 0.713 0.604 0.709 0.596 0.707 0.585 0.708 0.558 0.72 0.537 0.719 0.488 0.722 0.455 0.724 0.453 0.722 0.449 0.722 0.439 0.726 0.425 0.735 0.412 0.745 0.404 0.763 0.394 0.769 0.393 0.794 0.396 0.796 0.4 0.81 0.404 0.833 0.414 0.844 0.424 0.851 0.434 0.875 0.48 0.89 0.529 0.887 0.556 0.878 0.577 0.877 0.586 0.871 0.59 0.869 0.596 0.853 0.622 0.854 0.626 0.85 0.63 0.845 0.634 0.842 0.633 0.833 0.641 0.826 0.644 0.802 0.644 0.776 0.65
0 0.224 0.495 0.212 0.489 0.204 0.48 0.19 0.442 0.187 0.42 0.187 0.395 0.191 0.372 0.195 0.361 0.202 0.352 0.205 0.328 0.21 0.32 0.217 0.32 0.221 0.316 0.226 0.316 0.228 0.318 0.248 0.316 0.256 0.312 0.255 0.307 0.257 0.305 0.306 0.31 0.314 0.318 0.332 0.323 0.346 0.333 0.354 0.346 0.356 0.346 0.363 0.353 0.371 0.376 0.374 0.398 0.371 0.426 0.364 0.435 0.357 0.442 0.337 0.45 0.308 0.454 0.294 0.462 0.281 0.465 0.27 0.472 0.246 0.482 0.224 0.495
0 0.376 0.373 0.37 0.373 0.363 0.356 0.363 0.352 0.355 0.346 0.346 0.332 0.33 0.323 0.316 0.319 0.308 0.31 0.295 0.307 0.291 0.301 0.299 0.271 0.305 0.26 0.321 0.246 0.323 0.247 0.354 0.226 0.38 0.23 0.421 0.262 0.426 0.269 0.429 0.279 0.429 0.293 0.423 0.319 0.414 0.328 0.41 0.328 0.398 0.337 0.393 0.345 0.387 0.366 0.383 0.371 0.376 0.373
0 0.721 0.415 0.707 0.405 0.696 0.38 0.691 0.36 0.69 0.338 0.691 0.316 0.694 0.302 0.707 0.274 0.733 0.25 0.752 0.248 0.77 0.249 0.772 0.246 0.8 0.257 0.818 0.272 0.827 0.29 0.834 0.325 0.833 0.377 0.829 0.382 0.83 0.388 0.827 0.397 0.823 0.401 0.818 0.401 0.81 0.397 0.769 0.392 0.748 0.398 0.721 0.415
0 0.578 0.392 0.566 0.392 0.559 0.387 0.552 0.345 0.56 0.301 0.57 0.279 0.586 0.254 0.595 0.248 0.606 0.246 0.605 0.242 0.607 0.24 0.634 0.244 0.652 0.252 0.672 0.264 0.675 0.269 0.684 0.289 0.69 0.314 0.685 0.349 0.68 0.363 0.672 0.374 0.661 0.383 0.635 0.382 0.594 0.387 0.589 0.392 0.578 0.392
0 0.526 0.344 0.518 0.341 0.506 0.328 0.488 0.318 0.471 0.312 0.441 0.312 0.435 0.305 0.431 0.284 0.448 0.25 0.454 0.242 0.467 0.234 0.466 0.231 0.481 0.225 0.491 0.225 0.514 0.235 0.52 0.242 0.527 0.244 0.546 0.267 0.557 0.296 0.549 0.324 0.542 0.333 0.526 0.34
