0 0.0 0.068 0.025 0.033 0.061 0.016 0.098 0.014 0.141 0.022 0.163 0.03 0.181 0.023 0.188 0.037 0.205 0.05 0.221 0.071 0.249 0.121 0.271 0.247 0.269 0.297 0.259 0.349 0.235 0.389 0.183 0.304 0.162 0.28 0.138 0.261 0.118 0.26 0.1 0.249 0.091 0.238 0.072 0.232 0.0 0.242
0 0.449 0.0 0.413 0.06 0.399 0.107 0.394 0.143 0.379 0.202 0.378 0.299 0.361 0.302 0.356 0.306 0.338 0.302 0.311 0.287 0.279 0.245 0.267 0.215 0.251 0.119 0.259 0.071 0.288 0.0
0 0.0 0.242 0.045 0.233 0.081 0.234 0.112 0.247 0.122 0.259 0.132 0.261 0.136 0.267 0.15 0.273 0.169 0.287 0.199 0.328 0.236 0.392 0.254 0.458 0.26 0.506 0.258 0.539 0.249 0.583 0.229 0.634 0.206 0.679 0.189 0.699 0.147 0.732 0.109 0.752 0.055 0.764 0.06 0.767 0.0 0.767
0 0.316 0.738 0.294 0.725 0.299 0.705 0.279 0.682 0.267 0.656 0.256 0.627 0.258 0.615 0.248 0.594 0.256 0.55 0.26 0.546 0.267 0.461 0.285 0.436 0.282 0.425 0.271 0.407 0.285 0.374 0.277 0.372 0.273 0.375 0.268 0.365 0.269 0.36 0.279 0.36 0.283 0.365 0.318 0.328 0.352 0.325 0.359 0.33 0.382 0.317 0.398 0.366 0.419 0.416 0.456 0.467 0.489 0.497 0.524 0.515 0.552 0.521 0.55 0.565 0.544 0.588 0.521 0.645 0.485 0.693 0.464 0.714 0.428 0.733 0.398 0.734 0.325 0.726 0.316 0.738
0 0.0 0.749 0.036 0.762 0.06 0.762 0.109 0.751 0.141 0.733 0.153 0.733 0.136 0.753 0.12 0.785 0.105 0.801 0.077 0.818 0.039 0.834 0.0 0.835
0 0.354 0.999 0.134 0.999 0.13 0.996 0.118 0.966 0.112 0.97 0.109 0.968 0.112 0.956 0.103 0.928 0.098 0.878 0.101 0.849 0.112 0.802 0.135 0.753 0.17 0.714 0.191 0.697 0.247 0.682 0.286 0.69 0.298 0.704 0.293 0.724 0.311 0.738 0.319 0.737 0.325 0.726 0.346 0.729 0.369 0.748 0.388 0.799 0.39 0.847 0.384 0.867 0.384 0.9 0.376 0.956 0.354 0.999
0 0.439 0.999 0.433 0.998 0.429 0.993 0.418 0.955 0.399 0.922 0.392 0.894 0.385 0.893 0.382 0.885 0.392 0.829 0.413 0.768 0.434 0.732 0.468 0.711 0.508 0.665 0.535 0.662 0.555 0.663 0.584 0.678 0.615 0.688 0.662 0.713 0.667 0.719 0.682 0.751 0.704 0.816 0.705 0.864 0.711 0.88 0.713 0.903 0.71 0.913 0.711 0.93 0.705 0.947 0.696 0.953 0.69 0.976 0.677 0.997 0.439 0.999
0 0.768 0.0 0.779 0.017 0.775 0.036 0.785 0.042 0.791 0.04 0.805 0.055 0.81 0.066 0.806 0.08 0.795 0.091 0.788 0.107 0.78 0.103 0.785 0.135 0.783 0.177 0.79 0.184 0.792 0.195 0.769 0.324 0.731 0.402 0.694 0.454 0.663 0.484 0.626 0.511 0.579 0.521 0.525 0.516 0.488 0.496 0.457 0.47 0.418 0.415 0.392 0.353 0.379 0.305 0.379 0.2 0.386 0.183 0.399 0.106 0.411 0.065 0.449 0.0
0 0.86 0.0 0.874 0.047 0.871 0.124 0.864 0.161 0.824 0.239 0.783 0.295 0.775 0.302 0.792 0.199 0.79 0.184 0.783 0.177 0.779 0.165 0.781 0.13 0.779 0.104 0.783 0.101 0.789 0.104 0.796 0.089 0.806 0.084 0.809 0.068 0.803 0.053 0.791 0.04 0.783 0.041 0.776 0.038 0.774 0.029 0.778 0.016 0.767 0.0
0 0.998 0.563 0.968 0.562 0.924 0.552 0.891 0.538 0.871 0.521 0.85 0.495 0.844 0.46 0.811 0.403 0.812 0.396 0.805 0.384 0.784 0.365 0.781 0.356 0.79 0.344 0.788 0.308 0.8 0.302 0.813 0.289 0.828 0.237 0.846 0.196 0.866 0.158 0.89 0.133 0.893 0.119 0.892 0.108 0.898 0.099 0.904 0.104 0.907 0.099 0.912 0.102 0.933 0.095 0.971 0.09 0.977 0.085 0.999 0.089 0.998 0.563
0 0.694 0.726 0.679 0.722 0.674 0.716 0.645 0.706 0.621 0.692 0.575 0.647 0.562 0.618 0.551 0.563 0.553 0.523 0.618 0.515 0.65 0.492 0.707 0.433 0.73 0.402 0.754 0.353 0.778 0.37 0.797 0.394 0.813 0.407 0.843 0.46 0.853 0.52 0.851 0.571 0.839 0.603 0.798 0.67 0.754 0.699 0.694 0.726
0 0.827 0.999 0.779 0.998 0.77 0.993 0.749 0.969 0.721 0.914 0.709 0.83 0.712 0.816 0.712 0.788 0.727 0.736 0.756 0.698 0.801 0.666 0.814 0.645 0.864 0.619 0.907 0.622 0.921 0.629 0.955 0.638 0.985 0.657 0.999 0.67 0.999 0.997 0.827 0.99
