0 0.496 0.568 0.462 0.566 0.424 0.567 0.386 0.563 0.373 0.558 0.348 0.544 0.337 0.535 0.326 0.521 0.318 0.5 0.319 0.477 0.336 0.424 0.351 0.396 0.365 0.358 0.375 0.342 0.397 0.321 0.416 0.312 0.438 0.308 0.459 0.309 0.487 0.317 0.505 0.33 0.517 0.347 0.544 0.355 0.565 0.336 0.581 0.316 0.588 0.305 0.593 0.288 0.604 0.282 0.625 0.279 0.649 0.262 0.654 0.262 0.655 0.268 0.658 0.273 0.646 0.294 0.632 0.308 0.616 0.315 0.589 0.352 0.57 0.371 0.586 0.394 0.603 0.413 0.625 0.424 0.638 0.439 0.645 0.459 0.644 0.47 0.64 0.481 0.628 0.494 0.619 0.5 0.579 0.51 0.557 0.521 0.55 0.526 0.542 0.545 0.532 0.556 0.516 0.564 0.496 0.568
0 0.317 0.446 0.265 0.446 0.172 0.435 0.126 0.423 0.107 0.411 0.096 0.395 0.096 0.382 0.106 0.368 0.099 0.37 0.096 0.366 0.093 0.365 0.089 0.37 0.082 0.371 0.091 0.36 0.105 0.363 0.108 0.362 0.116 0.345 0.1 0.339 0.072 0.335 0.048 0.334 0.037 0.336 0.026 0.333 0.025 0.324 0.035 0.318 0.046 0.316 0.082 0.316 0.102 0.319 0.102 0.301 0.104 0.291 0.114 0.283 0.118 0.269 0.126 0.254 0.14 0.246 0.171 0.238 0.206 0.237 0.246 0.241 0.306 0.254 0.355 0.271 0.373 0.28 0.39 0.295 0.399 0.309 0.4 0.319 0.379 0.338 0.368 0.354 0.352 0.396 0.338 0.422 0.331 0.445 0.317 0.446
0 0.773 0.621 0.75 0.619 0.727 0.613 0.71 0.604 0.681 0.584 0.669 0.572 0.649 0.545 0.627 0.496 0.639 0.479 0.642 0.468 0.64 0.445 0.627 0.427 0.632 0.41 0.637 0.402 0.648 0.393 0.664 0.388 0.683 0.39 0.696 0.396 0.711 0.396 0.734 0.385 0.737 0.369 0.745 0.364 0.76 0.366 0.764 0.373 0.761 0.385 0.771 0.391 0.795 0.385 0.812 0.384 0.831 0.389 0.851 0.401 0.865 0.412 0.877 0.427 0.889 0.446 0.898 0.472 0.9 0.563 0.898 0.582 0.889 0.596 0.871 0.609 0.847 0.616 0.837 0.616 0.824 0.612 0.814 0.606 0.808 0.598 0.798 0.613 0.785 0.619 0.773 0.621
0 0.345 0.795 0.327 0.794 0.318 0.792 0.296 0.782 0.284 0.773 0.266 0.755 0.249 0.725 0.236 0.709 0.221 0.674 0.216 0.649 0.22 0.621 0.234 0.589 0.249 0.573 0.264 0.565 0.285 0.56 0.312 0.563 0.33 0.547 0.344 0.541 0.347 0.542 0.378 0.559 0.396 0.565 0.424 0.566 0.461 0.565 0.48 0.568 0.497 0.568 0.512 0.584 0.53 0.599 0.54 0.616 0.549 0.637 0.554 0.668 0.552 0.684 0.545 0.699 0.541 0.704 0.493 0.714 0.462 0.731 0.445 0.748 0.43 0.778 0.385 0.791 0.345 0.795
0 0.725 0.998 0.65 0.998 0.61 0.983 0.577 0.966 0.542 0.94 0.507 0.919 0.481 0.897 0.474 0.887 0.466 0.869 0.466 0.856 0.471 0.845 0.457 0.838 0.444 0.827 0.431 0.809 0.429 0.8 0.431 0.774 0.441 0.751 0.454 0.736 0.467 0.727 0.492 0.714 0.512 0.708 0.548 0.702 0.556 0.693 0.564 0.688 0.598 0.676 0.641 0.67 0.683 0.67 0.707 0.674 0.749 0.689 0.766 0.699 0.774 0.708 0.797 0.721 0.806 0.733 0.809 0.742 0.808 0.755 0.802 0.766 0.793 0.774 0.793 0.777 0.814 0.792 0.82 0.802 0.852 0.803 0.873 0.806 0.875 0.809 0.871 0.816 0.863 0.822 0.835 0.831 0.835 0.856 0.828 0.865 0.817 0.871 0.824 0.892 0.824 0.912 0.817 0.927 0.806 0.943 0.786 0.966 0.768 0.981 0.749 0.991 0.725 0.998
0 0.877 0.852 0.837 0.85 0.836 0.831 0.854 0.826 0.866 0.821 0.874 0.812 0.874 0.808 0.851 0.804 0.822 0.803 0.807 0.788 0.792 0.777 0.805 0.762 0.809 0.748 0.807 0.736 0.797 0.721 0.75 0.69 0.706 0.674 0.716 0.654 0.728 0.641 0.731 0.633 0.743 0.618 0.775 0.62 0.787 0.617 0.801 0.61 0.809 0.598 0.823 0.611 0.842 0.616 0.855 0.614 0.875 0.608 0.892 0.605 0.905 0.606 0.921 0.611 0.936 0.621 0.948 0.633 0.971 0.666 0.981 0.687 0.981 0.739 0.972 0.783 0.966 0.799 0.955 0.811 0.943 0.819 0.933 0.823 0.916 0.827 0.903 0.842 0.889 0.85 0.877 0.852
0 0.632 0.411 0.6 0.408 0.584 0.392 0.571 0.372 0.592 0.348 0.61 0.321 0.619 0.313 0.631 0.308 0.647 0.293 0.659 0.273 0.654 0.269 0.656 0.265 0.654 0.261 0.648 0.262 0.626 0.278 0.605 0.282 0.595 0.288 0.59 0.296 0.589 0.306 0.579 0.321 0.558 0.344 0.543 0.356 0.516 0.347 0.505 0.33 0.492 0.32 0.457 0.308 0.463 0.276 0.472 0.254 0.49 0.229 0.52 0.196 0.53 0.188 0.548 0.184 0.571 0.175 0.592 0.162 0.613 0.159 0.636 0.16 0.663 0.168 0.68 0.178 0.705 0.203 0.729 0.2 0.748 0.203 0.748 0.215 0.751 0.229 0.773 0.247 0.78 0.257 0.784 0.27 0.783 0.293 0.771 0.321 0.741 0.363 0.713 0.393 0.708 0.397 0.698 0.397 0.681 0.39 0.661 0.39 0.647 0.394 0.632 0.411
0 0.647 0.0 0.646 0.013 0.641 0.026 0.634 0.035 0.624 0.042 0.641 0.079 0.641 0.091 0.633 0.112 0.617 0.13 0.601 0.154 0.577 0.173 0.546 0.185 0.504 0.192 0.479 0.191 0.448 0.183 0.39 0.172 0.376 0.167 0.363 0.158 0.354 0.145 0.353 0.119 0.348 0.102 0.352 0.08 0.367 0.067 0.359 0.058 0.339 0.06 0.313 0.078 0.318 0.089 0.315 0.091 0.309 0.089 0.293 0.071 0.29 0.034 0.293 0.036 0.297 0.024 0.3 0.025 0.299 0.032 0.305 0.037 0.325 0.036 0.35 0.031 0.354 0.012 0.362 0.0
0 0.39 0.293 0.367 0.277 0.337 0.264 0.296 0.252 0.238 0.24 0.205 0.236 0.176 0.237 0.149 0.243 0.128 0.254 0.125 0.245 0.127 0.223 0.138 0.214 0.155 0.205 0.173 0.188 0.233 0.161 0.259 0.146 0.281 0.139 0.301 0.14 0.338 0.16 0.374 0.19 0.389 0.21 0.391 0.218 0.389 0.237 0.401 0.257 0.4 0.278 0.395 0.289 0.39 0.293
0 0.935 0.286 0.907 0.285 0.84 0.276 0.818 0.271 0.78 0.256 0.768 0.242 0.751 0.228 0.748 0.215 0.748 0.207 0.762 0.186 0.744 0.171 0.738 0.156 0.739 0.136 0.746 0.118 0.76 0.099 0.779 0.084 0.803 0.07 0.855 0.048 0.895 0.034 0.918 0.03 0.963 0.032 0.981 0.035 1.0 0.041 1.0 0.269 0.97 0.281 0.935 0.286
0 0.217 0.168 0.189 0.167 0.129 0.151 0.101 0.148 0.086 0.142 0.066 0.129 0.055 0.115 0.052 0.093 0.039 0.069 0.027 0.041 0.028 0.023 0.039 0.009 0.034 0.0 0.347 0.0 0.354 0.012 0.352 0.031 0.323 0.036 0.306 0.037 0.299 0.032 0.3 0.024 0.297 0.026 0.294 0.035 0.29 0.034 0.293 0.071 0.311 0.091 0.318 0.09 0.314 0.078 0.336 0.062 0.341 0.063 0.348 0.073 0.35 0.085 0.347 0.104 0.336 0.122 0.326 0.13 0.305 0.14 0.285 0.139 0.274 0.141 0.258 0.148 0.228 0.165 0.217 0.168
0 0.0 0.439 0.033 0.446 0.07 0.456 0.104 0.472 0.121 0.485 0.149 0.496 0.173 0.518 0.18 0.538 0.18 0.55 0.173 0.564 0.162 0.573 0.143 0.584 0.154 0.599 0.156 0.614 0.15 0.63 0.138 0.642 0.114 0.657 0.071 0.671 0.028 0.679 0.0 0.68
0 0.0 0.68 0.034 0.677 0.065 0.672 0.09 0.686 0.111 0.705 0.121 0.719 0.125 0.732 0.149 0.757 0.154 0.771 0.16 0.804 0.157 0.828 0.149 0.849 0.126 0.882 0.11 0.896 0.095 0.904 0.074 0.91 0.043 0.912 0.017 0.908 0.0 0.916
0 0.573 0.998 0.266 0.998 0.265 0.992 0.269 0.982 0.268 0.971 0.273 0.946 0.291 0.909 0.3 0.897 0.311 0.887 0.341 0.872 0.375 0.863 0.399 0.853 0.441 0.845 0.466 0.844 0.471 0.846 0.466 0.859 0.467 0.872 0.478 0.893 0.491 0.906 0.577 0.966 0.645 0.997 0.64 0.998 0.573 0.998
0 0.198 0.72 0.183 0.72 0.145 0.715 0.133 0.711 0.116 0.704 0.1 0.687 0.09 0.666 0.125 0.651 0.141 0.639 0.152 0.626 0.157 0.615 0.157 0.607 0.154 0.598 0.144 0.584 0.164 0.572 0.176 0.559 0.18 0.549 0.179 0.527 0.209 0.528 0.231 0.533 0.242 0.538 0.274 0.561 0.254 0.57 0.24 0.581 0.231 0.594 0.22 0.621 0.216 0.642 0.217 0.661 0.235 0.707 0.222 0.714 0.198 0.72
0 0.312 0.563 0.295 0.56 0.274 0.56 0.225 0.527 0.215 0.519 0.198 0.495 0.188 0.476 0.187 0.455 0.196 0.438 0.269 0.446 0.329 0.446 0.319 0.478 0.319 0.501 0.33 0.525 0.345 0.541 0.33 0.547 0.312 0.563
0 0.0 0.26 0.066 0.282 0.089 0.295 0.102 0.306 0.103 0.319 0.062 0.316 0.04 0.317 0.025 0.324 0.024 0.33 0.027 0.333 0.04 0.336 0.047 0.334 0.073 0.334 0.1 0.339 0.117 0.345 0.107 0.363 0.092 0.36 0.087 0.363 0.083 0.371 0.088 0.37 0.094 0.365 0.099 0.37 0.107 0.368 0.099 0.378 0.096 0.39 0.102 0.404 0.115 0.417 0.108 0.425 0.094 0.433 0.069 0.44 0.013 0.441 0.0 0.439
0 0.962 0.483 0.897 0.482 0.893 0.458 0.885 0.441 0.864 0.412 0.846 0.398 0.825 0.387 0.812 0.385 0.796 0.385 0.771 0.391 0.761 0.385 0.763 0.372 0.759 0.365 0.746 0.364 0.738 0.367 0.775 0.315 0.81 0.295 0.834 0.285 0.854 0.278 0.909 0.284 0.949 0.284 0.974 0.279 0.999 0.268 0.999 0.482 0.962 0.483
0 0.977 0.671 0.974 0.67 0.948 0.634 0.928 0.615 0.913 0.608 0.899 0.605 0.886 0.605 0.872 0.609 0.889 0.594 0.897 0.577 0.898 0.481 1.0 0.481 1.0 0.664 0.977 0.67
