0 0.152 0.0 0.159 0.071 0.139 0.11 0.085 0.119 0.045 0.147 0.022 0.142 0.0 0.123
0 0.354 0.0 0.35 0.088 0.339 0.115 0.334 0.121 0.277 0.13 0.238 0.165 0.206 0.148 0.17 0.102 0.156 0.062 0.15 0.0
0 0.533 0.0 0.54 0.078 0.527 0.131 0.494 0.176 0.458 0.191 0.406 0.179 0.364 0.131 0.346 0.069 0.347 0.025 0.354 0.0
0 0.727 0.0 0.739 0.05 0.732 0.116 0.717 0.162 0.682 0.208 0.641 0.194 0.591 0.199 0.556 0.172 0.541 0.13 0.537 0.094 0.544 0.053 0.565 0.0
0 0.883 0.0 0.906 0.025 0.86 0.111 0.86 0.167 0.875 0.221 0.845 0.246 0.812 0.249 0.771 0.204 0.731 0.184 0.724 0.156 0.739 0.052 0.785 0.0
0 0.999 0.0 0.999 0.261 0.992 0.264 0.944 0.263 0.896 0.245 0.875 0.217 0.861 0.173 0.86 0.109 0.896 0.036 0.934 0.0
0 0.123 0.395 0.074 0.371 0.045 0.336 0.049 0.255 0.042 0.216 0.025 0.189 0.04 0.155 0.06 0.134 0.12 0.109 0.148 0.113 0.176 0.13 0.201 0.158 0.221 0.199 0.211 0.269 0.221 0.333 0.211 0.358 0.166 0.366 0.123 0.395
0 0.323 0.412 0.278 0.406 0.241 0.366 0.221 0.325 0.211 0.265 0.218 0.21 0.239 0.164 0.273 0.131 0.306 0.12 0.359 0.133 0.396 0.165 0.425 0.224 0.431 0.286 0.423 0.344 0.356 0.404 0.323 0.412
0 0.533 0.374 0.474 0.334 0.434 0.336 0.43 0.32 0.436 0.258 0.452 0.218 0.477 0.187 0.52 0.17 0.554 0.176 0.59 0.201 0.563 0.222 0.544 0.252 0.531 0.326 0.533 0.374
0 0.639 0.489 0.61 0.488 0.582 0.477 0.56 0.418 0.53 0.371 0.543 0.249 0.571 0.213 0.611 0.195 0.659 0.201 0.707 0.229 0.743 0.267 0.756 0.305 0.752 0.361 0.732 0.44 0.683 0.479 0.639 0.489
0 0.734 0.449 0.725 0.447 0.736 0.427 0.75 0.364 0.754 0.298 0.73 0.252 0.683 0.211 0.705 0.192 0.724 0.187 0.761 0.196 0.796 0.232 0.815 0.274 0.821 0.32 0.816 0.368 0.8 0.404 0.775 0.431 0.734 0.449
0 0.911 0.478 0.886 0.478 0.816 0.435 0.801 0.402 0.814 0.367 0.821 0.31 0.832 0.274 0.851 0.239 0.873 0.221 0.92 0.256 0.996 0.265 0.996 0.432 0.956 0.464 0.911 0.478
0 0.0 0.157 0.003 0.152 0.043 0.211 0.052 0.27 0.051 0.307 0.039 0.348 0.02 0.381 0.0 0.397
0 0.0 0.398 0.041 0.345 0.103 0.422 0.086 0.49 0.047 0.461 0.0 0.443
0 0.164 0.61 0.128 0.58 0.111 0.531 0.086 0.492 0.089 0.46 0.107 0.416 0.137 0.381 0.177 0.36 0.218 0.36 0.248 0.378 0.311 0.44 0.32 0.47 0.318 0.511 0.263 0.512 0.216 0.533 0.188 0.562 0.164 0.61
0 0.524 0.683 0.512 0.68 0.498 0.643 0.446 0.673 0.425 0.673 0.395 0.658 0.358 0.61 0.332 0.53 0.324 0.52 0.324 0.462 0.346 0.416 0.406 0.353 0.442 0.331 0.48 0.334 0.525 0.364 0.561 0.412 0.582 0.467 0.589 0.534 0.577 0.582 0.558 0.608 0.505 0.639 0.524 0.683
0 0.641 0.859 0.604 0.852 0.571 0.827 0.532 0.766 0.517 0.704 0.516 0.683 0.522 0.679 0.516 0.658 0.522 0.629 0.562 0.602 0.585 0.551 0.605 0.541 0.645 0.544 0.69 0.568 0.728 0.617 0.747 0.682 0.746 0.735 0.725 0.799 0.682 0.843 0.641 0.859
0 0.715 0.594 0.685 0.565 0.649 0.546 0.59 0.545 0.586 0.485 0.661 0.484 0.702 0.468 0.718 0.493 0.724 0.517 0.715 0.594
0 0.819 0.693 0.788 0.692 0.748 0.676 0.733 0.627 0.716 0.596 0.735 0.471 0.752 0.451 0.783 0.436 0.824 0.439 0.867 0.461 0.9 0.5 0.91 0.53 0.91 0.596 0.9 0.641 0.873 0.671 0.819 0.693
0 0.987 0.699 0.928 0.676 0.898 0.646 0.909 0.59 0.908 0.529 0.902 0.501 0.947 0.469 0.999 0.478 0.999 0.69 0.987 0.699
0 0.0 0.456 0.003 0.444 0.011 0.445 0.08 0.484 0.117 0.543 0.131 0.598 0.127 0.648 0.113 0.699 0.066 0.764 0.052 0.76 0.009 0.778 0.0 0.769
0 0.227 0.844 0.227 0.823 0.178 0.798 0.156 0.757 0.149 0.717 0.155 0.638 0.18 0.57 0.205 0.539 0.262 0.511 0.302 0.508 0.335 0.53 0.351 0.592 0.385 0.647 0.382 0.718 0.362 0.773 0.341 0.796 0.3 0.821 0.243 0.827 0.227 0.844
0 0.479 0.956 0.434 0.942 0.386 0.888 0.372 0.841 0.371 0.755 0.383 0.71 0.41 0.671 0.445 0.672 0.495 0.645 0.516 0.688 0.523 0.738 0.536 0.773 0.563 0.818 0.593 0.847 0.579 0.896 0.552 0.934 0.534 0.951 0.479 0.956
0 0.698 0.929 0.65 0.913 0.606 0.855 0.662 0.854 0.709 0.821 0.726 0.797 0.74 0.76 0.748 0.679 0.779 0.712 0.793 0.747 0.8 0.792 0.796 0.84 0.786 0.87 0.762 0.905 0.738 0.921 0.698 0.929
0 0.903 0.924 0.873 0.922 0.841 0.907 0.815 0.885 0.795 0.854 0.799 0.791 0.791 0.738 0.817 0.707 0.852 0.694 0.902 0.707 0.954 0.769 0.968 0.817 0.961 0.877 0.932 0.915 0.903 0.924
0 0.0 0.777 0.037 0.765 0.098 0.711 0.124 0.655 0.131 0.585 0.162 0.61 0.15 0.717 0.158 0.764 0.181 0.803 0.175 0.816 0.138 0.854 0.099 0.864 0.043 0.854 0.0 0.817
0 0.0 0.819 0.044 0.854 0.072 0.863 0.095 0.929 0.093 0.976 0.084 0.986 0.088 0.997 0.0 0.997
0 0.352 0.998 0.1 0.997 0.082 0.989 0.1 0.975 0.12 0.915 0.159 0.862 0.18 0.838 0.218 0.82 0.228 0.826 0.227 0.846 0.242 0.829 0.28 0.829 0.31 0.855 0.33 0.881 0.353 0.93 0.361 0.978 0.352 0.998
0 0.323 0.866 0.279 0.828 0.326 0.808 0.369 0.758 0.369 0.797 0.363 0.817 0.348 0.845 0.323 0.866
0 0.374 0.996 0.356 0.994 0.361 0.958 0.337 0.893 0.374 0.867 0.404 0.914 0.432 0.941 0.459 0.955 0.486 0.956 0.484 0.964 0.433 0.973 0.402 0.995 0.374 0.996
0 0.682 0.995 0.553 0.995 0.497 0.958 0.538 0.949 0.567 0.918 0.584 0.886 0.603 0.887 0.645 0.912 0.668 0.941 0.679 0.966 0.682 0.995
0 0.384 0.997 0.384 0.986 0.395 0.993 0.439 0.97 0.47 0.964 0.505 0.966 0.552 0.99 0.567 0.992 0.57 0.985 0.571 0.991 0.384 0.997
0 0.688 0.996 0.68 0.968 0.697 0.936 0.762 0.905 0.787 0.909 0.82 0.93 0.843 0.958 0.856 0.994 0.688 0.996
0 0.998 0.998 0.854 0.997 0.86 0.976 0.891 0.929 0.923 0.922 0.954 0.904 0.996 0.914 0.998 0.998
0 0.998 0.877 0.968 0.828 0.957 0.773 0.967 0.728 0.998 0.69 0.998 0.87
