0 0.338 0.866 0.326 0.865 0.299 0.852 0.268 0.828 0.257 0.812 0.252 0.789 0.254 0.769 0.258 0.75 0.265 0.731 0.278 0.709 0.289 0.694 0.309 0.675 0.318 0.67 0.334 0.665 0.358 0.67 0.388 0.694 0.397 0.711 0.4 0.734 0.397 0.782 0.391 0.804 0.384 0.822 0.364 0.852 0.35 0.862 0.338 0.866
0 0.332 0.623 0.316 0.62 0.298 0.609 0.285 0.598 0.276 0.586 0.263 0.559 0.259 0.536 0.259 0.519 0.262 0.504 0.268 0.49 0.285 0.469 0.278 0.456 0.28 0.45 0.283 0.451 0.29 0.464 0.302 0.446 0.313 0.436 0.322 0.43 0.337 0.428 0.353 0.433 0.365 0.441 0.384 0.467 0.391 0.485 0.396 0.505 0.398 0.522 0.398 0.547 0.396 0.562 0.392 0.572 0.378 0.585 0.365 0.608 0.346 0.62 0.332 0.623
0 0.571 0.592 0.549 0.588 0.527 0.57 0.51 0.549 0.503 0.527 0.504 0.511 0.51 0.479 0.523 0.448 0.537 0.433 0.556 0.427 0.582 0.429 0.595 0.434 0.604 0.441 0.619 0.462 0.619 0.468 0.616 0.472 0.621 0.474 0.625 0.495 0.626 0.532 0.616 0.559 0.601 0.576 0.582 0.588 0.571 0.592
0 0.513 0.89 0.501 0.89 0.488 0.886 0.464 0.869 0.453 0.853 0.446 0.84 0.438 0.803 0.438 0.777 0.443 0.752 0.447 0.743 0.457 0.725 0.468 0.712 0.477 0.705 0.49 0.699 0.518 0.699 0.528 0.702 0.54 0.71 0.551 0.722 0.559 0.736 0.568 0.761 0.57 0.775 0.57 0.817 0.566 0.84 0.559 0.857 0.55 0.871 0.54 0.881 0.524 0.888 0.513 0.89
0 0.613 0.794 0.589 0.79 0.573 0.775 0.559 0.733 0.559 0.719 0.552 0.691 0.551 0.679 0.557 0.661 0.566 0.644 0.59 0.618 0.618 0.604 0.638 0.605 0.658 0.616 0.685 0.666 0.693 0.666 0.694 0.674 0.688 0.677 0.695 0.706 0.696 0.723 0.686 0.752 0.679 0.764 0.668 0.774 0.647 0.786 0.613 0.794
0 0.765 0.822 0.746 0.822 0.732 0.817 0.719 0.81 0.71 0.801 0.696 0.76 0.693 0.734 0.695 0.71 0.7 0.689 0.706 0.674 0.717 0.658 0.738 0.641 0.753 0.635 0.769 0.634 0.781 0.636 0.794 0.642 0.805 0.652 0.819 0.67 0.83 0.691 0.836 0.708 0.839 0.72 0.839 0.736 0.837 0.755 0.833 0.767 0.825 0.783 0.812 0.8 0.792 0.816 0.765 0.822
0 0.636 0.298 0.624 0.296 0.606 0.288 0.585 0.267 0.578 0.256 0.572 0.238 0.57 0.208 0.577 0.184 0.598 0.161 0.588 0.155 0.592 0.145 0.603 0.156 0.612 0.146 0.632 0.136 0.646 0.132 0.655 0.133 0.662 0.135 0.676 0.146 0.687 0.164 0.696 0.198 0.696 0.228 0.69 0.249 0.682 0.264 0.667 0.28 0.652 0.286 0.643 0.295 0.636 0.298
0 0.786 0.359 0.765 0.356 0.754 0.35 0.739 0.336 0.732 0.323 0.727 0.305 0.725 0.294 0.725 0.28 0.737 0.24 0.754 0.216 0.77 0.204 0.782 0.199 0.81 0.199 0.835 0.211 0.851 0.234 0.856 0.248 0.856 0.296 0.85 0.314 0.84 0.331 0.806 0.354 0.797 0.358 0.786 0.359
0 0.864 0.511 0.827 0.508 0.82 0.505 0.808 0.496 0.792 0.472 0.784 0.454 0.778 0.428 0.777 0.415 0.779 0.403 0.784 0.39 0.81 0.358 0.824 0.347 0.842 0.338 0.867 0.332 0.888 0.337 0.901 0.347 0.915 0.366 0.926 0.405 0.94 0.408 0.942 0.413 0.939 0.417 0.933 0.414 0.928 0.414 0.931 0.459 0.926 0.477 0.918 0.489 0.9 0.502 0.864 0.511
0 0.323 0.34 0.298 0.338 0.282 0.328 0.258 0.286 0.249 0.254 0.25 0.221 0.253 0.206 0.261 0.186 0.279 0.164 0.288 0.157 0.301 0.153 0.316 0.153 0.328 0.157 0.357 0.178 0.367 0.198 0.375 0.231 0.376 0.257 0.375 0.272 0.371 0.289 0.364 0.306 0.348 0.329 0.337 0.337 0.323 0.3
