0 0.293 0.502 0.271 0.5 0.248 0.49 0.237 0.482 0.218 0.457 0.21 0.44 0.202 0.416 0.198 0.396 0.198 0.379 0.2 0.359 0.205 0.343 0.212 0.329 0.221 0.318 0.229 0.312 0.248 0.302 0.271 0.296 0.281 0.296 0.303 0.3 0.315 0.305 0.332 0.317 0.345 0.334 0.355 0.351 0.359 0.365 0.363 0.385 0.364 0.402 0.36 0.429 0.355 0.448 0.336 0.476 0.32 0.491 0.309 0.498 0.293 0.502
0 0.595 0.805 0.582 0.805 0.563 0.799 0.546 0.789 0.537 0.782 0.52 0.762 0.511 0.747 0.504 0.73 0.5 0.708 0.501 0.68 0.508 0.654 0.533 0.602 0.541 0.59 0.55 0.582 0.568 0.573 0.589 0.575 0.61 0.582 0.623 0.592 0.659 0.63 0.671 0.653 0.678 0.682 0.678 0.704 0.674 0.724 0.666 0.74 0.658 0.749 0.654 0.763 0.647 0.777 0.638 0.788 0.625 0.798 0.607 0.804 0.595 0.805
0 0.41 0.853 0.393 0.852 0.377 0.844 0.366 0.833 0.354 0.817 0.346 0.802 0.338 0.771 0.335 0.73 0.336 0.707 0.342 0.683 0.35 0.655 0.361 0.63 0.387 0.604 0.402 0.597 0.415 0.597 0.426 0.6 0.437 0.606 0.462 0.632 0.47 0.644 0.476 0.658 0.484 0.689 0.485 0.726 0.484 0.752 0.479 0.78 0.471 0.805 0.465 0.816 0.456 0.828 0.44 0.841 0.421 0.851 0.41 0.853
0 0.488 0.644 0.47 0.642 0.461 0.629 0.438 0.606 0.428 0.599 0.416 0.596 0.404 0.576 0.394 0.538 0.392 0.506 0.394 0.488 0.399 0.473 0.419 0.438 0.429 0.428 0.446 0.419 0.464 0.415 0.487 0.415 0.513 0.426 0.529 0.436 0.539 0.445 0.552 0.463 0.559 0.48 0.563 0.502 0.565 0.513 0.564 0.544 0.559 0.563 0.553 0.577 0.534 0.598 0.52 0.626 0.507 0.637 0.488 0.644
0 0.633 0.6 0.622 0.589 0.608 0.579 0.595 0.574 0.585 0.574 0.57 0.553 0.564 0.541 0.564 0.499 0.562 0.486 0.557 0.473 0.56 0.455 0.567 0.438 0.592 0.404 0.602 0.395 0.62 0.386 0.648 0.382 0.661 0.386 0.675 0.395 0.686 0.404 0.697 0.419 0.71 0.449 0.714 0.471 0.715 0.488 0.71 0.516 0.698 0.543 0.681 0.565 0.655 0.59 0.644 0.597 0.633 0.6
0 0.756 0.514 0.743 0.513 0.733 0.51 0.716 0.496 0.715 0.468 0.709 0.439 0.695 0.413 0.682 0.398 0.685 0.387 0.693 0.372 0.709 0.355 0.726 0.346 0.75 0.34 0.774 0.341 0.793 0.349 0.807 0.362 0.817 0.375 0.828 0.405 0.831 0.42 0.83 0.437 0.828 0.45 0.821 0.468 0.815 0.479 0.801 0.496 0.784 0.508 0.756 0.514
0 0.681 0.397 0.666 0.386 0.643 0.38 0.626 0.382 0.606 0.392 0.599 0.371 0.597 0.342 0.6 0.324 0.609 0.3 0.623 0.274 0.634 0.258 0.66 0.235 0.673 0.23 0.685 0.23 0.705 0.237 0.726 0.259 0.733 0.273 0.737 0.285 0.739 0.312 0.736 0.33 0.731 0.343 0.71 0.352 0.698 0.362 0.69 0.375 0.681 0.397
0 0.381 0.279 0.372 0.275 0.362 0.265 0.353 0.253 0.346 0.236 0.343 0.218 0.344 0.201 0.347 0.184 0.353 0.17 0.376 0.14 0.387 0.132 0.399 0.127 0.418 0.126 0.426 0.128 0.445 0.138 0.453 0.144 0.467 0.162 0.476 0.18 0.479 0.191 0.481 0.218 0.476 0.241 0.444 0.246 0.396 0.267 0.381 0.279
0 0.556 0.471 0.545 0.452 0.531 0.437 0.503 0.419 0.487 0.414 0.477 0.392 0.47 0.36 0.47 0.343 0.473 0.32 0.476 0.308 0.488 0.288 0.495 0.278 0.505 0.268 0.53 0.256 0.554 0.256 0.579 0.261 0.592 0.268 0.6 0.275 0.612 0.291 0.603 0.311 0.596 0.342 0.598 0.37 0.604 0.389 0.598 0.398 0.586 0.408 0.58 0.419 0.567 0.435 0.559 0.451 0.556 0.471
0 0.412 0.443 0.399 0.443 0.383 0.437 0.371 0.428 0.362 0.417 0.365 0.402 0.363 0.379 0.358 0.357 0.351 0.343 0.359 0.315 0.364 0.304 0.376 0.286 0.39 0.273 0.452 0.245 0.46 0.243 0.49 0.245 0.502 0.25 0.513 0.258 0.515 0.262 0.498 0.273 0.485 0.289 0.478 0.303 0.47 0.327 0.469 0.356 0.473 0.381 0.477 0.397 0.487 0.414 0.465 0.413 0.445 0.419 0.43 0.426 0.412 0.443
0 0.608 0.281 0.595 0.269 0.582 0.262 0.56 0.254 0.535 0.254 0.52 0.259 0.512 0.247 0.505 0.23 0.502 0.212 0.501 0.189 0.504 0.16 0.508 0.146 0.516 0.13 0.528 0.115 0.541 0.103 0.555 0.093 0.571 0.088 0.587 0.086 0.6 0.086 0.61 0.09 0.63 0.105 0.642 0.124 0.649 0.141 0.655 0.178 0.657 0.203 0.656 0.22 0.654 0.234 0.651 0.24 0.632 0.259 0.62 0.277 0.608 0.28
