0 0.0 0.081 0.012 0.036 0.019 0.019 0.029 0.002 0.26 0.002 0.28 0.034 0.294 0.065 0.304 0.1 0.308 0.141 0.307 0.171 0.3 0.208 0.286 0.245 0.266 0.282 0.223 0.292 0.185 0.312 0.161 0.322 0.133 0.338 0.089 0.32 0.071 0.308 0.048 0.287 0.031 0.265 0.02 0.243 0.012 0.211 0.0 0.18
0 0.0 0.371 0.0 0.192 0.002 0.182 0.013 0.214 0.018 0.239 0.021 0.28 0.015 0.331 0.009 0.353 0.0 0.371
0 0.46 0.263 0.433 0.262 0.402 0.249 0.374 0.221 0.352 0.187 0.337 0.149 0.329 0.105 0.328 0.058 0.331 0.022 0.336 0.0 0.667 0.001 0.673 0.03 0.675 0.056 0.674 0.097 0.672 0.119 0.665 0.145 0.653 0.174 0.629 0.212 0.606 0.234 0.583 0.248 0.559 0.243 0.514 0.242 0.482 0.25 0.46 0.263
0 0.836 0.255 0.799 0.253 0.766 0.241 0.737 0.22 0.72 0.2 0.712 0.187 0.702 0.165 0.693 0.139 0.687 0.098 0.686 0.08 0.688 0.05 0.692 0.028 0.701 0.0 0.978 0.0 0.984 0.037 0.98 0.085 0.971 0.126 0.954 0.166 0.933 0.198 0.903 0.229 0.886 0.24 0.863 0.25 0.836 0.255
0 0.236 0.637 0.203 0.635 0.175 0.625 0.145 0.603 0.119 0.575 0.1 0.539 0.091 0.514 0.085 0.471 0.086 0.434 0.092 0.41 0.104 0.379 0.116 0.358 0.134 0.339 0.157 0.324 0.233 0.289 0.262 0.284 0.287 0.286 0.31 0.294 0.33 0.31 0.344 0.324 0.362 0.352 0.373 0.377 0.383 0.415 0.385 0.457 0.384 0.478 0.375 0.518 0.362 0.548 0.351 0.566 0.33 0.591 0.311 0.606 0.286 0.62 0.256 0.633 0.236 0.637
0 0.529 0.644 0.496 0.639 0.47 0.627 0.445 0.607 0.424 0.579 0.406 0.545 0.392 0.502 0.385 0.464 0.383 0.413 0.391 0.371 0.403 0.339 0.423 0.303 0.444 0.277 0.475 0.254 0.5 0.246 0.526 0.242 0.563 0.245 0.592 0.254 0.618 0.27 0.639 0.292 0.655 0.315 0.672 0.352 0.682 0.386 0.685 0.411 0.683 0.459 0.675 0.505 0.665 0.537 0.651 0.566 0.629 0.599 0.61 0.618 0.583 0.632 0.56 0.639 0.529 0.644
0 0.707 1.0 0.541 1.0 0.519 0.999 0.514 0.994 0.527 0.929 0.535 0.904 0.558 0.873 0.585 0.849 0.612 0.837 0.656 0.836 0.745 0.813 0.786 0.81 0.815 0.815 0.83 0.821 0.852 0.834 0.874 0.853 0.894 0.876 0.921 0.913 0.943 0.952 0.962 0.996 0.96 0.999 0.707 1.0
0 0.084 0.466 0.05 0.444 0.011 0.429 0.009 0.424 0.008 0.405 0.011 0.38 0.021 0.351 0.037 0.322 0.057 0.298 0.088 0.319 0.132 0.339 0.112 0.364 0.097 0.394 0.087 0.429 0.084 0.466
0 0.384 0.418 0.38 0.416 0.378 0.395 0.366 0.36 0.342 0.323 0.327 0.306 0.31 0.294 0.289 0.286 0.267 0.282 0.291 0.233 0.3 0.206 0.307 0.175 0.321 0.165 0.333 0.159 0.339 0.159 0.341 0.161 0.351 0.185 0.366 0.211 0.391 0.24 0.403 0.249 0.419 0.257 0.456 0.266 0.43 0.293 0.416 0.314 0.405 0.336 0.391 0.373 0.384 0.418
0 0.684 0.394 0.682 0.393 0.679 0.374 0.67 0.346 0.656 0.318 0.645 0.301 0.618 0.271 0.582 0.25 0.612 0.229 0.637 0.202 0.654 0.174 0.671 0.125 0.674 0.121 0.677 0.122 0.683 0.131 0.691 0.134 0.702 0.164 0.714 0.189 0.726 0.207 0.743 0.225 0.747 0.244 0.751 0.277 0.748 0.321 0.743 0.343 0.733 0.368 0.706 0.379 0.684 0.394
0 0.875 0.494 0.869 0.489 0.856 0.455 0.839 0.422 0.815 0.393 0.794 0.379 0.78 0.373 0.753 0.368 0.734 0.368 0.747 0.326 0.751 0.286 0.749 0.254 0.757 0.243 0.763 0.239 0.8 0.253 0.836 0.254 0.857 0.251 0.891 0.236 0.926 0.206 0.949 0.231 0.965 0.26 0.978 0.294 0.947 0.328 0.935 0.347 0.925 0.369 0.92 0.39 0.914 0.428 0.914 0.454 0.917 0.478 0.89 0.492 0.875 0.494
0 0.962 0.552 0.944 0.535 0.931 0.514 0.923 0.495 0.914 0.454 0.915 0.42 0.92 0.388 0.926 0.368 0.941 0.336 0.967 0.304 0.999 0.28 1.0 0.517 0.999 0.521 0.962 0.552
0 0.754 0.697 0.732 0.695 0.716 0.69 0.701 0.682 0.68 0.667 0.654 0.635 0.644 0.615 0.638 0.593 0.639 0.584 0.65 0.565 0.664 0.537 0.676 0.497 0.683 0.454 0.683 0.396 0.705 0.379 0.728 0.369 0.754 0.367 0.785 0.374 0.804 0.384 0.824 0.402 0.842 0.427 0.856 0.454 0.869 0.492 0.874 0.522 0.874 0.558 0.869 0.59 0.86 0.616 0.843 0.644 0.828 0.663 0.806 0.68 0.786 0.69 0.754 0.697
0 0.999 0.985 0.984 0.97 0.963 0.939 0.951 0.915 0.938 0.878 0.924 0.822 0.914 0.748 0.911 0.715 0.911 0.688 0.915 0.657 0.923 0.625 0.931 0.605 0.945 0.578 0.964 0.551 0.996 0.521 0.999 0.521 0.999 0.985
0 0.924 0.815 0.92 0.815 0.908 0.79 0.895 0.773 0.875 0.752 0.854 0.736 0.835 0.725 0.788 0.705 0.759 0.698 0.786 0.69 0.806 0.68 0.828 0.662 0.843 0.644 0.856 0.623 0.866 0.599 0.873 0.573 0.875 0.539 0.878 0.534 0.908 0.533 0.93 0.537 0.95 0.543 0.96 0.553 0.93 0.607 0.921 0.634 0.914 0.663 0.911 0.699 0.912 0.722 0.915 0.759 0.924 0.815
0 0.946 0.953 0.941 0.948 0.913 0.901 0.876 0.854 0.85 0.832 0.835 0.823 0.805 0.812 0.757 0.81 0.654 0.837 0.645 0.837 0.643 0.835 0.643 0.823 0.651 0.791 0.664 0.762 0.68 0.738 0.701 0.719 0.734 0.701 0.752 0.698 0.776 0.701 0.841 0.727 0.877 0.753 0.899 0.777 0.913 0.8 0.93 0.844 0.944 0.889 0.949 0.923 0.949 0.941 0.946 0.953
0 0.001 0.85 0.0 0.43 0.003 0.429 0.045 0.442 0.062 0.451 0.084 0.468 0.092 0.516 0.106 0.552 0.125 0.583 0.155 0.614 0.157 0.659 0.154 0.686 0.146 0.713 0.132 0.744 0.114 0.771 0.108 0.776 0.075 0.789 0.043 0.81 0.022 0.827 0.001 0.8
