0 0.409 0.243 0.386 0.24 0.357 0.22 0.343 0.205 0.334 0.189 0.326 0.168 0.327 0.146 0.334 0.127 0.358 0.092 0.394 0.081 0.408 0.081 0.427 0.094 0.444 0.122 0.448 0.143 0.45 0.172 0.447 0.194 0.442 0.215 0.437 0.226 0.409 0.243
0 0.583 0.276 0.57 0.267 0.548 0.258 0.536 0.262 0.508 0.264 0.494 0.257 0.485 0.24 0.493 0.177 0.5 0.159 0.516 0.141 0.539 0.134 0.562 0.137 0.577 0.142 0.595 0.164 0.604 0.195 0.602 0.247 0.594 0.266 0.583 0.276
0 0.238 0.5 0.196 0.488 0.17 0.466 0.164 0.418 0.166 0.382 0.172 0.353 0.16 0.363 0.144 0.357 0.126 0.339 0.118 0.313 0.118 0.274 0.128 0.239 0.152 0.211 0.189 0.212 0.216 0.233 0.232 0.263 0.239 0.285 0.239 0.311 0.252 0.308 0.271 0.314 0.295 0.34 0.313 0.371 0.319 0.408 0.309 0.446 0.299 0.473 0.269 0.492 0.238 0.5
0 0.434 0.818 0.408 0.815 0.399 0.799 0.383 0.777 0.376 0.739 0.377 0.695 0.383 0.651 0.404 0.621 0.426 0.607 0.46 0.614 0.477 0.637 0.486 0.665 0.49 0.697 0.487 0.73 0.481 0.757 0.469 0.79 0.454 0.808 0.434 0.818
0 0.647 0.966 0.615 0.961 0.583 0.918 0.564 0.879 0.559 0.819 0.571 0.78 0.59 0.766 0.622 0.758 0.651 0.759 0.687 0.788 0.705 0.82 0.717 0.864 0.712 0.911 0.697 0.941 0.647 0.966
0 0.799 0.902 0.759 0.876 0.742 0.856 0.727 0.834 0.725 0.811 0.741 0.792 0.767 0.792 0.783 0.776 0.796 0.735 0.804 0.722 0.818 0.71 0.852 0.74 0.869 0.783 0.859 0.825 0.852 0.861 0.825 0.891 0.799 0.902
0 0.767 0.792 0.711 0.791 0.699 0.787 0.67 0.762 0.654 0.738 0.636 0.698 0.632 0.669 0.644 0.64 0.654 0.622 0.686 0.596 0.698 0.58 0.726 0.576 0.747 0.58 0.772 0.59 0.784 0.603 0.796 0.631 0.803 0.653 0.8 0.703 0.79 0.75 0.779 0.777 0.767 0.792
0 0.896 0.684 0.873 0.682 0.855 0.672 0.838 0.659 0.822 0.643 0.807 0.623 0.806 0.588 0.812 0.565 0.828 0.54 0.859 0.52 0.879 0.51 0.905 0.51 0.932 0.533 0.939 0.575 0.932 0.63 0.921 0.661 0.896 0.684
0 0.755 0.49 0.714 0.483 0.68 0.468 0.67 0.428 0.669 0.387 0.699 0.346 0.732 0.344 0.757 0.346 0.776 0.356 0.795 0.393 0.8 0.435 0.787 0.471 0.755 0.49
0 0.663 0.602 0.652 0.576 0.661 0.535 0.684 0.507 0.724 0.505 0.75 0.511 0.766 0.535 0.781 0.567 0.773 0.584 0.757 0.577 0.695 0.574 0.68 0.584 0.663 0.602
0 0.441 0.528 0.384 0.516 0.367 0.492 0.359 0.461 0.354 0.437 0.358 0.407 0.366 0.386 0.377 0.369 0.398 0.349 0.42 0.345 0.444 0.349 0.467 0.369 0.477 0.382 0.491 0.414 0.493 0.433 0.493 0.468 0.484 0.51 0.472 0.519 0.441 0.528
0 0.507 0.686 0.49 0.686 0.489 0.666 0.483 0.637 0.476 0.619 0.45 0.598 0.437 0.593 0.437 0.58 0.445 0.569 0.464 0.556 0.479 0.55 0.506 0.543 0.523 0.548 0.539 0.571 0.542 0.606 0.542 0.638 0.534 0.662 0.524 0.681 0.507 0.686
0 0.595 0.544 0.584 0.544 0.573 0.536 0.562 0.52 0.553 0.488 0.556 0.471 0.563 0.452 0.574 0.433 0.59 0.421 0.609 0.417 0.637 0.447 0.64 0.476 0.626 0.521 0.6 0.543 0.595 0.544
0 0.649 0.376 0.643 0.376 0.634 0.369 0.625 0.36 0.618 0.348 0.61 0.31 0.611 0.265 0.623 0.242 0.638 0.23 0.651 0.222 0.671 0.22 0.691 0.232 0.712 0.25 0.72 0.268 0.723 0.282 0.723 0.302 0.717 0.32 0.708 0.334 0.693 0.342 0.659 0.374 0.649 0.376
0 0.818 0.533 0.806 0.532 0.794 0.517 0.796 0.461 0.807 0.438 0.817 0.429 0.834 0.429 0.849 0.44 0.854 0.461 0.851 0.486 0.841 0.518 0.826 0.531 0.818 0.533
0 0.6 0.714 0.576 0.711 0.565 0.703 0.551 0.664 0.552 0.647 0.563 0.616 0.572 0.604 0.587 0.593 0.62 0.597 0.632 0.61 0.639 0.623 0.638 0.64 0.627 0.669 0.625 0.681 0.628 0.69 0.627 0.703 0.6 0.714
0 0.549 0.951 0.541 0.951 0.531 0.943 0.519 0.926 0.507 0.892 0.491 0.831 0.489 0.798 0.495 0.766 0.502 0.752 0.528 0.756 0.543 0.766 0.552 0.786 0.559 0.807 0.559 0.849 0.563 0.881 0.568 0.893 0.571 0.908 0.571 0.937 0.566 0.945 0.557 0.95 0.549 0.951
0 0.344 0.698 0.33 0.697 0.325 0.682 0.324 0.66 0.329 0.632 0.344 0.615 0.352 0.611 0.367 0.609 0.373 0.614 0.38 0.624 0.381 0.634 0.368 0.653 0.344 0.698
0 0.29 0.64 0.288 0.64 0.276 0.625 0.273 0.611 0.273 0.573 0.283 0.559 0.29 0.554 0.3 0.552 0.308 0.554 0.321 0.572 0.319 0.609 0.315 0.622 0.308 0.631 0.29 0.64
0 0.145 0.542 0.132 0.535 0.119 0.521 0.124 0.499 0.126 0.474 0.129 0.46 0.143 0.435 0.149 0.432 0.154 0.443 0.157 0.459 0.17 0.488 0.17 0.505 0.167 0.523 0.162 0.53 0.145 0.542
0 0.289 0.189 0.267 0.178 0.259 0.172 0.253 0.162 0.244 0.142 0.24 0.105 0.243 0.082 0.25 0.069 0.266 0.052 0.276 0.046 0.292 0.049 0.308 0.064 0.316 0.073 0.323 0.09 0.325 0.104 0.32 0.149 0.315 0.164 0.302 0.18 0.289 0.189
0 0.37 0.567 0.36 0.563 0.35 0.566 0.336 0.561 0.324 0.55 0.315 0.538 0.308 0.519 0.307 0.501 0.308 0.489 0.316 0.476 0.328 0.471 0.339 0.462 0.348 0.462 0.357 0.469 0.371 0.503 0.388 0.523 0.39 0.532 0.385 0.557 0.37 0.567
0 0.319 0.418 0.321 0.388 0.313 0.358 0.304 0.348 0.297 0.334 0.278 0.322 0.266 0.311 0.273 0.299 0.314 0.294 0.336 0.304 0.343 0.311 0.349 0.323 0.355 0.345 0.355 0.365 0.346 0.387 0.319 0.418
0 0.47 0.316 0.459 0.315 0.449 0.304 0.433 0.277 0.431 0.262 0.438 0.235 0.45 0.209 0.463 0.202 0.475 0.199 0.486 0.202 0.481 0.241 0.484 0.251 0.491 0.256 0.494 0.266 0.488 0.277 0.477 0.31 0.47 0.316
0 0.371 0.369 0.364 0.363 0.36 0.353 0.358 0.34 0.357 0.308 0.363 0.296 0.375 0.29 0.386 0.288 0.4 0.291 0.408 0.299 0.418 0.315 0.419 0.34 0.398 0.342 0.39 0.347 0.379 0.364 0.371 0.36
