0 0.398 0.714 0.374 0.71 0.362 0.704 0.35 0.693 0.336 0.669 0.331 0.653 0.328 0.636 0.331 0.604 0.336 0.588 0.344 0.573 0.362 0.553 0.374 0.546 0.387 0.543 0.41 0.546 0.428 0.557 0.446 0.581 0.454 0.604 0.448 0.631 0.451 0.664 0.446 0.676 0.434 0.693 0.422 0.704 0.41 0.71 0.398 0.714
0 0.328 0.486 0.304 0.483 0.292 0.476 0.28 0.466 0.266 0.441 0.261 0.425 0.258 0.408 0.26 0.369 0.27 0.338 0.279 0.322 0.292 0.307 0.306 0.298 0.322 0.293 0.346 0.296 0.363 0.307 0.381 0.331 0.389 0.354 0.377 0.373 0.365 0.407 0.362 0.438 0.366 0.463 0.349 0.479 0.328 0.486
0 0.552 0.774 0.533 0.774 0.51 0.769 0.498 0.762 0.486 0.752 0.475 0.734 0.465 0.704 0.457 0.689 0.453 0.67 0.45 0.645 0.451 0.621 0.455 0.603 0.463 0.584 0.474 0.567 0.495 0.551 0.529 0.542 0.529 0.515 0.528 0.508 0.523 0.502 0.523 0.497 0.526 0.494 0.536 0.496 0.543 0.504 0.547 0.503 0.551 0.507 0.553 0.514 0.552 0.533 0.582 0.53 0.588 0.536 0.591 0.545 0.605 0.55 0.62 0.564 0.635 0.588 0.642 0.61 0.646 0.631 0.645 0.667 0.641 0.689 0.634 0.707 0.617 0.734 0.608 0.746 0.595 0.756 0.569 0.77 0.552 0.774
0 0.7 0.656 0.676 0.653 0.664 0.646 0.652 0.636 0.644 0.623 0.638 0.596 0.633 0.584 0.624 0.569 0.622 0.561 0.622 0.528 0.632 0.498 0.65 0.474 0.673 0.461 0.698 0.461 0.712 0.467 0.73 0.479 0.748 0.503 0.757 0.534 0.758 0.583 0.755 0.599 0.748 0.618 0.736 0.636 0.725 0.646 0.713 0.653 0.7 0.656
0 0.779 0.615 0.764 0.614 0.752 0.61 0.757 0.594 0.76 0.577 0.759 0.542 0.757 0.525 0.752 0.509 0.744 0.493 0.735 0.482 0.723 0.472 0.746 0.459 0.758 0.447 0.772 0.442 0.784 0.44 0.795 0.447 0.81 0.45 0.825 0.468 0.836 0.496 0.839 0.534 0.833 0.562 0.822 0.585 0.804 0.605 0.792 0.612 0.779 0.615
0 0.724 0.474 0.696 0.46 0.677 0.46 0.666 0.463 0.661 0.453 0.664 0.439 0.664 0.428 0.66 0.412 0.663 0.405 0.676 0.392 0.705 0.379 0.72 0.381 0.73 0.388 0.737 0.398 0.741 0.409 0.744 0.427 0.744 0.445 0.739 0.462 0.724 0.474
0 0.608 0.546 0.591 0.544 0.588 0.537 0.581 0.53 0.574 0.532 0.567 0.53 0.561 0.525 0.55 0.509 0.542 0.491 0.537 0.477 0.533 0.456 0.536 0.418 0.556 0.385 0.574 0.365 0.586 0.358 0.599 0.355 0.614 0.356 0.626 0.36 0.64 0.369 0.65 0.381 0.658 0.397 0.665 0.432 0.661 0.454 0.667 0.463 0.65 0.473 0.636 0.491 0.626 0.511 0.622 0.541 0.608 0.546
0 0.472 0.564 0.448 0.561 0.436 0.554 0.425 0.544 0.413 0.526 0.408 0.512 0.391 0.502 0.376 0.483 0.37 0.47 0.363 0.438 0.363 0.418 0.366 0.402 0.373 0.383 0.386 0.359 0.416 0.328 0.432 0.318 0.444 0.314 0.466 0.315 0.488 0.328 0.509 0.351 0.533 0.391 0.539 0.41 0.535 0.428 0.534 0.457 0.54 0.483 0.531 0.507 0.515 0.535 0.502 0.55 0.488 0.56 0.472 0.564
0 0.373 0.319 0.358 0.303 0.34 0.294 0.322 0.293 0.3 0.301 0.289 0.282 0.284 0.266 0.281 0.224 0.284 0.207 0.289 0.191 0.297 0.176 0.312 0.155 0.324 0.144 0.336 0.138 0.349 0.134 0.371 0.134 0.4 0.144 0.413 0.154 0.422 0.166 0.43 0.181 0.435 0.197 0.437 0.22 0.434 0.235 0.433 0.259 0.428 0.279 0.416 0.296 0.405 0.307 0.393 0.314 0.373 0.319
0 0.52 0.348 0.506 0.348 0.494 0.33 0.476 0.316 0.46 0.312 0.448 0.312 0.437 0.295 0.43 0.276 0.437 0.223 0.437 0.201 0.449 0.183 0.474 0.158 0.488 0.149 0.503 0.144 0.521 0.146 0.535 0.152 0.548 0.162 0.557 0.174 0.569 0.201 0.579 0.256 0.576 0.288 0.571 0.304 0.563 0.319 0.545 0.338 0.533 0.345 0.52 0.348
0 0.657 0.399 0.647 0.376 0.638 0.365 0.625 0.354 0.604 0.347 0.589 0.348 0.577 0.352 0.574 0.348 0.571 0.332 0.571 0.312 0.576 0.284 0.584 0.267 0.593 0.254 0.614 0.238 0.626 0.234 0.64 0.234 0.661 0.241 0.674 0.252 0.683 0.263 0.695 0.291 0.698 0.307 0.699 0.326 0.693 0.354 0.685 0.372 0.677 0.384 0.657 0.39
