0 0.485 0.286 0.457 0.268 0.425 0.262 0.374 0.262 0.361 0.269 0.355 0.276 0.348 0.28 0.322 0.273 0.304 0.26 0.299 0.25 0.27 0.217 0.263 0.2 0.265 0.181 0.281 0.163 0.295 0.155 0.32 0.153 0.333 0.156 0.35 0.17 0.372 0.197 0.381 0.217 0.392 0.232 0.407 0.246 0.432 0.254 0.454 0.258 0.468 0.266 0.471 0.272 0.486 0.284 0.485 0.286
0 0.298 0.278 0.284 0.277 0.248 0.258 0.196 0.259 0.178 0.253 0.156 0.227 0.148 0.209 0.148 0.194 0.153 0.172 0.156 0.167 0.17 0.158 0.186 0.154 0.191 0.154 0.21 0.164 0.24 0.192 0.251 0.214 0.268 0.232 0.312 0.266 0.313 0.269 0.31 0.274 0.298 0.278
0 0.532 0.562 0.505 0.546 0.481 0.547 0.475 0.539 0.46 0.528 0.453 0.519 0.42 0.49 0.41 0.465 0.403 0.426 0.403 0.418 0.412 0.383 0.424 0.363 0.45 0.353 0.473 0.354 0.502 0.384 0.507 0.398 0.515 0.451 0.512 0.518 0.52 0.537 0.53 0.552 0.534 0.555 0.535 0.559 0.532 0.562
0 0.604 0.392 0.599 0.39 0.603 0.382 0.604 0.374 0.6 0.32 0.609 0.284 0.619 0.275 0.639 0.265 0.654 0.266 0.666 0.273 0.672 0.29 0.672 0.318 0.669 0.331 0.648 0.362 0.635 0.37 0.622 0.37 0.616 0.374 0.609 0.38 0.608 0.388 0.604 0.392
0 0.779 0.3 0.721 0.299 0.696 0.282 0.692 0.282 0.683 0.27 0.668 0.258 0.664 0.249 0.679 0.238 0.682 0.233 0.7 0.218 0.728 0.198 0.763 0.189 0.783 0.189 0.787 0.192 0.798 0.193 0.81 0.205 0.816 0.22 0.818 0.244 0.816 0.262 0.809 0.28 0.798 0.293 0.779 0.3
0 0.795 0.477 0.791 0.473 0.758 0.467 0.735 0.456 0.718 0.444 0.709 0.429 0.697 0.389 0.695 0.375 0.696 0.355 0.703 0.333 0.722 0.313 0.727 0.31 0.744 0.31 0.76 0.314 0.773 0.326 0.786 0.35 0.791 0.366 0.794 0.386 0.794 0.395 0.792 0.404 0.791 0.458 0.797 0.472 0.795 0.477
0 0.797 0.649 0.782 0.647 0.765 0.638 0.757 0.633 0.752 0.624 0.75 0.614 0.749 0.59 0.756 0.565 0.762 0.554 0.767 0.547 0.781 0.537 0.792 0.534 0.808 0.534 0.815 0.538 0.819 0.544 0.825 0.56 0.841 0.58 0.857 0.569 0.865 0.553 0.869 0.55 0.871 0.552 0.869 0.563 0.858 0.589 0.843 0.606 0.833 0.626 0.823 0.636 0.797 0.649
0 0.866 0.894 0.863 0.894 0.861 0.889 0.863 0.886 0.878 0.882 0.88 0.876 0.888 0.872 0.892 0.856 0.897 0.846 0.891 0.819 0.868 0.793 0.847 0.789 0.809 0.79 0.794 0.785 0.758 0.782 0.748 0.778 0.73 0.778 0.72 0.775 0.702 0.776 0.687 0.772 0.65 0.771 0.644 0.775 0.623 0.8 0.61 0.809 0.598 0.812 0.521 0.812 0.499 0.802 0.478 0.785 0.465 0.768 0.459 0.751 0.456 0.731 0.456 0.698 0.458 0.681 0.462 0.665 0.474 0.642 0.474 0.637 0.487 0.624 0.511 0.618 0.545 0.622 0.576 0.632 0.594 0.641 0.629 0.674 0.643 0.695 0.645 0.706 0.645 0.72 0.65 0.736 0.668 0.738 0.72 0.754 0.728 0.76 0.732 0.76 0.733 0.757 0.748 0.757 0.87 0.786 0.882 0.802 0.889 0.806 0.892 0.813 0.898 0.82 0.903 0.841 0.903 0.85 0.896 0.872 0.888 0.884 0.866 0.894
0 0.277 0.638 0.256 0.635 0.236 0.622 0.219 0.599 0.22 0.595 0.213 0.588 0.21 0.578 0.21 0.565 0.212 0.55 0.225 0.539 0.234 0.505 0.243 0.49 0.248 0.485 0.3 0.487 0.31 0.49 0.328 0.502 0.361 0.501 0.376 0.494 0.378 0.497 0.376 0.502 0.362 0.51 0.334 0.537 0.335 0.558 0.334 0.581 0.327 0.601 0.318 0.615 0.31 0.624 0.302 0.63 0.277 0.638
0 0.336 0.556 0.338 0.553 0.341 0.553 0.336 0.556
0 0.291 0.758 0.272 0.756 0.25 0.75 0.233 0.75 0.216 0.74 0.206 0.74 0.199 0.744 0.192 0.74 0.189 0.741 0.187 0.736 0.193 0.727 0.2 0.682 0.207 0.662 0.217 0.655 0.248 0.647 0.267 0.647 0.273 0.658 0.299 0.682 0.319 0.708 0.319 0.713 0.317 0.726 0.309 0.743 0.291 0.758
0 0.342 0.404 0.295 0.402 0.282 0.398 0.274 0.394 0.256 0.374 0.257 0.365 0.271 0.349 0.281 0.33 0.286 0.316 0.302 0.294 0.324 0.289 0.33 0.29 0.343 0.302 0.361 0.315 0.367 0.325 0.367 0.346 0.37 0.371 0.369 0.383 0.361 0.397 0.353 0.402 0.342 0.404
0 0.352 0.529 0.35 0.529 0.348 0.524 0.368 0.505 0.375 0.501 0.377 0.498 0.375 0.493 0.358 0.502 0.332 0.502 0.327 0.497 0.318 0.495 0.3 0.484 0.247 0.484 0.243 0.488 0.199 0.463 0.191 0.44 0.189 0.418 0.193 0.412 0.244 0.368 0.252 0.367 0.271 0.391 0.281 0.4 0.293 0.404 0.304 0.415 0.307 0.435 0.307 0.467 0.31 0.476 0.337 0.493 0.36 0.494 0.374 0.49 0.385 0.484 0.39 0.484 0.392 0.487 0.39 0.503 0.383 0.514 0.376 0.514 0.366 0.524 0.362 0.524 0.352 0.529
0 0.173 0.429 0.158 0.428 0.143 0.421 0.13 0.424 0.12 0.423 0.111 0.411 0.111 0.406 0.093 0.38 0.091 0.357 0.117 0.29 0.119 0.29 0.124 0.298 0.131 0.304 0.15 0.31 0.163 0.318 0.175 0.334 0.18 0.359 0.186 0.413 0.18 0.426 0.173 0.429
0 0.124 0.753 0.106 0.752 0.07 0.73 0.061 0.71 0.06 0.683 0.065 0.64 0.076 0.6 0.075 0.549 0.076 0.538 0.082 0.525 0.091 0.512 0.115 0.494 0.127 0.496 0.14 0.505 0.156 0.526 0.159 0.533 0.167 0.589 0.172 0.612 0.179 0.631 0.183 0.657 0.183 0.679 0.173 0.692 0.162 0.724 0.146 0.741 0.133 0.751 0.124 0.753
0 0.164 0.517 0.155 0.516 0.143 0.509 0.14 0.504 0.108 0.48 0.099 0.468 0.096 0.46 0.096 0.434 0.104 0.426 0.114 0.426 0.166 0.461 0.188 0.48 0.19 0.484 0.188 0.506 0.183 0.511 0.164 0.51
