0 0.288 0.471 0.282 0.471 0.268 0.465 0.255 0.462 0.255 0.46 0.262 0.456 0.237 0.443 0.219 0.43 0.206 0.415 0.193 0.39 0.186 0.361 0.186 0.321 0.19 0.292 0.201 0.258 0.223 0.213 0.257 0.161 0.277 0.138 0.305 0.112 0.34 0.087 0.378 0.069 0.414 0.061 0.429 0.06 0.446 0.062 0.48 0.076 0.504 0.092 0.518 0.108 0.53 0.128 0.54 0.168 0.541 0.231 0.529 0.28 0.503 0.341 0.484 0.376 0.464 0.406 0.443 0.428 0.411 0.449 0.381 0.462 0.35 0.469 0.325 0.469 0.3 0.467 0.288 0.471
0 0.711 0.439 0.68 0.438 0.659 0.422 0.626 0.41 0.604 0.394 0.579 0.369 0.561 0.345 0.532 0.299 0.527 0.281 0.539 0.236 0.541 0.216 0.539 0.17 0.533 0.137 0.542 0.128 0.538 0.122 0.538 0.117 0.542 0.115 0.553 0.115 0.56 0.121 0.593 0.121 0.615 0.124 0.63 0.129 0.651 0.141 0.67 0.156 0.688 0.175 0.719 0.215 0.745 0.26 0.759 0.288 0.776 0.336 0.782 0.367 0.781 0.385 0.775 0.403 0.756 0.415 0.741 0.429 0.731 0.435 0.711 0.439
0 0.781 0.399 0.778 0.399 0.781 0.382 0.782 0.365 0.777 0.336 0.763 0.296 0.741 0.249 0.759 0.222 0.784 0.205 0.801 0.199 0.807 0.195 0.813 0.194 0.852 0.198 0.866 0.203 0.884 0.218 0.896 0.235 0.902 0.25 0.909 0.292 0.908 0.334 0.902 0.365 0.892 0.387 0.885 0.393 0.877 0.393 0.86 0.39 0.819 0.388 0.781 0.399
0 0.894 0.4 0.888 0.398 0.892 0.394 0.891 0.39 0.902 0.364 0.908 0.328 0.908 0.29 0.903 0.253 0.948 0.212 0.999 0.176 1.0 0.318 0.98 0.317 0.963 0.32 0.947 0.326 0.928 0.339 0.908 0.364 0.894 0.4
0 0.234 1.0 0.202 0.998 0.176 0.99 0.15 0.977 0.12 0.95 0.097 0.916 0.085 0.887 0.082 0.865 0.082 0.836 0.09 0.723 0.099 0.661 0.106 0.636 0.126 0.599 0.146 0.578 0.172 0.561 0.217 0.544 0.236 0.542 0.272 0.544 0.291 0.543 0.301 0.545 0.32 0.554 0.342 0.561 0.343 0.566 0.342 0.561 0.336 0.564 0.35 0.574 0.361 0.588 0.376 0.617 0.381 0.639 0.384 0.679 0.384 0.76 0.38 0.8 0.371 0.846 0.361 0.879 0.351 0.905 0.331 0.939 0.31 0.963 0.285 0.98 0.26 0.993 0.234 1.0
0 0.501 0.573 0.47 0.572 0.438 0.569 0.418 0.565 0.399 0.558 0.376 0.541 0.365 0.521 0.364 0.496 0.373 0.478 0.393 0.457 0.438 0.431 0.491 0.415 0.518 0.41 0.554 0.407 0.606 0.407 0.64 0.413 0.662 0.422 0.683 0.439 0.692 0.462 0.692 0.476 0.688 0.488 0.672 0.509 0.658 0.52 0.634 0.534 0.587 0.554 0.535 0.568 0.501 0.573
0 0.775 0.596 0.761 0.575 0.739 0.558 0.72 0.549 0.691 0.541 0.692 0.51 0.696 0.494 0.704 0.477 0.723 0.447 0.738 0.43 0.762 0.411 0.785 0.398 0.819 0.388 0.859 0.39 0.88 0.394 0.891 0.391 0.892 0.394 0.889 0.397 0.905 0.406 0.92 0.421 0.931 0.434 0.936 0.445 0.937 0.479 0.929 0.502 0.907 0.535 0.885 0.555 0.866 0.57 0.847 0.58 0.824 0.589 0.809 0.592 0.775 0.596
0 0.981 0.563 0.959 0.562 0.946 0.558 0.924 0.548 0.909 0.534 0.913 0.524 0.928 0.503 0.934 0.488 0.937 0.474 0.937 0.45 0.928 0.431 0.907 0.409 0.894 0.399 0.906 0.368 0.923 0.342 0.943 0.328 0.961 0.32 0.978 0.317 0.989 0.317 1.0 0.319 1.0 0.56 0.981 0.563
0 0.517 0.747 0.482 0.745 0.46 0.74 0.446 0.735 0.425 0.72 0.408 0.695 0.406 0.672 0.41 0.654 0.422 0.633 0.444 0.611 0.469 0.593 0.51 0.572 0.569 0.559 0.618 0.542 0.654 0.539 0.688 0.54 0.722 0.549 0.746 0.562 0.763 0.577 0.774 0.594 0.778 0.609 0.778 0.628 0.769 0.652 0.744 0.678 0.707 0.702 0.678 0.714 0.636 0.728 0.561 0.744 0.517 0.747
0 0.852 0.668 0.829 0.661 0.802 0.644 0.789 0.621 0.783 0.596 0.816 0.59 0.849 0.578 0.871 0.565 0.908 0.533 0.931 0.553 0.96 0.562 0.957 0.59 0.946 0.622 0.935 0.64 0.922 0.653 0.852 0.668
0 0.984 0.6 0.966 0.6 0.955 0.597 0.96 0.562 0.976 0.563 0.999 0.56 1.0 0.597 0.984 0.6
0 0.567 0.971 0.539 0.97 0.514 0.963 0.484 0.942 0.47 0.923 0.464 0.902 0.466 0.868 0.473 0.843 0.489 0.808 0.516 0.775 0.554 0.746 0.625 0.731 0.681 0.713 0.722 0.695 0.73 0.696 0.75 0.704 0.767 0.718 0.778 0.733 0.785 0.75 0.787 0.768 0.783 0.792 0.771 0.822 0.762 0.838 0.73 0.884 0.688 0.921 0.652 0.943 0.621 0.957 0.604 0.963 0.567 0.971
0 0.908 0.81 0.904 0.808 0.852 0.802 0.826 0.791 0.806 0.777 0.792 0.763 0.786 0.746 0.785 0.727 0.789 0.712 0.8 0.697 0.81 0.688 0.828 0.677 0.846 0.67 0.885 0.66 0.938 0.652 0.999 0.65 1.0 0.792 0.965 0.802 0.934 0.807 0.915 0.807 0.908 0.81
0 0.784 0.92 0.764 0.92 0.744 0.916 0.724 0.91 0.71 0.901 0.733 0.879 0.756 0.847 0.771 0.82 0.786 0.778 0.784 0.745 0.791 0.762 0.803 0.775 0.816 0.785 0.834 0.796 0.856 0.803 0.886 0.807 0.91 0.808 0.945 0.805 0.946 0.817 0.941 0.833 0.93 0.849 0.893 0.88 0.867 0.895 0.836 0.909 0.806 0.918 0.784 0.92
0 0.999 0.838 0.981 0.835 0.964 0.827 0.948 0.816 0.947 0.805 0.999 0.793 0.999 0.83
