0 0.381 0.783 0.364 0.781 0.35 0.775 0.334 0.762 0.323 0.75 0.309 0.727 0.301 0.706 0.298 0.688 0.297 0.664 0.302 0.635 0.308 0.618 0.317 0.602 0.329 0.586 0.35 0.572 0.37 0.566 0.386 0.567 0.388 0.562 0.393 0.561 0.395 0.563 0.396 0.568 0.412 0.574 0.429 0.586 0.44 0.597 0.45 0.613 0.457 0.629 0.461 0.648 0.462 0.68 0.46 0.702 0.454 0.722 0.444 0.741 0.433 0.757 0.412 0.776 0.381 0.783
0 0.823 0.753 0.789 0.743 0.764 0.727 0.748 0.706 0.741 0.692 0.733 0.67 0.729 0.647 0.729 0.626 0.73 0.608 0.734 0.589 0.744 0.566 0.755 0.549 0.776 0.527 0.789 0.518 0.804 0.514 0.824 0.515 0.836 0.52 0.882 0.554 0.893 0.566 0.902 0.582 0.909 0.614 0.909 0.638 0.905 0.665 0.897 0.688 0.885 0.709 0.868 0.732 0.856 0.743 0.844 0.749 0.823 0.753
0 0.283 0.589 0.266 0.587 0.254 0.582 0.243 0.574 0.235 0.565 0.225 0.538 0.215 0.489 0.214 0.472 0.217 0.456 0.229 0.422 0.243 0.403 0.263 0.392 0.3 0.393 0.322 0.402 0.334 0.414 0.343 0.426 0.35 0.443 0.352 0.454 0.353 0.48 0.351 0.502 0.347 0.518 0.338 0.541 0.324 0.564 0.315 0.573 0.3 0.584 0.283 0.589
0 0.214 0.476 0.2 0.475 0.188 0.47 0.18 0.464 0.172 0.454 0.167 0.442 0.159 0.41 0.146 0.402 0.148 0.396 0.157 0.402 0.152 0.379 0.153 0.362 0.157 0.35 0.165 0.339 0.185 0.325 0.218 0.318 0.246 0.322 0.261 0.331 0.273 0.346 0.286 0.382 0.287 0.392 0.257 0.396 0.237 0.41 0.229 0.422 0.223 0.438 0.214 0.476
0 0.347 0.305 0.342 0.305 0.333 0.299 0.315 0.282 0.305 0.262 0.301 0.241 0.302 0.222 0.309 0.204 0.319 0.19 0.333 0.182 0.352 0.184 0.37 0.195 0.383 0.215 0.389 0.238 0.388 0.267 0.381 0.287 0.368 0.3 0.347 0.305
0 0.438 0.426 0.429 0.424 0.419 0.416 0.4 0.393 0.39 0.362 0.387 0.325 0.391 0.299 0.403 0.28 0.422 0.269 0.437 0.268 0.437 0.257 0.44 0.255 0.443 0.268 0.47 0.272 0.482 0.282 0.493 0.301 0.496 0.326 0.492 0.366 0.486 0.387 0.478 0.404 0.46 0.42 0.438 0.426
0 0.698 0.538 0.676 0.535 0.661 0.527 0.648 0.516 0.636 0.493 0.63 0.461 0.63 0.438 0.633 0.425 0.64 0.402 0.646 0.391 0.665 0.37 0.677 0.364 0.69 0.361 0.718 0.366 0.732 0.372 0.744 0.381 0.763 0.407 0.771 0.435 0.77 0.45 0.765 0.475 0.758 0.494 0.751 0.505 0.74 0.516 0.723 0.53 0.698 0.538
0 0.825 0.325 0.797 0.324 0.78 0.31 0.774 0.299 0.768 0.27 0.767 0.254 0.769 0.241 0.779 0.218 0.79 0.206 0.811 0.196 0.852 0.205 0.862 0.217 0.867 0.235 0.866 0.261 0.858 0.287 0.837 0.317 0.825 0.325
0 0.636 0.394 0.628 0.393 0.612 0.384 0.6 0.374 0.595 0.364 0.591 0.352 0.588 0.33 0.589 0.296 0.6 0.262 0.614 0.244 0.63 0.236 0.654 0.24 0.659 0.238 0.66 0.242 0.674 0.25 0.696 0.276 0.702 0.297 0.702 0.319 0.696 0.338 0.682 0.362 0.662 0.374 0.645 0.392 0.636 0.394
0 0.674 0.249 0.661 0.242 0.659 0.237 0.654 0.24 0.628 0.236 0.61 0.245 0.606 0.217 0.607 0.187 0.615 0.16 0.627 0.142 0.643 0.138 0.662 0.143 0.67 0.136 0.672 0.14 0.666 0.145 0.682 0.153 0.69 0.164 0.693 0.181 0.692 0.202 0.684 0.231 0.674 0.249
0 0.486 0.288 0.478 0.278 0.47 0.273 0.442 0.268 0.44 0.254 0.437 0.257 0.438 0.268 0.418 0.272 0.407 0.277 0.4 0.284 0.398 0.271 0.399 0.251 0.404 0.237 0.413 0.228 0.439 0.222 0.437 0.207 0.441 0.206 0.443 0.207 0.443 0.22 0.454 0.219 0.462 0.223 0.476 0.235 0.481 0.243 0.487 0.262 0.486 0.28
