0 0.187 0.997 0.039 0.997 0.039 0.989 0.047 0.942 0.07 0.902 0.116 0.898 0.152 0.881 0.182 0.917 0.188 0.942 0.187 0.997
0 0.235 0.988 0.189 0.988 0.186 0.933 0.166 0.892 0.176 0.807 0.192 0.778 0.218 0.763 0.238 0.766 0.265 0.788 0.29 0.834 0.287 0.857 0.26 0.876 0.244 0.901 0.236 0.936 0.235 0.988
0 0.19 0.778 0.167 0.777 0.148 0.761 0.113 0.697 0.111 0.662 0.13 0.622 0.157 0.611 0.192 0.656 0.225 0.659 0.232 0.675 0.234 0.704 0.226 0.744 0.216 0.761 0.19 0.778
0 0.297 0.803 0.276 0.803 0.242 0.773 0.231 0.736 0.237 0.659 0.25 0.64 0.29 0.618 0.316 0.625 0.329 0.643 0.343 0.719 0.329 0.775 0.297 0.803
0 0.216 0.66 0.197 0.659 0.178 0.642 0.164 0.618 0.154 0.581 0.158 0.512 0.181 0.46 0.209 0.455 0.247 0.478 0.269 0.531 0.27 0.573 0.264 0.602 0.243 0.64 0.216 0.66
0 0.386 0.482 0.364 0.481 0.342 0.445 0.332 0.366 0.333 0.332 0.359 0.279 0.374 0.266 0.403 0.279 0.426 0.305 0.439 0.35 0.432 0.427 0.386 0.482
0 0.448 0.995 0.415 0.968 0.401 0.925 0.4 0.892 0.408 0.85 0.425 0.809 0.446 0.787 0.471 0.785 0.493 0.812 0.5 0.883 0.481 0.971 0.448 0.995
0 0.299 0.997 0.246 0.997 0.232 0.957 0.244 0.893 0.265 0.864 0.292 0.85 0.313 0.859 0.325 0.9 0.322 0.94 0.299 0.997
0 0.438 0.729 0.402 0.723 0.379 0.663 0.384 0.608 0.412 0.57 0.454 0.574 0.476 0.624 0.474 0.663 0.457 0.716 0.438 0.729
0 0.117 0.323 0.08 0.315 0.051 0.268 0.045 0.184 0.058 0.138 0.105 0.134 0.157 0.184 0.171 0.248 0.167 0.289 0.151 0.314 0.117 0.323
0 0.29 0.284 0.247 0.255 0.229 0.192 0.235 0.134 0.263 0.098 0.287 0.099 0.314 0.143 0.337 0.157 0.337 0.186 0.318 0.206 0.29 0.284
0 0.534 0.699 0.511 0.688 0.493 0.663 0.482 0.63 0.479 0.58 0.505 0.526 0.539 0.511 0.561 0.531 0.573 0.559 0.576 0.588 0.568 0.675 0.534 0.699
0 0.147 0.0 0.154 0.026 0.147 0.083 0.129 0.119 0.112 0.13 0.087 0.122 0.07 0.102 0.058 0.049 0.056 0.0
0 0.233 0.186 0.226 0.186 0.209 0.15 0.195 0.102 0.164 0.089 0.171 0.035 0.193 0.002 0.242 0.006 0.261 0.033 0.274 0.075 0.274 0.097 0.259 0.104 0.238 0.134 0.233 0.186
0 0.38 0.0 0.39 0.032 0.387 0.092 0.366 0.141 0.344 0.158 0.316 0.148 0.283 0.096 0.277 0.063 0.277 0.0
0 0.405 0.247 0.381 0.245 0.372 0.21 0.346 0.181 0.348 0.154 0.375 0.122 0.389 0.077 0.441 0.101 0.459 0.145 0.45 0.21 0.405 0.247
0 0.109 0.679 0.079 0.671 0.065 0.645 0.061 0.541 0.065 0.517 0.1 0.538 0.14 0.522 0.149 0.545 0.149 0.601 0.118 0.647 0.109 0.679
0 0.322 0.524 0.288 0.511 0.246 0.433 0.239 0.384 0.258 0.333 0.296 0.321 0.321 0.34 0.334 0.366 0.349 0.469 0.337 0.509 0.322 0.524
0 0.476 0.503 0.445 0.489 0.43 0.448 0.439 0.35 0.452 0.333 0.5 0.344 0.52 0.398 0.515 0.449 0.494 0.492 0.476 0.503
0 0.579 0.845 0.54 0.831 0.513 0.775 0.515 0.729 0.541 0.693 0.573 0.686 0.612 0.754 0.607 0.814 0.579 0.845
0 0.628 0.962 0.598 0.95 0.589 0.843 0.607 0.814 0.612 0.764 0.638 0.752 0.657 0.763 0.675 0.793 0.689 0.86 0.674 0.93 0.628 0.962
0 0.727 0.949 0.695 0.942 0.68 0.918 0.689 0.866 0.682 0.805 0.721 0.793 0.77 0.85 0.772 0.917 0.752 0.941 0.727 0.949
0 0.677 0.787 0.654 0.759 0.627 0.748 0.607 0.712 0.606 0.658 0.623 0.618 0.669 0.608 0.683 0.617 0.703 0.652 0.703 0.725 0.707 0.729 0.677 0.787
0 0.755 0.66 0.718 0.627 0.711 0.605 0.711 0.579 0.732 0.521 0.756 0.506 0.779 0.51 0.801 0.538 0.808 0.59 0.795 0.629 0.755 0.66
0 0.788 0.793 0.765 0.779 0.764 0.732 0.752 0.709 0.724 0.712 0.724 0.67 0.732 0.646 0.754 0.66 0.793 0.629 0.805 0.629 0.828 0.663 0.833 0.691 0.83 0.745 0.788 0.793
0 0.852 0.921 0.806 0.91 0.807 0.851 0.777 0.79 0.791 0.791 0.809 0.77 0.834 0.77 0.856 0.787 0.877 0.866 0.873 0.9 0.852 0.921
0 0.616 0.403 0.569 0.376 0.555 0.344 0.558 0.302 0.571 0.257 0.598 0.22 0.613 0.226 0.655 0.305 0.656 0.341 0.648 0.374 0.616 0.403
0 0.783 0.474 0.751 0.444 0.746 0.362 0.771 0.321 0.811 0.307 0.834 0.341 0.836 0.392 0.798 0.464 0.783 0.474
0 0.734 0.369 0.708 0.358 0.686 0.328 0.683 0.292 0.699 0.254 0.74 0.252 0.757 0.264 0.766 0.284 0.771 0.324 0.753 0.358 0.734 0.369
0 0.703 0.492 0.688 0.476 0.667 0.481 0.661 0.439 0.681 0.379 0.712 0.358 0.747 0.391 0.754 0.434 0.739 0.471 0.703 0.492
0 0.738 0.207 0.728 0.173 0.699 0.17 0.682 0.131 0.693 0.089 0.717 0.061 0.756 0.067 0.774 0.095 0.772 0.147 0.755 0.159 0.738 0.207
0 0.891 0.461 0.865 0.45 0.843 0.387 0.852 0.335 0.88 0.311 0.912 0.323 0.925 0.37 0.918 0.426 0.891 0.461
0 0.847 0.558 0.805 0.55 0.782 0.487 0.819 0.421 0.858 0.437 0.878 0.48 0.879 0.502 0.872 0.527 0.847 0.558
0 0.173 0.816 0.147 0.798 0.081 0.795 0.071 0.785 0.055 0.744 0.061 0.701 0.079 0.67 0.105 0.674 0.138 0.746 0.176 0.78 0.173 0.816
0 0.059 0.917 0.049 0.91 0.05 0.873 0.062 0.826 0.08 0.799 0.103 0.788 0.139 0.793 0.159 0.806 0.169 0.828 0.169 0.869 0.163 0.888 0.082 0.899 0.059 0.917
0 0.106 0.538 0.073 0.522 0.054 0.494 0.046 0.458 0.05 0.419 0.066 0.398 0.091 0.428 0.109 0.432 0.12 0.419 0.141 0.422 0.157 0.401 0.17 0.442 0.163 0.49 0.141 0.521 0.106 0.538
0 0.109 0.432 0.086 0.422 0.057 0.384 0.052 0.345 0.064 0.301 0.107 0.325 0.158 0.316 0.162 0.345 0.153 0.403 0.141 0.421 0.12 0.419 0.109 0.432
0 0.204 0.272 0.173 0.251 0.156 0.185 0.136 0.161 0.143 0.113 0.166 0.086 0.181 0.087 0.201 0.108 0.234 0.209 0.232 0.246 0.204 0.272
0 0.207 0.418 0.187 0.414 0.171 0.388 0.168 0.35 0.174 0.32 0.228 0.251 0.244 0.25 0.268 0.269 0.274 0.293 0.27 0.316 0.248 0.35 0.232 0.396 0.207 0.418
0 0.268 0.518 0.247 0.482 0.215 0.461 0.19 0.46 0.173 0.471 0.175 0.424 0.185 0.412 0.24 0.428 0.272 0.49 0.268 0.518
0 0.323 0.337 0.3 0.323 0.292 0.291 0.294 0.261 0.323 0.191 0.358 0.187 0.372 0.207 0.379 0.25 0.345 0.323 0.323 0.337
0 0.369 0.974 0.329 0.973 0.317 0.961 0.324 0.889 0.389 0.838 0.408 0.844 0.404 0.918 0.409 0.95 0.369 0.974
0 0.418 0.839 0.401 0.839 0.397 0.826 0.393 0.791 0.4 0.757 0.431 0.729 0.465 0.745 0.478 0.791 0.445 0.792 0.418 0.839
0 0.377 0.759 0.353 0.744 0.339 0.709 0.325 0.637 0.338 0.606 0.372 0.585 0.389 0.598 0.381 0.624 0.381 0.661 0.387 0.684 0.408 0.715 0.399 0.742 0.377 0.759
0 0.492 0.661 0.474 0.661 0.475 0.627 0.455 0.579 0.411 0.574 0.391 0.59 0.403 0.512 0.434 0.487 0.464 0.503 0.487 0.554 0.482 0.609 0.492 0.661
0 0.315 0.864 0.285 0.857 0.286 0.825 0.272 0.798 0.293 0.802 0.321 0.781 0.343 0.72 0.354 0.747 0.355 0.782 0.34 0.83 0.315 0.864
0 0.331 0.885 0.322 0.885 0.315 0.861 0.344 0.815 0.354 0.752 0.379 0.76 0.408 0.741 0.395 0.779 0.401 0.839 0.331 0.885
0 0.491 0.337 0.453 0.33 0.438 0.337 0.407 0.282 0.407 0.27 0.418 0.243 0.438 0.223 0.461 0.233 0.492 0.229 0.507 0.252 0.511 0.288 0.507 0.312 0.491 0.337
0 0.496 0.0 0.493 0.057 0.48 0.1 0.466 0.113 0.451 0.112 0.42 0.084 0.4 0.0
0 0.25 0.639 0.247 0.633 0.269 0.573 0.27 0.519 0.288 0.514 0.314 0.537 0.322 0.594 0.312 0.62 0.288 0.618 0.25 0.639
0 0.608 0.162 0.591 0.159 0.575 0.138 0.574 0.085 0.593 0.066 0.641 0.062 0.652 0.07 0.661 0.1 0.658 0.128 0.608 0.162
0 0.67 0.258 0.622 0.235 0.617 0.204 0.621 0.158 0.657 0.13 0.691 0.145 0.698 0.172 0.675 0.211 0.67 0.258
0 0.56 0.293 0.555 0.292 0.552 0.268 0.548 0.192 0.561 0.161 0.576 0.154 0.612 0.195 0.621 0.234 0.604 0.222 0.59 0.229 0.56 0.293
0 0.605 0.643 0.587 0.638 0.573 0.612 0.574 0.572 0.564 0.537 0.564 0.513 0.581 0.476 0.625 0.499 0.641 0.545 0.639 0.579 0.629 0.615 0.605 0.643
0 0.645 0.506 0.578 0.472 0.568 0.442 0.572 0.403 0.589 0.387 0.61 0.396 0.637 0.425 0.651 0.422 0.661 0.444 0.664 0.48 0.645 0.506
0 0.783 0.93 0.769 0.922 0.775 0.903 0.77 0.85 0.746 0.825 0.74 0.806 0.777 0.798 0.805 0.84 0.811 0.868 0.807 0.894 0.798 0.919 0.783 0.93
0 0.74 0.807 0.716 0.791 0.691 0.795 0.691 0.754 0.723 0.711 0.748 0.702 0.764 0.725 0.766 0.775 0.74 0.807
0 0.876 0.812 0.863 0.812 0.845 0.78 0.815 0.771 0.826 0.757 0.832 0.727 0.832 0.686 0.823 0.654 0.858 0.64 0.873 0.658 0.88 0.705 0.896 0.74 0.892 0.779 0.876 0.812
0 0.688 0.275 0.68 0.275 0.671 0.257 0.672 0.223 0.682 0.189 0.708 0.168 0.727 0.172 0.735 0.191 0.729 0.245 0.703 0.252 0.688 0.275
0 0.769 0.293 0.755 0.265 0.73 0.252 0.729 0.243 0.75 0.166 0.778 0.152 0.791 0.168 0.793 0.197 0.786 0.25 0.769 0.293
0 0.648 0.414 0.623 0.402 0.649 0.371 0.656 0.316 0.651 0.292 0.623 0.24 0.668 0.255 0.684 0.285 0.688 0.332 0.68 0.367 0.663 0.403 0.648 0.414
0 0.681 0.614 0.651 0.611 0.639 0.588 0.639 0.558 0.667 0.481 0.688 0.474 0.7 0.487 0.706 0.515 0.681 0.614
0 0.834 0.405 0.836 0.36 0.826 0.327 0.813 0.309 0.773 0.321 0.773 0.296 0.791 0.273 0.818 0.264 0.85 0.296 0.856 0.332 0.846 0.389 0.834 0.405
0 0.711 0.574 0.692 0.559 0.704 0.519 0.7 0.491 0.705 0.483 0.735 0.469 0.753 0.449 0.778 0.474 0.793 0.509 0.791 0.519 0.761 0.506 0.737 0.517 0.723 0.534 0.711 0.574
0 0.359 0.586 0.349 0.581 0.334 0.541 0.335 0.512 0.35 0.467 0.384 0.482 0.419 0.451 0.39 0.574 0.359 0.586
0 0.492 0.807 0.479 0.789 0.465 0.745 0.44 0.729 0.476 0.661 0.507 0.722 0.506 0.775 0.492 0.807
0 0.804 0.19 0.796 0.19 0.784 0.159 0.772 0.154 0.773 0.097 0.759 0.07 0.762 0.063 0.782 0.062 0.802 0.104 0.812 0.15 0.804 0.19
0 0.827 0.657 0.799 0.624 0.807 0.591 0.804 0.545 0.847 0.556 0.854 0.576 0.851 0.619 0.827 0.657
0 0.696 0.748 0.704 0.673 0.698 0.645 0.676 0.615 0.68 0.608 0.708 0.627 0.725 0.67 0.72 0.707 0.696 0.748
0 0.491 0.935 0.496 0.883 0.493 0.821 0.498 0.818 0.514 0.837 0.521 0.88 0.518 0.901 0.491 0.935
0 0.605 0.728 0.579 0.692 0.564 0.684 0.573 0.611 0.591 0.635 0.611 0.638 0.605 0.728
0 0.548 0.19 0.541 0.188 0.539 0.175 0.555 0.07 0.569 0.103 0.573 0.149 0.548 0.19
0 0.549 0.483 0.545 0.392 0.573 0.393 0.571 0.459 0.549 0.483
0 0.55 0.392 0.543 0.38 0.541 0.295 0.559 0.294 0.556 0.342 0.566 0.377 0.55 0.39
