0 0.627 0.442 0.545 0.416 0.519 0.394 0.494 0.326 0.495 0.284 0.509 0.256 0.545 0.227 0.598 0.229 0.643 0.247 0.647 0.259 0.671 0.277 0.682 0.325 0.682 0.398 0.668 0.421 0.627 0.442
0 0.016 0.0 0.075 0.007 0.093 0.056 0.095 0.127 0.077 0.161 0.05 0.177 0.02 0.169 0.0 0.153
0 0.0 0.264 0.009 0.265 0.035 0.243 0.07 0.242 0.11 0.247 0.169 0.283 0.198 0.336 0.206 0.364 0.219 0.378 0.221 0.418 0.211 0.48 0.198 0.496 0.203 0.503 0.195 0.504 0.186 0.528 0.173 0.543 0.14 0.56 0.128 0.577 0.028 0.574 0.0 0.549
0 0.308 0.0 0.303 0.061 0.291 0.093 0.238 0.128 0.173 0.118 0.142 0.093 0.126 0.061 0.113 0.0
0 0.22 0.387 0.175 0.301 0.116 0.258 0.078 0.244 0.114 0.203 0.113 0.171 0.141 0.123 0.174 0.118 0.218 0.135 0.239 0.154 0.283 0.224 0.293 0.294 0.286 0.326 0.266 0.349 0.251 0.383 0.22 0.387
0 0.404 0.0 0.385 0.023 0.372 0.057 0.358 0.115 0.358 0.139 0.352 0.146 0.3 0.141 0.278 0.11 0.277 0.103 0.289 0.095 0.303 0.046 0.303 0.004 0.322 0.0
0 0.301 0.301 0.253 0.182 0.264 0.158 0.288 0.139 0.32 0.144 0.345 0.162 0.371 0.189 0.417 0.259 0.412 0.277 0.394 0.285 0.33 0.286 0.301 0.301
0 0.505 0.0 0.534 0.061 0.534 0.101 0.523 0.123 0.523 0.194 0.515 0.212 0.521 0.22 0.5 0.253 0.461 0.267 0.416 0.261 0.379 0.214 0.354 0.156 0.354 0.101 0.359 0.076 0.393 0.0
0 0.672 0.261 0.648 0.258 0.593 0.229 0.523 0.229 0.519 0.214 0.527 0.138 0.521 0.11 0.564 0.084 0.571 0.102 0.613 0.145 0.648 0.153 0.682 0.146 0.689 0.21 0.672 0.261
0 0.757 0.0 0.754 0.058 0.728 0.115 0.706 0.139 0.662 0.153 0.612 0.144 0.59 0.114 0.567 0.099 0.538 0.049 0.522 0.0
0 0.865 0.0 0.856 0.004 0.834 0.09 0.812 0.111 0.818 0.118 0.837 0.104 0.821 0.119 0.792 0.118 0.765 0.136 0.752 0.136 0.721 0.115 0.745 0.082 0.759 0.003 0.817 0.0
0 0.918 0.0 0.932 0.003 0.946 0.019 0.965 0.07 0.96 0.12 0.947 0.146 0.923 0.171 0.907 0.166 0.872 0.131 0.843 0.12 0.829 0.123 0.826 0.114 0.814 0.114 0.833 0.085 0.85 0.007 0.875 0.0
0 0.791 0.394 0.759 0.381 0.718 0.301 0.72 0.28 0.712 0.256 0.72 0.195 0.737 0.162 0.786 0.12 0.827 0.118 0.873 0.128 0.919 0.183 0.93 0.244 0.925 0.301 0.889 0.36 0.831 0.368 0.791 0.394
0 0.767 0.421 0.725 0.403 0.684 0.411 0.679 0.33 0.663 0.266 0.667 0.247 0.683 0.237 0.712 0.242 0.713 0.276 0.742 0.353 0.758 0.376 0.788 0.396 0.785 0.41 0.767 0.421
0 0.923 0.373 0.906 0.351 0.918 0.312 0.922 0.271 0.914 0.194 0.919 0.185 0.944 0.189 0.961 0.204 0.979 0.227 0.988 0.256 0.987 0.301 0.975 0.343 0.923 0.373
0 0.34 0.548 0.289 0.536 0.259 0.494 0.249 0.468 0.254 0.4 0.268 0.343 0.303 0.298 0.341 0.28 0.395 0.28 0.427 0.298 0.468 0.35 0.471 0.433 0.452 0.467 0.448 0.464 0.437 0.476 0.427 0.51 0.421 0.502 0.375 0.546 0.34 0.548
0 0.137 0.761 0.07 0.731 0.057 0.715 0.038 0.647 0.036 0.578 0.032 0.569 0.042 0.555 0.045 0.565 0.13 0.569 0.152 0.548 0.175 0.539 0.197 0.509 0.217 0.524 0.245 0.574 0.255 0.639 0.228 0.707 0.207 0.73 0.184 0.748 0.137 0.76
