0 0.0 0.059 0.005 0.057 0.084 0.057 0.085 0.059 0.082 0.061 0.105 0.069 0.124 0.08 0.14 0.094 0.15 0.106 0.134 0.13 0.129 0.145 0.126 0.162 0.129 0.19 0.142 0.225 0.116 0.237 0.097 0.239 0.024 0.238 0.006 0.235 0.0 0.232
0 0.355 0.0 0.357 0.008 0.347 0.022 0.343 0.043 0.343 0.091 0.341 0.094 0.338 0.095 0.324 0.093 0.288 0.081 0.268 0.077 0.233 0.075 0.194 0.081 0.172 0.09 0.154 0.102 0.147 0.099 0.128 0.082 0.106 0.049 0.106 0.0
0 0.287 0.285 0.232 0.285 0.2 0.274 0.175 0.258 0.16 0.244 0.144 0.224 0.134 0.205 0.127 0.181 0.126 0.163 0.129 0.147 0.136 0.129 0.144 0.115 0.158 0.102 0.179 0.088 0.201 0.08 0.231 0.075 0.254 0.075 0.281 0.079 0.308 0.089 0.335 0.103 0.356 0.119 0.371 0.137 0.38 0.153 0.385 0.172 0.385 0.193 0.375 0.222 0.364 0.244 0.351 0.259 0.328 0.273 0.316 0.277 0.31 0.282 0.311 0.284 0.287 0.285
0 0.418 0.157 0.41 0.155 0.401 0.15 0.376 0.13 0.357 0.108 0.347 0.088 0.342 0.071 0.342 0.05 0.35 0.02 0.361 0.002 0.574 0.002 0.583 0.014 0.592 0.038 0.595 0.053 0.595 0.07 0.593 0.087 0.588 0.104 0.576 0.126 0.566 0.138 0.559 0.143 0.523 0.137 0.49 0.138 0.45 0.147 0.418 0.157
0 0.46 0.33 0.445 0.329 0.425 0.313 0.385 0.29 0.378 0.288 0.377 0.236 0.38 0.213 0.39 0.182 0.396 0.175 0.411 0.161 0.426 0.154 0.444 0.148 0.499 0.137 0.524 0.138 0.549 0.142 0.569 0.151 0.591 0.169 0.602 0.18 0.617 0.206 0.623 0.223 0.627 0.243 0.626 0.259 0.618 0.283 0.604 0.301 0.591 0.309 0.577 0.314 0.564 0.316 0.498 0.317 0.492 0.315 0.474 0.329 0.46 0.33
0 0.761 0.14 0.729 0.138 0.699 0.13 0.681 0.12 0.663 0.103 0.649 0.078 0.644 0.066 0.644 0.022 0.64 0.02 0.645 0.016 0.643 0.012 0.646 0.002 0.645 0.0 0.897 0.0 0.897 0.008 0.903 0.007 0.904 0.011 0.901 0.014 0.898 0.025 0.893 0.028 0.892 0.044 0.887 0.051 0.886 0.063 0.881 0.067 0.876 0.076 0.85 0.086 0.828 0.099 0.813 0.112 0.796 0.135 0.761 0.14
0 0.63 0.218 0.623 0.217 0.601 0.18 0.565 0.144 0.566 0.14 0.582 0.115 0.589 0.098 0.596 0.054 0.628 0.057 0.644 0.064 0.662 0.102 0.69 0.129 0.687 0.136 0.669 0.157 0.655 0.196 0.641 0.213 0.63 0.218
0 0.8 0.22 0.788 0.213 0.761 0.203 0.73 0.197 0.714 0.197 0.698 0.201 0.672 0.217 0.667 0.21 0.665 0.201 0.669 0.162 0.672 0.155 0.691 0.135 0.693 0.129 0.719 0.136 0.741 0.139 0.762 0.14 0.796 0.136 0.788 0.164 0.786 0.188 0.789 0.2 0.8 0.22
0 0.923 0.266 0.892 0.265 0.858 0.258 0.836 0.248 0.809 0.227 0.792 0.206 0.793 0.147 0.803 0.126 0.816 0.109 0.832 0.096 0.856 0.084 0.882 0.074 0.924 0.066 0.957 0.065 0.986 0.067 0.997 0.07 0.999 0.072 0.999 0.242 0.991 0.249 0.968 0.258 0.94 0.264 0.923 0.266
0 0.719 0.394 0.701 0.393 0.683 0.388 0.665 0.381 0.649 0.37 0.615 0.326 0.612 0.3 0.628 0.257 0.634 0.25 0.69 0.204 0.708 0.198 0.73 0.196 0.745 0.198 0.762 0.202 0.788 0.212 0.799 0.218 0.839 0.252 0.848 0.269 0.851 0.289 0.845 0.311 0.839 0.322 0.822 0.342 0.798 0.362 0.757 0.386 0.736 0.393 0.719 0.39
