0 0.284 0.842 0.236 0.839 0.222 0.833 0.2 0.816 0.18 0.796 0.169 0.779 0.162 0.76 0.159 0.745 0.148 0.729 0.14 0.706 0.138 0.689 0.138 0.638 0.143 0.606 0.148 0.59 0.175 0.545 0.197 0.523 0.214 0.512 0.247 0.504 0.272 0.504 0.294 0.506 0.311 0.512 0.344 0.541 0.365 0.568 0.373 0.583 0.382 0.611 0.387 0.641 0.386 0.665 0.379 0.697 0.359 0.758 0.34 0.795 0.321 0.821 0.306 0.834 0.284 0.842
0 0.525 0.82 0.5 0.82 0.469 0.815 0.434 0.797 0.421 0.793 0.4 0.777 0.392 0.765 0.384 0.748 0.379 0.729 0.378 0.705 0.381 0.688 0.388 0.667 0.387 0.606 0.39 0.589 0.395 0.573 0.403 0.557 0.412 0.546 0.425 0.535 0.473 0.516 0.512 0.516 0.533 0.527 0.548 0.531 0.562 0.54 0.582 0.563 0.592 0.584 0.597 0.602 0.598 0.617 0.608 0.643 0.611 0.671 0.615 0.684 0.616 0.708 0.612 0.729 0.599 0.762 0.584 0.782 0.546 0.813 0.525 0.82
0 0.714 0.808 0.679 0.806 0.646 0.801 0.612 0.782 0.595 0.766 0.604 0.753 0.612 0.731 0.614 0.713 0.614 0.683 0.611 0.656 0.606 0.641 0.604 0.625 0.596 0.612 0.592 0.59 0.584 0.572 0.591 0.558 0.609 0.538 0.621 0.532 0.651 0.522 0.692 0.522 0.726 0.539 0.75 0.556 0.763 0.572 0.771 0.587 0.778 0.611 0.779 0.635 0.775 0.656 0.769 0.672 0.773 0.689 0.774 0.709 0.769 0.751 0.762 0.769 0.748 0.79 0.73 0.803 0.714 0.808
0 0.804 0.578 0.789 0.578 0.777 0.574 0.763 0.564 0.753 0.553 0.739 0.548 0.727 0.537 0.717 0.532 0.712 0.532 0.692 0.521 0.672 0.52 0.663 0.512 0.648 0.488 0.643 0.472 0.641 0.455 0.643 0.423 0.648 0.407 0.656 0.392 0.67 0.376 0.686 0.366 0.712 0.357 0.732 0.357 0.76 0.348 0.775 0.348 0.788 0.351 0.813 0.364 0.846 0.398 0.861 0.422 0.867 0.446 0.868 0.47 0.865 0.512 0.857 0.535 0.84 0.558 0.825 0.571 0.804 0.578
0 0.586 0.574 0.572 0.549 0.551 0.533 0.533 0.528 0.517 0.518 0.5 0.514 0.478 0.516 0.463 0.52 0.455 0.508 0.448 0.489 0.445 0.468 0.445 0.448 0.449 0.432 0.449 0.402 0.459 0.372 0.477 0.348 0.491 0.338 0.507 0.334 0.522 0.334 0.545 0.34 0.554 0.338 0.569 0.338 0.594 0.344 0.608 0.35 0.624 0.363 0.635 0.381 0.642 0.399 0.646 0.421 0.645 0.44 0.642 0.457 0.647 0.474 0.648 0.498 0.644 0.519 0.643 0.524 0.627 0.527 0.61 0.538 0.597 0.553 0.586 0.574
0 0.389 0.616 0.381 0.616 0.376 0.588 0.366 0.568 0.346 0.543 0.32 0.518 0.288 0.503 0.273 0.503 0.246 0.507 0.245 0.503 0.243 0.486 0.244 0.462 0.248 0.443 0.256 0.426 0.272 0.407 0.286 0.398 0.296 0.394 0.313 0.372 0.33 0.362 0.354 0.358 0.37 0.363 0.384 0.372 0.42 0.406 0.448 0.44 0.447 0.464 0.449 0.482 0.457 0.504 0.466 0.518 0.452 0.527 0.44 0.528 0.426 0.534 0.411 0.548 0.402 0.56 0.394 0.577 0.39 0.596 0.389 0.616
0 0.193 0.528 0.175 0.526 0.161 0.52 0.146 0.507 0.134 0.49 0.127 0.471 0.123 0.45 0.124 0.426 0.129 0.407 0.139 0.387 0.164 0.323 0.189 0.288 0.204 0.272 0.218 0.263 0.234 0.258 0.259 0.257 0.28 0.264 0.306 0.288 0.317 0.305 0.327 0.336 0.327 0.364 0.31 0.377 0.296 0.397 0.285 0.401 0.271 0.41 0.253 0.434 0.246 0.453 0.242 0.474 0.243 0.494 0.246 0.511 0.219 0.511 0.205 0.517 0.193 0.528
0 0.646 0.421 0.64 0.393 0.63 0.372 0.612 0.352 0.6 0.346 0.588 0.343 0.59 0.307 0.588 0.278 0.59 0.26 0.595 0.244 0.61 0.22 0.621 0.21 0.633 0.203 0.657 0.2 0.673 0.204 0.684 0.212 0.704 0.216 0.725 0.232 0.734 0.244 0.742 0.262 0.746 0.28 0.747 0.304 0.742 0.332 0.73 0.354 0.731 0.361 0.718 0.356 0.703 0.355 0.69 0.358 0.678 0.365 0.666 0.376 0.658 0.388 0.65 0.405 0.646 0.421
0 0.451 0.446 0.445 0.446 0.437 0.43 0.414 0.4 0.395 0.385 0.374 0.366 0.353 0.358 0.338 0.359 0.326 0.364 0.326 0.344 0.323 0.328 0.316 0.309 0.307 0.296 0.312 0.287 0.325 0.271 0.339 0.262 0.351 0.258 0.366 0.258 0.38 0.254 0.416 0.256 0.434 0.264 0.446 0.276 0.456 0.277 0.462 0.297 0.47 0.312 0.483 0.328 0.496 0.337 0.486 0.341 0.473 0.352 0.464 0.363 0.456 0.378 0.451 0.394 0.448 0.412 0.451 0.446
0 0.461 0.29 0.453 0.279 0.442 0.268 0.43 0.262 0.416 0.258 0.378 0.262 0.356 0.258 0.343 0.262 0.328 0.27 0.315 0.246 0.31 0.218 0.312 0.186 0.32 0.163 0.332 0.146 0.344 0.134 0.358 0.124 0.374 0.12 0.392 0.121 0.419 0.133 0.439 0.142 0.463 0.162 0.476 0.177 0.483 0.192 0.468 0.213 0.46 0.236 0.457 0.268 0.461 0.29
0 0.585 0.347 0.566 0.34 0.542 0.344 0.53 0.337 0.517 0.334 0.494 0.337 0.476 0.322 0.468 0.31 0.46 0.293 0.454 0.265 0.455 0.241 0.46 0.222 0.465 0.21 0.474 0.196 0.479 0.176 0.487 0.159 0.498 0.144 0.511 0.134 0.546 0.122 0.57 0.125 0.582 0.132 0.593 0.142 0.602 0.154 0.61 0.172 0.614 0.19 0.615 0.215 0.598 0.239 0.59 0.262 0.588 0.279 0.59 0.311 0.588 0.326 0.588 0.345 0.585 0.34
