0 0.433 0.672 0.419 0.671 0.405 0.666 0.389 0.653 0.379 0.641 0.363 0.606 0.36 0.59 0.359 0.572 0.363 0.547 0.371 0.528 0.401 0.49 0.41 0.481 0.424 0.473 0.444 0.47 0.456 0.473 0.473 0.482 0.49 0.495 0.5 0.507 0.506 0.519 0.513 0.542 0.515 0.557 0.515 0.581 0.513 0.596 0.505 0.622 0.489 0.647 0.48 0.656 0.466 0.664 0.433 0.672
0 0.646 0.542 0.618 0.54 0.604 0.532 0.592 0.521 0.58 0.502 0.574 0.487 0.568 0.462 0.565 0.438 0.566 0.42 0.569 0.405 0.582 0.373 0.592 0.361 0.609 0.348 0.632 0.34 0.646 0.34 0.667 0.347 0.681 0.357 0.691 0.369 0.705 0.399 0.711 0.445 0.709 0.473 0.702 0.496 0.696 0.508 0.674 0.53 0.661 0.538 0.646 0.542
0 0.364 0.766 0.35 0.766 0.338 0.762 0.324 0.753 0.305 0.737 0.287 0.71 0.28 0.689 0.276 0.669 0.277 0.65 0.28 0.635 0.288 0.613 0.294 0.601 0.308 0.584 0.32 0.575 0.352 0.565 0.361 0.565 0.36 0.584 0.363 0.604 0.38 0.64 0.39 0.652 0.408 0.666 0.419 0.67 0.431 0.672 0.429 0.688 0.423 0.709 0.409 0.737 0.398 0.749 0.387 0.758 0.364 0.766
0 0.361 0.562 0.348 0.558 0.334 0.548 0.318 0.53 0.312 0.519 0.305 0.503 0.302 0.489 0.302 0.457 0.305 0.442 0.318 0.415 0.336 0.39 0.348 0.382 0.359 0.377 0.371 0.375 0.388 0.376 0.412 0.39 0.429 0.409 0.439 0.436 0.441 0.451 0.441 0.469 0.426 0.472 0.412 0.48 0.403 0.488 0.394 0.503 0.38 0.514 0.368 0.534 0.361 0.562
0 0.507 0.771 0.494 0.77 0.48 0.765 0.468 0.756 0.458 0.744 0.443 0.71 0.435 0.67 0.448 0.668 0.47 0.66 0.488 0.646 0.504 0.62 0.512 0.595 0.516 0.575 0.527 0.58 0.538 0.588 0.558 0.616 0.564 0.632 0.571 0.657 0.573 0.684 0.567 0.721 0.56 0.736 0.551 0.75 0.532 0.764 0.507 0.771
0 0.654 0.718 0.625 0.714 0.613 0.707 0.596 0.692 0.584 0.674 0.574 0.649 0.571 0.627 0.571 0.608 0.576 0.585 0.585 0.565 0.596 0.548 0.608 0.537 0.612 0.535 0.624 0.54 0.641 0.542 0.66 0.538 0.678 0.526 0.695 0.54 0.709 0.565 0.718 0.595 0.718 0.624 0.712 0.657 0.7 0.684 0.679 0.708 0.667 0.714 0.654 0.718
0 0.72 0.538 0.698 0.537 0.678 0.526 0.689 0.516 0.698 0.502 0.705 0.485 0.71 0.463 0.711 0.445 0.707 0.412 0.703 0.394 0.696 0.379 0.708 0.374 0.725 0.372 0.736 0.375 0.75 0.383 0.761 0.392 0.77 0.404 0.776 0.416 0.783 0.436 0.785 0.464 0.783 0.479 0.777 0.497 0.765 0.517 0.746 0.532 0.72 0.538
0 0.525 0.574 0.515 0.574 0.514 0.555 0.51 0.533 0.503 0.515 0.494 0.501 0.464 0.477 0.442 0.47 0.445 0.446 0.456 0.421 0.476 0.4 0.494 0.391 0.51 0.39 0.537 0.395 0.55 0.401 0.564 0.413 0.567 0.417 0.566 0.441 0.571 0.473 0.58 0.499 0.586 0.51 0.579 0.531 0.565 0.553 0.549 0.565 0.525 0.574
0 0.471 0.394 0.45 0.392 0.432 0.384 0.419 0.374 0.4 0.352 0.393 0.34 0.387 0.321 0.385 0.302 0.385 0.284 0.394 0.251 0.401 0.239 0.414 0.223 0.434 0.209 0.445 0.206 0.462 0.208 0.496 0.228 0.514 0.247 0.521 0.259 0.527 0.278 0.529 0.292 0.528 0.318 0.525 0.334 0.517 0.355 0.511 0.367 0.496 0.384 0.482 0.392 0.471 0.394
0 0.568 0.412 0.556 0.401 0.548 0.39 0.539 0.374 0.531 0.349 0.529 0.334 0.53 0.316 0.539 0.279 0.556 0.253 0.577 0.239 0.601 0.233 0.617 0.233 0.628 0.236 0.642 0.244 0.66 0.266 0.671 0.29 0.675 0.317 0.675 0.335 0.672 0.35 0.642 0.34 0.628 0.341 0.614 0.346 0.596 0.358 0.582 0.374 0.572 0.395 0.568 0.41
