0 0.412 0.403 0.394 0.402 0.379 0.397 0.341 0.374 0.32 0.347 0.308 0.319 0.304 0.29 0.305 0.24 0.31 0.22 0.322 0.188 0.331 0.175 0.338 0.16 0.344 0.155 0.355 0.158 0.359 0.164 0.363 0.177 0.367 0.179 0.378 0.196 0.416 0.219 0.435 0.224 0.453 0.224 0.471 0.216 0.484 0.207 0.501 0.189 0.508 0.226 0.51 0.259 0.507 0.291 0.5 0.311 0.483 0.35 0.459 0.39 0.438 0.401 0.412 0.403
0 0.244 0.572 0.22 0.568 0.193 0.548 0.176 0.513 0.159 0.452 0.159 0.425 0.163 0.405 0.168 0.391 0.187 0.366 0.207 0.355 0.237 0.355 0.257 0.363 0.273 0.376 0.296 0.407 0.308 0.441 0.313 0.462 0.314 0.483 0.309 0.489 0.297 0.533 0.271 0.561 0.255 0.57 0.244 0.572
0 0.0 0.269 0.003 0.267 0.006 0.252 0.014 0.238 0.024 0.227 0.034 0.226 0.069 0.209 0.092 0.209 0.122 0.234 0.143 0.261 0.155 0.286 0.172 0.346 0.186 0.367 0.17 0.389 0.163 0.405 0.158 0.428 0.133 0.467 0.105 0.494 0.081 0.504 0.057 0.503 0.045 0.498 0.041 0.505 0.024 0.484 0.017 0.485 0.007 0.437 0.002 0.43 0.003 0.426 0.0 0.415
0 0.252 0.242 0.24 0.242 0.227 0.233 0.206 0.206 0.196 0.188 0.189 0.17 0.178 0.122 0.176 0.096 0.179 0.067 0.182 0.053 0.194 0.025 0.21 0.011 0.244 0.001 0.287 0.003 0.293 0.006 0.304 0.026 0.314 0.065 0.317 0.08 0.316 0.106 0.32 0.119 0.319 0.177 0.309 0.208 0.296 0.227 0.283 0.236 0.252 0.242
0 0.0 0.041 0.025 0.026 0.048 0.016 0.07 0.016 0.089 0.025 0.115 0.066 0.112 0.146 0.102 0.168 0.098 0.183 0.092 0.191 0.088 0.208 0.078 0.207 0.049 0.215 0.036 0.225 0.023 0.229 0.01 0.245 0.0 0.247
0 0.444 0.226 0.419 0.221 0.379 0.198 0.359 0.165 0.347 0.137 0.339 0.1 0.339 0.055 0.348 0.023 0.362 0.0 0.507 0.001 0.508 0.004 0.518 0.015 0.527 0.036 0.528 0.056 0.525 0.061 0.528 0.064 0.528 0.09 0.523 0.13 0.517 0.16 0.515 0.162 0.514 0.158 0.503 0.184 0.484 0.207 0.457 0.223 0.444 0.226
0 0.173 0.322 0.163 0.32 0.154 0.28 0.147 0.265 0.114 0.224 0.106 0.221 0.103 0.213 0.105 0.187 0.112 0.165 0.11 0.148 0.115 0.125 0.115 0.104 0.113 0.067 0.116 0.048 0.123 0.039 0.135 0.031 0.148 0.034 0.167 0.032 0.185 0.04 0.179 0.06 0.176 0.089 0.176 0.12 0.18 0.141 0.19 0.173 0.205 0.205 0.215 0.215 0.235 0.248 0.221 0.27 0.214 0.296 0.212 0.315 0.173 0.322
0 0.296 0.401 0.288 0.4 0.274 0.377 0.255 0.362 0.228 0.354 0.202 0.356 0.201 0.343 0.208 0.331 0.218 0.285 0.221 0.278 0.222 0.264 0.241 0.245 0.259 0.24 0.276 0.243 0.296 0.264 0.304 0.283 0.308 0.317 0.317 0.339 0.319 0.363 0.313 0.381 0.302 0.398 0.296 0.401
0 0.188 0.731 0.182 0.73 0.162 0.711 0.137 0.694 0.109 0.688 0.076 0.686 0.066 0.665 0.064 0.655 0.052 0.622 0.049 0.603 0.051 0.598 0.052 0.563 0.061 0.523 0.068 0.506 0.089 0.501 0.106 0.492 0.136 0.461 0.161 0.461 0.177 0.515 0.194 0.548 0.217 0.566 0.234 0.571 0.25 0.572 0.239 0.595 0.235 0.619 0.236 0.635 0.241 0.653 0.25 0.667 0.246 0.691 0.236 0.706 0.228 0.709 0.217 0.72 0.202 0.728 0.188 0.731
0 0.0 0.768 0.016 0.736 0.041 0.707 0.08 0.689 0.122 0.69 0.152 0.702 0.182 0.733 0.2 0.764 0.207 0.789 0.21 0.818 0.209 0.846 0.205 0.862 0.201 0.867 0.184 0.916 0.157 0.957 0.127 0.977 0.106 0.982 0.082 0.983 0.068 0.98 0.042 0.967 0.017 0.938 0.001 0.895 0.0 0.879
0 0.401 0.815 0.384 0.814 0.364 0.803 0.35 0.786 0.339 0.759 0.334 0.724 0.342 0.682 0.348 0.671 0.349 0.629 0.353 0.616 0.363 0.609 0.387 0.611 0.403 0.599 0.431 0.591 0.446 0.591 0.461 0.596 0.482 0.614 0.496 0.642 0.5 0.671 0.496 0.713 0.482 0.754 0.469 0.776 0.459 0.782 0.459 0.786 0.451 0.793 0.436 0.803 0.419 0.812 0.401 0.815
0 0.301 0.712 0.293 0.711 0.275 0.686 0.261 0.679 0.245 0.662 0.238 0.644 0.233 0.62 0.237 0.599 0.242 0.591 0.249 0.57 0.266 0.565 0.285 0.551 0.299 0.532 0.301 0.515 0.307 0.515 0.33 0.548 0.329 0.56 0.333 0.567 0.35 0.561 0.349 0.573 0.358 0.578 0.359 0.595 0.356 0.61 0.343 0.64 0.341 0.662 0.329 0.678 0.318 0.702 0.311 0.71 0.301 0.71
