0 0.209 0.452 0.189 0.44 0.185 0.43 0.215 0.393 0.246 0.37 0.275 0.356 0.321 0.34 0.343 0.336 0.378 0.345 0.447 0.353 0.475 0.35 0.489 0.352 0.491 0.35 0.546 0.35 0.546 0.353 0.5 0.38 0.398 0.401 0.343 0.417 0.283 0.438 0.254 0.445 0.213 0.449 0.209 0.452
0 0.463 0.466 0.45 0.462 0.441 0.452 0.435 0.442 0.433 0.422 0.439 0.403 0.449 0.391 0.501 0.379 0.479 0.402 0.47 0.417 0.47 0.429 0.463 0.429 0.454 0.443 0.458 0.446 0.457 0.45 0.463 0.455 0.463 0.461 0.469 0.465 0.463 0.466
0 0.394 0.606 0.367 0.591 0.334 0.565 0.305 0.535 0.284 0.505 0.274 0.483 0.269 0.452 0.274 0.446 0.285 0.441 0.29 0.435 0.296 0.434 0.307 0.437 0.353 0.467 0.389 0.482 0.432 0.506 0.455 0.516 0.454 0.541 0.494 0.557 0.429 0.585 0.394 0.606
0 0.258 0.0 0.267 0.006 0.29 0.004 0.318 0.01 0.427 0.041 0.492 0.056 0.603 0.075 0.702 0.087 0.786 0.1 0.824 0.111 0.845 0.123 0.815 0.12 0.798 0.12 0.751 0.126 0.679 0.14 0.559 0.15 0.483 0.15 0.426 0.142 0.383 0.129 0.339 0.108 0.288 0.079 0.261 0.069 0.254 0.063 0.248 0.053 0.247 0.035 0.212 0.017 0.205 0.0
0 0.205 0.0 0.208 0.011 0.219 0.027 0.262 0.069 0.29 0.079 0.368 0.121 0.392 0.132 0.421 0.14 0.482 0.149 0.505 0.15 0.559 0.15 0.681 0.138 0.766 0.123 0.817 0.119 0.857 0.125 0.883 0.134 0.891 0.132 0.894 0.135 0.891 0.141 0.891 0.159 0.886 0.165 0.885 0.17 0.873 0.18 0.832 0.204 0.814 0.212 0.769 0.224 0.663 0.243 0.573 0.253 0.511 0.254 0.453 0.252 0.399 0.242 0.356 0.231 0.319 0.212 0.272 0.171 0.248 0.142 0.226 0.125 0.223 0.111 0.23 0.099 0.23 0.095 0.188 0.05 0.181 0.018 0.182 0.008 0.187 0.0
0 0.458 0.353 0.437 0.353 0.378 0.346 0.342 0.337 0.311 0.327 0.281 0.313 0.237 0.287 0.193 0.252 0.17 0.221 0.159 0.187 0.159 0.164 0.162 0.156 0.168 0.147 0.182 0.141 0.18 0.135 0.163 0.099 0.153 0.089 0.15 0.075 0.135 0.056 0.138 0.047 0.159 0.033 0.186 0.032 0.188 0.049 0.194 0.064 0.219 0.115 0.227 0.126 0.251 0.146 0.271 0.169 0.301 0.197 0.324 0.215 0.339 0.224 0.369 0.237 0.396 0.247 0.4 0.254 0.406 0.258 0.423 0.26 0.43 0.263 0.446 0.264 0.451 0.259 0.475 0.262 0.527 0.262 0.655 0.256 0.703 0.264 0.727 0.273 0.718 0.278 0.605 0.324 0.55 0.351 0.458 0.353
0 0.185 0.0 0.17 0.025 0.155 0.037 0.143 0.041 0.145 0.042 0.144 0.045 0.129 0.056 0.125 0.061 0.113 0.094 0.109 0.125 0.127 0.134 0.16 0.184 0.165 0.205 0.175 0.228 0.194 0.251 0.222 0.276 0.246 0.292 0.283 0.313 0.315 0.327 0.315 0.337 0.312 0.336 0.306 0.329 0.242 0.321 0.202 0.313 0.149 0.294 0.097 0.265 0.069 0.241 0.053 0.223 0.041 0.204 0.034 0.188 0.03 0.173 0.03 0.158 0.033 0.144 0.04 0.129 0.056 0.117 0.064 0.103 0.082 0.042 0.082 0.027 0.08 0.017 0.073 0.009 0.065 0.006 0.068 0.006 0.064 0.0
0 0.156 0.182 0.152 0.181 0.148 0.167 0.125 0.133 0.109 0.124 0.11 0.104 0.118 0.075 0.125 0.06 0.131 0.053 0.136 0.055 0.151 0.074 0.153 0.088 0.161 0.094 0.182 0.138 0.182 0.141 0.171 0.145 0.164 0.152 0.16 0.165 0.16 0.181 0.156 0.182
0 0.73 0.272 0.702 0.263 0.671 0.256 0.612 0.255 0.593 0.254 0.591 0.252 0.661 0.242 0.753 0.226 0.777 0.236 0.789 0.247 0.79 0.25 0.787 0.252 0.73 0.272
0 0.792 0.25 0.778 0.237 0.756 0.225 0.809 0.213 0.832 0.23 0.835 0.235 0.792 0.25
0 0.738 0.377 0.736 0.377 0.737 0.374 0.9 0.307 0.933 0.292 0.938 0.296 0.942 0.314 0.945 0.317 0.945 0.321 0.939 0.325 0.907 0.327 0.864 0.336 0.824 0.347 0.738 0.377
0 0.535 0.472 0.512 0.47 0.478 0.471 0.466 0.467 0.463 0.455 0.457 0.45 0.455 0.443 0.462 0.429 0.469 0.429 0.471 0.412 0.487 0.391 0.504 0.377 0.537 0.356 0.572 0.337 0.662 0.298 0.752 0.264 0.841 0.233 0.879 0.223 0.906 0.218 0.948 0.214 0.989 0.215 0.99 0.225 0.993 0.231 0.999 0.236 0.998 0.242 0.97 0.269 0.934 0.292 0.903 0.307 0.859 0.323 0.643 0.413 0.559 0.45 0.535 0.458 0.544 0.471 0.535 0.472
0 0.613 0.518 0.566 0.517 0.558 0.511 0.556 0.5 0.548 0.495 0.539 0.493 0.525 0.492 0.517 0.495 0.512 0.499 0.505 0.512 0.497 0.5 0.496 0.493 0.488 0.486 0.488 0.477 0.483 0.469 0.491 0.472 0.527 0.472 0.531 0.473 0.538 0.464 0.538 0.457 0.556 0.452 0.651 0.41 0.751 0.372 0.87 0.334 0.908 0.326 0.936 0.325 0.985 0.332 0.999 0.345 0.999 0.347 0.96 0.357 0.915 0.374 0.788 0.438 0.781 0.432 0.75 0.426 0.741 0.432 0.742 0.441 0.739 0.451 0.747 0.457 0.744 0.461 0.66 0.503 0.613 0.518
0 0.638 0.611 0.618 0.611 0.591 0.607 0.57 0.599 0.556 0.589 0.548 0.576 0.548 0.551 0.533 0.537 0.51 0.525 0.505 0.518 0.505 0.51 0.519 0.494 0.534 0.492 0.548 0.495 0.556 0.501 0.559 0.509 0.571 0.519 0.575 0.524 0.575 0.553 0.589 0.579 0.593 0.581 0.602 0.574 0.612 0.573 0.616 0.57 0.616 0.565 0.615 0.556 0.608 0.541 0.599 0.533 0.587 0.526 0.589 0.524 0.633 0.513 0.656 0.505 0.71 0.479 0.773 0.445 0.907 0.378 0.96 0.356 1.0 0.347 1.0 0.449 0.997 0.451 0.926 0.494 0.84 0.539 0.827 0.549 0.81 0.558 0.794 0.563 0.743 0.585 0.698 0.601 0.674 0.608 0.638 0.611
0 0.301 0.599 0.293 0.598 0.272 0.586 0.266 0.585 0.26 0.573 0.233 0.557 0.211 0.549 0.171 0.541 0.147 0.53 0.125 0.511 0.111 0.489 0.102 0.465 0.099 0.444 0.102 0.396 0.113 0.364 0.131 0.33 0.161 0.298 0.194 0.31 0.226 0.318 0.198 0.391 0.196 0.414 0.184 0.431 0.186 0.451 0.203 0.482 0.215 0.497 0.23 0.507 0.234 0.518 0.24 0.525 0.259 0.54 0.276 0.549 0.296 0.557 0.316 0.562 0.322 0.566 0.323 0.573 0.32 0.576 0.314 0.574 0.312 0.575 0.314 0.584 0.309 0.585 0.317 0.594 0.313 0.596 0.305 0.595 0.301 0.599
0 0.198 0.411 0.196 0.404 0.201 0.375 0.226 0.318 0.266 0.322 0.283 0.326 0.306 0.327 0.313 0.329 0.306 0.345 0.257 0.364 0.237 0.374 0.214 0.393 0.198 0.411
0 0.053 0.96 0.046 0.958 0.039 0.951 0.04 0.93 0.043 0.904 0.054 0.868 0.081 0.797 0.09 0.762 0.092 0.71 0.089 0.666 0.091 0.648 0.102 0.625 0.102 0.599 0.122 0.596 0.129 0.594 0.135 0.598 0.143 0.611 0.16 0.626 0.168 0.642 0.171 0.667 0.18 0.699 0.18 0.779 0.174 0.815 0.165 0.838 0.131 0.884 0.106 0.901 0.099 0.91 0.1 0.919 0.092 0.927 0.093 0.933 0.099 0.939 0.096 0.945 0.085 0.951 0.072 0.948 0.071 0.95 0.065 0.951 0.053 0.96
0 0.111 0.942 0.099 0.94 0.092 0.932 0.092 0.926 0.098 0.92 0.101 0.907 0.104 0.902 0.129 0.884 0.159 0.846 0.17 0.823 0.179 0.792 0.183 0.762 0.182 0.722 0.168 0.657 0.168 0.641 0.176 0.649 0.191 0.671 0.217 0.719 0.232 0.774 0.234 0.811 0.223 0.84 0.192 0.879 0.176 0.886 0.153 0.891 0.14 0.891 0.13 0.895 0.122 0.908 0.121 0.922 0.124 0.93 0.132 0.935 0.111 0.942
0 0.185 0.938 0.143 0.938 0.139 0.935 0.127 0.933 0.12 0.924 0.122 0.91 0.127 0.9 0.133 0.894 0.13 0.892 0.131 0.89 0.154 0.89 0.172 0.887 0.184 0.884 0.195 0.876 0.223 0.836 0.233 0.813 0.233 0.779 0.226 0.749 0.214 0.713 0.195 0.676 0.164 0.634 0.152 0.609 0.149 0.594 0.142 0.576 0.142 0.571 0.152 0.564 0.167 0.56 0.177 0.561 0.202 0.57 0.234 0.585 0.255 0.602 0.283 0.635 0.303 0.668 0.319 0.708 0.335 0.755 0.34 0.784 0.34 0.818 0.332 0.852 0.323 0.872 0.303 0.898 0.282 0.914 0.263 0.922 0.237 0.928 0.208 0.927 0.198 0.934 0.185 0.938
0 0.877 0.912 0.864 0.911 0.847 0.904 0.84 0.894 0.812 0.872 0.792 0.844 0.775 0.826 0.75 0.806 0.728 0.793 0.68 0.771 0.621 0.755 0.557 0.746 0.435 0.748 0.41 0.744 0.364 0.751 0.359 0.747 0.344 0.745 0.341 0.743 0.34 0.735 0.354 0.73 0.37 0.727 0.386 0.706 0.388 0.704 0.395 0.705 0.403 0.696 0.42 0.686 0.455 0.672 0.486 0.666 0.541 0.662 0.604 0.665 0.663 0.674 0.722 0.69 0.773 0.71 0.826 0.739 0.868 0.769 0.894 0.798 0.904 0.815 0.911 0.834 0.914 0.85 0.913 0.883 0.904 0.899 0.89 0.908 0.877 0.912
0 0.34 0.749 0.333 0.748 0.331 0.746 0.327 0.733 0.327 0.725 0.333 0.717 0.343 0.713 0.355 0.7 0.359 0.688 0.36 0.647 0.365 0.634 0.376 0.621 0.395 0.605 0.416 0.591 0.441 0.578 0.497 0.556 0.538 0.545 0.543 0.545 0.548 0.551 0.549 0.576 0.556 0.589 0.57 0.598 0.589 0.605 0.62 0.61 0.65 0.61 0.68 0.606 0.724 0.592 0.789 0.564 0.797 0.563 0.842 0.589 0.875 0.615 0.889 0.63 0.9 0.652 0.904 0.67 0.904 0.688 0.899 0.712 0.892 0.722 0.885 0.725 0.877 0.725 0.868 0.724 0.858 0.719 0.844 0.704 0.783 0.658 0.758 0.645 0.733 0.636 0.705 0.629 0.674 0.624 0.624 0.624 0.583 0.629 0.535 0.64 0.476 0.664 0.467 0.669 0.446 0.674 0.416 0.688 0.388 0.704 0.37 0.727 0.355 0.729 0.342 0.734 0.343 0.747 0.34 0.749
0 0.834 0.747 0.821 0.735 0.808 0.73 0.806 0.722 0.808 0.699 0.815 0.693 0.822 0.691 0.828 0.691 0.841 0.701 0.838 0.728 0.841 0.739 0.834 0.747
0 0.493 0.878 0.442 0.866 0.407 0.854 0.373 0.839 0.339 0.818 0.339 0.788 0.336 0.759 0.368 0.754 0.38 0.748 0.399 0.746 0.397 0.758 0.411 0.802 0.417 0.815 0.44 0.84 0.461 0.855 0.497 0.876 0.493 0.878
0 0.666 0.813 0.617 0.81 0.598 0.807 0.579 0.801 0.584 0.798 0.638 0.789 0.688 0.773 0.731 0.795 0.703 0.808 0.666 0.813
0 0.578 0.787 0.551 0.787 0.535 0.777 0.529 0.776 0.518 0.765 0.496 0.75 0.496 0.748 0.552 0.746 0.587 0.749 0.653 0.762 0.667 0.768 0.653 0.776 0.638 0.781 0.578 0.787
0 0.853 0.593 0.843 0.591 0.822 0.574 0.822 0.564 0.83 0.547 0.843 0.538 0.866 0.527 0.885 0.514 0.891 0.512 0.899 0.512 0.908 0.517 0.915 0.53 0.914 0.536 0.909 0.541 0.909 0.549 0.902 0.555 0.895 0.557 0.885 0.556 0.883 0.559 0.873 0.561 0.869 0.564 0.853 0.586 0.853 0.593
0 0.346 0.708 0.323 0.688 0.3 0.661 0.286 0.638 0.275 0.603 0.273 0.587 0.296 0.599 0.302 0.598 0.305 0.595 0.316 0.594 0.308 0.585 0.312 0.582 0.313 0.573 0.321 0.575 0.327 0.572 0.335 0.572 0.349 0.583 0.357 0.585 0.359 0.588 0.363 0.605 0.352 0.604 0.35 0.608 0.342 0.612 0.332 0.625 0.34 0.649 0.348 0.666 0.36 0.681 0.356 0.7 0.346 0.70
