0 0.334 0.32 0.331 0.318 0.34 0.31 0.348 0.298 0.36 0.247 0.367 0.21 0.376 0.186 0.384 0.171 0.399 0.158 0.422 0.146 0.434 0.146 0.446 0.156 0.451 0.164 0.46 0.207 0.459 0.227 0.451 0.25 0.44 0.26 0.422 0.272 0.372 0.298 0.362 0.31 0.345 0.314 0.334 0.32
0 0.248 0.51 0.24 0.508 0.234 0.498 0.233 0.48 0.246 0.442 0.253 0.429 0.275 0.403 0.288 0.392 0.298 0.391 0.313 0.394 0.322 0.386 0.334 0.384 0.323 0.398 0.321 0.406 0.32 0.414 0.324 0.421 0.323 0.441 0.312 0.466 0.289 0.493 0.27 0.502 0.252 0.506 0.248 0.51
0 0.62 0.582 0.608 0.581 0.598 0.571 0.585 0.549 0.574 0.536 0.57 0.52 0.566 0.512 0.555 0.501 0.538 0.472 0.535 0.465 0.534 0.426 0.52 0.418 0.507 0.408 0.5 0.4 0.459 0.382 0.463 0.378 0.48 0.384 0.506 0.387 0.526 0.393 0.542 0.402 0.552 0.402 0.558 0.395 0.576 0.387 0.592 0.382 0.606 0.383 0.656 0.398 0.673 0.416 0.679 0.424 0.684 0.436 0.688 0.475 0.688 0.505 0.682 0.526 0.679 0.533 0.672 0.542 0.66 0.542 0.64 0.552 0.634 0.562 0.628 0.578 0.62 0.582
0 0.456 0.766 0.451 0.766 0.446 0.76 0.435 0.754 0.426 0.741 0.418 0.735 0.409 0.701 0.41 0.669 0.427 0.609 0.436 0.589 0.428 0.574 0.397 0.536 0.397 0.531 0.4 0.528 0.408 0.531 0.412 0.538 0.422 0.544 0.432 0.558 0.446 0.568 0.452 0.578 0.462 0.578 0.476 0.586 0.489 0.605 0.503 0.643 0.508 0.687 0.507 0.7 0.501 0.719 0.489 0.738 0.47 0.756 0.466 0.764 0.456 0.766
0 0.563 0.829 0.553 0.829 0.545 0.825 0.537 0.818 0.511 0.801 0.507 0.796 0.501 0.785 0.499 0.776 0.499 0.762 0.501 0.756 0.499 0.739 0.511 0.689 0.521 0.678 0.53 0.663 0.545 0.643 0.555 0.615 0.561 0.606 0.576 0.596 0.586 0.595 0.598 0.602 0.603 0.612 0.623 0.702 0.625 0.724 0.624 0.757 0.62 0.773 0.61 0.79 0.576 0.823 0.563 0.829
0 0.691 0.843 0.68 0.842 0.664 0.83 0.65 0.803 0.64 0.776 0.633 0.768 0.633 0.761 0.639 0.745 0.637 0.73 0.644 0.7 0.651 0.685 0.658 0.68 0.674 0.68 0.688 0.687 0.714 0.692 0.763 0.696 0.788 0.694 0.826 0.688 0.854 0.68 0.879 0.668 0.893 0.666 0.9 0.657 0.919 0.625 0.922 0.613 0.924 0.611 0.927 0.612 0.922 0.636 0.909 0.66 0.899 0.672 0.892 0.678 0.879 0.681 0.865 0.69 0.854 0.694 0.834 0.707 0.826 0.718 0.822 0.721 0.792 0.756 0.778 0.766 0.77 0.776 0.759 0.782 0.755 0.789 0.754 0.797 0.719 0.826 0.704 0.83 0.697 0.841 0.691 0.843
0 0.778 0.696 0.771 0.694 0.766 0.685 0.771 0.644 0.822 0.608 0.83 0.605 0.85 0.61 0.86 0.62 0.871 0.636 0.875 0.654 0.875 0.663 0.868 0.674 0.84 0.684 0.778 0.696
0 0.772 0.587 0.767 0.586 0.76 0.582 0.743 0.554 0.729 0.536 0.713 0.498 0.711 0.484 0.711 0.444 0.714 0.436 0.727 0.422 0.738 0.422 0.763 0.444 0.773 0.458 0.792 0.505 0.795 0.528 0.793 0.568 0.785 0.581 0.772 0.587
0 0.728 0.687 0.695 0.685 0.655 0.669 0.647 0.669 0.633 0.653 0.624 0.63 0.622 0.607 0.629 0.571 0.639 0.555 0.651 0.546 0.662 0.542 0.676 0.542 0.7 0.551 0.74 0.571 0.767 0.596 0.774 0.61 0.775 0.626 0.777 0.627 0.808 0.612 0.838 0.587 0.85 0.581 0.869 0.576 0.916 0.571 0.933 0.565 0.936 0.567 0.934 0.57 0.917 0.576 0.87 0.581 0.847 0.588 0.811 0.616 0.772 0.641 0.765 0.663 0.752 0.678 0.74 0.685 0.728 0.687
0 0.792 0.458 0.764 0.44 0.748 0.431 0.737 0.422 0.729 0.421 0.72 0.412 0.717 0.405 0.717 0.397 0.731 0.362 0.742 0.358 0.751 0.36 0.762 0.369 0.771 0.371 0.782 0.381 0.794 0.386 0.805 0.4 0.816 0.405 0.82 0.412 0.82 0.426 0.818 0.437 0.812 0.444 0.8 0.448 0.792 0.458
0 0.844 0.425 0.836 0.424 0.829 0.418 0.823 0.418 0.816 0.408 0.798 0.39 0.782 0.382 0.772 0.371 0.749 0.36 0.737 0.36 0.739 0.342 0.748 0.331 0.758 0.326 0.78 0.308 0.807 0.293 0.828 0.288 0.845 0.287 0.866 0.294 0.882 0.308 0.887 0.319 0.9 0.338 0.9 0.373 0.884 0.401 0.87 0.41 0.86 0.42 0.844 0.425
0 0.966 0.336 0.951 0.318 0.954 0.283 0.949 0.248 0.95 0.242 0.94 0.216 0.93 0.201 0.925 0.186 0.916 0.173 0.88 0.137 0.872 0.136 0.867 0.132 0.859 0.132 0.848 0.136 0.85 0.13 0.86 0.126 0.875 0.126 0.911 0.154 0.932 0.176 0.948 0.205 0.964 0.251 0.966 0.336
0 0.698 0.358 0.674 0.358 0.661 0.348 0.654 0.329 0.646 0.318 0.65 0.297 0.654 0.29 0.663 0.288 0.67 0.281 0.678 0.284 0.716 0.284 0.731 0.289 0.738 0.303 0.74 0.315 0.727 0.345 0.698 0.358
0 0.753 0.327 0.748 0.326 0.741 0.319 0.734 0.294 0.737 0.278 0.741 0.271 0.746 0.236 0.743 0.221 0.742 0.186 0.748 0.17 0.755 0.16 0.774 0.144 0.787 0.144 0.802 0.14 0.823 0.142 0.836 0.134 0.846 0.136 0.852 0.149 0.852 0.174 0.847 0.187 0.843 0.208 0.834 0.239 0.822 0.27 0.815 0.282 0.808 0.29 0.786 0.302 0.753 0.327
0 0.962 0.244 0.947 0.204 0.928 0.171 0.915 0.16 0.914 0.152 0.932 0.145 0.942 0.147 0.959 0.157 0.969 0.169 0.976 0.197 0.971 0.235 0.962 0.24
