0 0.366 0.261 0.349 0.26 0.32 0.246 0.267 0.232 0.247 0.219 0.235 0.197 0.227 0.186 0.226 0.182 0.228 0.162 0.234 0.147 0.233 0.125 0.24 0.105 0.248 0.095 0.257 0.089 0.275 0.088 0.315 0.103 0.345 0.133 0.356 0.142 0.368 0.161 0.376 0.199 0.385 0.218 0.384 0.235 0.366 0.261
0 0.153 0.542 0.119 0.542 0.106 0.538 0.093 0.53 0.082 0.511 0.077 0.476 0.079 0.44 0.086 0.413 0.098 0.397 0.146 0.364 0.184 0.353 0.204 0.352 0.25 0.366 0.258 0.372 0.266 0.381 0.268 0.378 0.308 0.377 0.368 0.357 0.37 0.366 0.345 0.386 0.304 0.408 0.276 0.416 0.274 0.444 0.263 0.471 0.249 0.494 0.228 0.517 0.216 0.526 0.204 0.529 0.194 0.537 0.182 0.54 0.153 0.542
0 0.46 0.576 0.44 0.573 0.408 0.55 0.394 0.537 0.391 0.53 0.386 0.526 0.383 0.52 0.383 0.494 0.38 0.481 0.383 0.459 0.412 0.432 0.423 0.416 0.442 0.41 0.452 0.41 0.494 0.417 0.506 0.434 0.548 0.461 0.552 0.47 0.553 0.477 0.541 0.491 0.536 0.504 0.526 0.519 0.515 0.527 0.5 0.553 0.477 0.571 0.46 0.576
0 0.68 0.534 0.666 0.529 0.651 0.529 0.632 0.52 0.622 0.51 0.609 0.493 0.6 0.485 0.587 0.464 0.561 0.441 0.547 0.424 0.541 0.405 0.534 0.396 0.527 0.366 0.529 0.328 0.54 0.296 0.545 0.293 0.552 0.295 0.55 0.333 0.553 0.34 0.558 0.344 0.569 0.342 0.58 0.347 0.598 0.345 0.608 0.35 0.621 0.352 0.666 0.354 0.674 0.364 0.682 0.368 0.691 0.39 0.699 0.401 0.7 0.411 0.705 0.423 0.711 0.463 0.711 0.491 0.704 0.513 0.69 0.529 0.68 0.534
0 0.141 0.834 0.117 0.831 0.105 0.826 0.098 0.82 0.09 0.81 0.087 0.801 0.082 0.797 0.073 0.785 0.06 0.732 0.059 0.7 0.064 0.681 0.072 0.67 0.1 0.646 0.111 0.633 0.131 0.62 0.165 0.608 0.225 0.608 0.266 0.622 0.272 0.62 0.287 0.628 0.316 0.628 0.33 0.632 0.348 0.631 0.353 0.638 0.352 0.642 0.316 0.66 0.294 0.676 0.274 0.707 0.268 0.733 0.256 0.74 0.239 0.762 0.223 0.772 0.164 0.823 0.141 0.834
0 0.34 0.812 0.318 0.809 0.294 0.795 0.282 0.775 0.276 0.759 0.266 0.747 0.271 0.717 0.278 0.701 0.294 0.677 0.319 0.659 0.34 0.649 0.347 0.642 0.357 0.643 0.373 0.659 0.379 0.671 0.381 0.672 0.378 0.657 0.377 0.629 0.383 0.616 0.389 0.615 0.4 0.622 0.415 0.624 0.444 0.634 0.453 0.634 0.465 0.641 0.478 0.638 0.483 0.634 0.49 0.634 0.511 0.622 0.538 0.616 0.543 0.612 0.557 0.608 0.595 0.606 0.618 0.613 0.635 0.613 0.654 0.618 0.717 0.645 0.73 0.659 0.762 0.676 0.773 0.688 0.778 0.688 0.784 0.696 0.791 0.715 0.796 0.748 0.79 0.753 0.788 0.76 0.779 0.706 0.744 0.678 0.732 0.674 0.727 0.666 0.712 0.657 0.676 0.639 0.661 0.638 0.646 0.63 0.612 0.623 0.601 0.624 0.574 0.62 0.566 0.624 0.563 0.628 0.551 0.629 0.53 0.64 0.518 0.639 0.471 0.662 0.466 0.669 0.46 0.684 0.453 0.693 0.447 0.712 0.41 0.768 0.374 0.796 0.34 0.812
0 0.38 0.667 0.375 0.659 0.354 0.642 0.352 0.635 0.348 0.63 0.34 0.628 0.328 0.617 0.307 0.605 0.288 0.586 0.27 0.559 0.268 0.554 0.268 0.517 0.279 0.489 0.29 0.477 0.302 0.469 0.337 0.47 0.353 0.484 0.362 0.498 0.372 0.502 0.389 0.561 0.389 0.602 0.377 0.629 0.377 0.654 0.38 0.667
0 0.707 0.802 0.687 0.8 0.676 0.801 0.672 0.795 0.673 0.784 0.679 0.786 0.717 0.785 0.747 0.777 0.77 0.77 0.788 0.762 0.797 0.751 0.809 0.676 0.825 0.643 0.828 0.624 0.833 0.609 0.836 0.602 0.857 0.582 0.87 0.578 0.88 0.578 0.9 0.588 0.913 0.598 0.923 0.608 0.934 0.628 0.939 0.641 0.941 0.661 0.936 0.691 0.933 0.702 0.919 0.732 0.91 0.744 0.871 0.777 0.857 0.784 0.838 0.788 0.798 0.786 0.761 0.796 0.753 0.794 0.741 0.798 0.735 0.796 0.72 0.801 0.707 0.802
0 0.798 0.584 0.776 0.582 0.728 0.564 0.713 0.546 0.707 0.524 0.707 0.51 0.713 0.491 0.711 0.47 0.713 0.45 0.716 0.441 0.722 0.434 0.728 0.431 0.736 0.432 0.747 0.424 0.774 0.426 0.783 0.431 0.795 0.449 0.814 0.492 0.825 0.527 0.828 0.54 0.827 0.555 0.823 0.568 0.809 0.581 0.798 0.584
0 0.815 0.417 0.779 0.417 0.752 0.414 0.733 0.408 0.729 0.397 0.709 0.372 0.707 0.364 0.709 0.35 0.715 0.34 0.723 0.334 0.75 0.326 0.773 0.324 0.783 0.326 0.795 0.323 0.817 0.326 0.834 0.331 0.849 0.34 0.857 0.367 0.857 0.385 0.848 0.396 0.844 0.404 0.815 0.417
0 0.703 0.322 0.698 0.322 0.679 0.306 0.665 0.299 0.638 0.3 0.626 0.297 0.621 0.299 0.588 0.288 0.571 0.276 0.562 0.257 0.561 0.226 0.571 0.194 0.581 0.174 0.594 0.16 0.61 0.152 0.638 0.169 0.668 0.196 0.685 0.221 0.685 0.249 0.683 0.26 0.696 0.272 0.704 0.291 0.708 0.313 0.703 0.322
0 0.737 0.664 0.713 0.644 0.702 0.641 0.69 0.632 0.658 0.622 0.65 0.616 0.638 0.615 0.653 0.59 0.664 0.581 0.676 0.577 0.687 0.58 0.708 0.578 0.713 0.58 0.723 0.591 0.731 0.607 0.735 0.623 0.737 0.66
