0 0.748 0.529 0.724 0.526 0.694 0.508 0.676 0.484 0.667 0.453 0.667 0.411 0.676 0.381 0.694 0.357 0.717 0.344 0.749 0.342 0.774 0.354 0.785 0.365 0.796 0.379 0.803 0.396 0.808 0.415 0.808 0.453 0.796 0.491 0.784 0.508 0.773 0.519 0.761 0.526 0.748 0.529
0 0.59 0.555 0.579 0.555 0.566 0.549 0.548 0.548 0.543 0.545 0.525 0.525 0.517 0.51 0.512 0.494 0.509 0.463 0.512 0.446 0.517 0.43 0.531 0.406 0.543 0.395 0.555 0.389 0.567 0.385 0.59 0.385 0.611 0.393 0.624 0.403 0.633 0.415 0.641 0.43 0.645 0.446 0.648 0.463 0.647 0.482 0.644 0.498 0.638 0.517 0.626 0.534 0.615 0.545 0.603 0.551 0.59 0.555
0 0.533 0.405 0.501 0.4 0.48 0.385 0.471 0.374 0.463 0.359 0.458 0.343 0.456 0.326 0.456 0.306 0.459 0.29 0.466 0.272 0.476 0.255 0.494 0.235 0.506 0.229 0.519 0.225 0.543 0.229 0.558 0.236 0.571 0.247 0.58 0.258 0.588 0.273 0.593 0.289 0.596 0.307 0.595 0.326 0.592 0.344 0.587 0.36 0.579 0.375 0.571 0.385 0.552 0.39 0.533 0.405
0 0.439 0.247 0.428 0.246 0.411 0.24 0.392 0.218 0.384 0.203 0.379 0.187 0.376 0.156 0.379 0.139 0.385 0.119 0.4 0.095 0.411 0.084 0.425 0.077 0.448 0.074 0.461 0.077 0.473 0.083 0.491 0.103 0.499 0.118 0.504 0.134 0.506 0.165 0.501 0.193 0.491 0.215 0.469 0.236 0.439 0.247
0 0.397 0.493 0.383 0.475 0.366 0.464 0.342 0.461 0.325 0.467 0.312 0.442 0.307 0.415 0.307 0.395 0.31 0.379 0.322 0.352 0.331 0.341 0.344 0.33 0.365 0.323 0.387 0.322 0.4 0.326 0.411 0.332 0.423 0.343 0.431 0.355 0.439 0.372 0.444 0.391 0.445 0.414 0.439 0.446 0.431 0.463 0.422 0.475 0.411 0.486 0.397 0.493
0 0.324 0.664 0.307 0.662 0.293 0.656 0.28 0.646 0.271 0.634 0.263 0.619 0.258 0.603 0.256 0.586 0.256 0.556 0.261 0.538 0.27 0.517 0.283 0.502 0.296 0.494 0.311 0.474 0.334 0.461 0.359 0.461 0.381 0.474 0.399 0.498 0.409 0.528 0.409 0.561 0.402 0.585 0.394 0.601 0.363 0.625 0.351 0.642 0.343 0.658 0.324 0.664
0 0.205 0.586 0.181 0.583 0.169 0.576 0.158 0.565 0.149 0.553 0.141 0.536 0.133 0.493 0.135 0.462 0.14 0.446 0.148 0.431 0.166 0.412 0.178 0.405 0.191 0.402 0.224 0.407 0.247 0.419 0.26 0.435 0.268 0.45 0.273 0.466 0.276 0.483 0.273 0.514 0.264 0.53 0.259 0.547 0.247 0.561 0.23 0.576 0.218 0.583 0.205 0.586
0 0.422 0.778 0.392 0.775 0.369 0.762 0.356 0.746 0.348 0.731 0.343 0.715 0.34 0.698 0.343 0.667 0.348 0.651 0.356 0.636 0.369 0.62 0.39 0.603 0.402 0.596 0.415 0.593 0.43 0.593 0.443 0.596 0.455 0.603 0.466 0.614 0.484 0.642 0.488 0.657 0.491 0.675 0.49 0.694 0.487 0.71 0.471 0.748 0.462 0.76 0.449 0.77 0.435 0.776 0.422 0.778
0 0.567 0.745 0.552 0.744 0.54 0.74 0.515 0.719 0.501 0.699 0.491 0.669 0.489 0.625 0.495 0.598 0.504 0.576 0.516 0.561 0.534 0.549 0.562 0.548 0.59 0.557 0.602 0.564 0.614 0.574 0.625 0.592 0.635 0.622 0.636 0.641 0.635 0.664 0.631 0.683 0.623 0.699 0.612 0.717 0.594 0.733 0.58 0.741 0.567 0.745
0 0.681 0.923 0.666 0.922 0.647 0.916 0.619 0.895 0.61 0.884 0.597 0.86 0.588 0.825 0.587 0.806 0.588 0.783 0.592 0.764 0.604 0.734 0.622 0.71 0.635 0.7 0.649 0.694 0.674 0.694 0.694 0.702 0.708 0.711 0.72 0.725 0.732 0.743 0.744 0.772 0.749 0.79 0.75 0.814 0.745 0.84 0.739 0.862 0.729 0.885 0.717 0.902 0.706 0.913 0.694 0.919 0.681 0.92
