0 0.094 0.0 0.095 0.042 0.102 0.069 0.096 0.068 0.079 0.058 0.058 0.05 0.035 0.024 0.021 0.0
0 0.382 0.0 0.387 0.032 0.384 0.071 0.369 0.077 0.346 0.092 0.315 0.131 0.291 0.133 0.249 0.148 0.221 0.151 0.201 0.151 0.177 0.143 0.147 0.124 0.128 0.106 0.11 0.082 0.099 0.059 0.095 0.041 0.093 0.0
0 0.469 0.0 0.48 0.024 0.499 0.045 0.51 0.065 0.479 0.054 0.447 0.051 0.418 0.053 0.385 0.063 0.386 0.025 0.382 0.0
0 0.736 0.0 0.729 0.016 0.712 0.037 0.69 0.059 0.655 0.075 0.632 0.09 0.599 0.096 0.565 0.094 0.545 0.087 0.527 0.077 0.509 0.062 0.498 0.045 0.483 0.029 0.474 0.014 0.469 0.0
0 1.0 0.0 1.0 0.049 0.997 0.056 1.0 0.071 1.0 0.139 0.985 0.15 0.963 0.161 0.94 0.169 0.903 0.176 0.899 0.145 0.89 0.125 0.848 0.085 0.808 0.06 0.786 0.052 0.763 0.048 0.719 0.051 0.719 0.028 0.735 0.0
0 0.0 0.052 0.029 0.048 0.055 0.05 0.074 0.055 0.096 0.068 0.103 0.069 0.123 0.099 0.148 0.124 0.177 0.144 0.205 0.152 0.21 0.172 0.209 0.193 0.202 0.213 0.188 0.233 0.167 0.253 0.154 0.243 0.128 0.228 0.093 0.214 0.047 0.205 0.0 0.205
0 0.174 0.258 0.171 0.256 0.171 0.251 0.195 0.226 0.207 0.203 0.21 0.185 0.207 0.152 0.24 0.15 0.284 0.135 0.307 0.141 0.296 0.168 0.291 0.192 0.293 0.222 0.258 0.223 0.229 0.229 0.195 0.243 0.174 0.258
0 0.401 0.322 0.38 0.319 0.353 0.309 0.333 0.295 0.315 0.276 0.303 0.255 0.293 0.225 0.291 0.193 0.295 0.171 0.308 0.14 0.337 0.101 0.354 0.086 0.372 0.076 0.383 0.072 0.386 0.063 0.421 0.052 0.438 0.05 0.468 0.052 0.492 0.057 0.512 0.066 0.545 0.089 0.557 0.103 0.582 0.166 0.583 0.189 0.587 0.205 0.582 0.249 0.574 0.271 0.568 0.281 0.551 0.297 0.534 0.307 0.516 0.311 0.462 0.309 0.429 0.319 0.401 0.322
0 0.725 0.303 0.697 0.302 0.674 0.297 0.651 0.286 0.627 0.269 0.614 0.252 0.611 0.237 0.586 0.206 0.582 0.194 0.582 0.164 0.589 0.143 0.603 0.119 0.624 0.097 0.649 0.079 0.682 0.063 0.706 0.054 0.736 0.049 0.769 0.049 0.794 0.054 0.81 0.062 0.85 0.086 0.874 0.108 0.889 0.125 0.898 0.144 0.902 0.162 0.901 0.181 0.896 0.2 0.883 0.221 0.859 0.248 0.838 0.265 0.81 0.281 0.78 0.293 0.742 0.302 0.725 0.303
0 0.0 0.204 0.048 0.203 0.091 0.213 0.123 0.225 0.157 0.244 0.174 0.261 0.188 0.283 0.2 0.312 0.207 0.341 0.202 0.378 0.195 0.395 0.176 0.421 0.153 0.438 0.118 0.452 0.073 0.459 0.031 0.459 0.0 0.456
0 0.287 0.426 0.257 0.425 0.237 0.421 0.209 0.412 0.19 0.403 0.202 0.376 0.207 0.351 0.206 0.335 0.195 0.299 0.172 0.258 0.176 0.253 0.189 0.243 0.229 0.229 0.252 0.223 0.289 0.221 0.293 0.223 0.308 0.264 0.329 0.29 0.345 0.303 0.366 0.314 0.384 0.32 0.403 0.321 0.403 0.33 0.373 0.349 0.356 0.366 0.346 0.388 0.343 0.411 0.313 0.422 0.287 0.426
0 0.518 0.53 0.487 0.517 0.456 0.512 0.437 0.511 0.417 0.505 0.402 0.503 0.375 0.47 0.366 0.446 0.349 0.427 0.344 0.414 0.344 0.393 0.347 0.382 0.355 0.366 0.365 0.355 0.397 0.332 0.424 0.32 0.445 0.314 0.463 0.312 0.491 0.312 0.551 0.32 0.586 0.33 0.615 0.342 0.629 0.35 0.643 0.364 0.652 0.38 0.65 0.407 0.655 0.429 0.654 0.441 0.629 0.477 0.604 0.497 0.582 0.512 0.55 0.524 0.518 0.53
0 0.655 0.383 0.652 0.383 0.64 0.362 0.623 0.347 0.605 0.337 0.56 0.321 0.561 0.316 0.57 0.312 0.576 0.307 0.597 0.277 0.591 0.271 0.579 0.267 0.579 0.264 0.582 0.26 0.619 0.26 0.63 0.271 0.654 0.287 0.68 0.298 0.709 0.302 0.74 0.302 0.712 0.314 0.688 0.333 0.677 0.347 0.655 0.383
0 0.913 0.313 0.838 0.293 0.782 0.292 0.813 0.279 0.837 0.265 0.856 0.25 0.872 0.233 0.877 0.232 0.897 0.244 0.913 0.267 0.916 0.283 0.913 0.313
0 0.816 0.512 0.789 0.51 0.758 0.505 0.734 0.497 0.707 0.484 0.683 0.467 0.669 0.454 0.656 0.432 0.649 0.409 0.651 0.393 0.663 0.37 0.683 0.337 0.7 0.322 0.721 0.309 0.743 0.301 0.793 0.292 0.823 0.292 0.84 0.294 0.896 0.307 0.919 0.317 0.938 0.33 0.955 0.348 0.965 0.366 0.969 0.38 0.968 0.39 0.963 0.405 0.942 0.436 0.934 0.465 0.923 0.479 0.905 0.492 0.883 0.501 0.853 0.509 0.816 0.512
0 0.0 0.456 0.025 0.458 0.088 0.454 0.121 0.45 0.152 0.438 0.165 0.454 0.172 0.471 0.177 0.5 0.174 0.501 0.146 0.492 0.152 0.486 0.155 0.479 0.151 0.473 0.145 0.473 0.139 0.474 0.139 0.482 0.138 0.479 0.132 0.479 0.135 0.488 0.141 0.492 0.111 0.488 0.064 0.49 0.038 0.495 0.0 0.509
0 0.321 0.546 0.315 0.543 0.305 0.532 0.295 0.517 0.289 0.501 0.288 0.474 0.291 0.448 0.284 0.43 0.289 0.427 0.319 0.42 0.342 0.412 0.351 0.43 0.366 0.447 0.373 0.469 0.402 0.504 0.38 0.51 0.361 0.517 0.348 0.524 0.321 0.546
0 0.0 0.509 0.036 0.495 0.071 0.489 0.111 0.488 0.149 0.493 0.222 0.515 0.248 0.529 0.28 0.559 0.287 0.571 0.291 0.589 0.288 0.632 0.283 0.644 0.271 0.662 0.253 0.682 0.232 0.697 0.184 0.72 0.136 0.731 0.093 0.734 0.057 0.729 0.0 0.708
0 0.441 0.721 0.415 0.72 0.394 0.717 0.38 0.713 0.353 0.702 0.324 0.682 0.31 0.668 0.297 0.645 0.292 0.625 0.291 0.601 0.293 0.586 0.299 0.573 0.315 0.553 0.332 0.536 0.352 0.521 0.378 0.51 0.4 0.504 0.417 0.506 0.436 0.512 0.48 0.516 0.498 0.521 0.514 0.529 0.531 0.542 0.547 0.561 0.56 0.594 0.562 0.614 0.56 0.632 0.551 0.655 0.538 0.673 0.519 0.69 0.492 0.706 0.469 0.715 0.441 0.721
0 0.589 0.568 0.554 0.568 0.518 0.531 0.552 0.524 0.587 0.509 0.623 0.483 0.642 0.462 0.659 0.478 0.684 0.492 0.685 0.495 0.656 0.5 0.625 0.518 0.605 0.538 0.589 0.568
0 0.757 0.709 0.74 0.709 0.708 0.705 0.682 0.698 0.655 0.686 0.619 0.657 0.605 0.64 0.592 0.616 0.588 0.593 0.588 0.577 0.597 0.55 0.609 0.533 0.623 0.519 0.64 0.508 0.661 0.499 0.683 0.496 0.703 0.491 0.72 0.49 0.738 0.498 0.766 0.506 0.812 0.511 0.829 0.519 0.846 0.53 0.86 0.544 0.87 0.559 0.878 0.586 0.88 0.611 0.875 0.639 0.863 0.665 0.849 0.68 0.822 0.694 0.793 0.704 0.757 0.709
0 0.945 0.583 0.912 0.58 0.873 0.564 0.855 0.539 0.835 0.523 0.821 0.516 0.821 0.511 0.846 0.51 0.867 0.505 0.897 0.495 0.913 0.487 0.932 0.468 0.943 0.433 0.952 0.429 0.964 0.416 0.964 0.402 0.968 0.392 0.992 0.392 1.0 0.394 1.0 0.572 0.97 0.58 0.945 0.583
0 0.256 0.533 0.228 0.517 0.175 0.501 0.176 0.487 0.17 0.467 0.166 0.46 0.165 0.455 0.152 0.438 0.174 0.422 0.189 0.403 0.217 0.416 0.224 0.422 0.226 0.426 0.228 0.452 0.237 0.466 0.252 0.478 0.286 0.492 0.287 0.496 0.267 0.512 0.256 0.533
0 0.0 0.705 0.004 0.709 0.05 0.726 0.072 0.731 0.105 0.734 0.148 0.729 0.139 0.752 0.136 0.771 0.117 0.785 0.091 0.798 0.056 0.808 0.027 0.813 0.0 0.812
0 0.23 0.859 0.208 0.858 0.186 0.851 0.167 0.839 0.154 0.826 0.147 0.815 0.137 0.782 0.136 0.768 0.141 0.745 0.149 0.728 0.188 0.718 0.234 0.695 0.253 0.681 0.276 0.655 0.302 0.656 0.321 0.68 0.35 0.701 0.378 0.713 0.401 0.72 0.409 0.745 0.408 0.761 0.403 0.776 0.391 0.799 0.378 0.815 0.361 0.829 0.341 0.841 0.313 0.851 0.296 0.855 0.25 0.857 0.23 0.859
0 0.53 0.734 0.49 0.73 0.469 0.723 0.463 0.718 0.492 0.707 0.52 0.69 0.537 0.675 0.551 0.656 0.561 0.632 0.562 0.611 0.558 0.587 0.55 0.568 0.59 0.568 0.588 0.587 0.592 0.616 0.612 0.649 0.643 0.679 0.643 0.682 0.623 0.705 0.599 0.72 0.565 0.731 0.552 0.731 0.53 0.734
0 0.914 0.729 0.903 0.729 0.874 0.71 0.826 0.693 0.846 0.681 0.857 0.672 0.87 0.651 0.88 0.611 0.873 0.565 0.904 0.578 0.927 0.582 0.95 0.582 0.979 0.578 0.988 0.585 1.0 0.601 0.999 0.651 0.988 0.68 0.978 0.699 0.967 0.712 0.954 0.719 0.932 0.727 0.914 0.729
0 0.161 0.899 0.143 0.875 0.115 0.86 0.089 0.852 0.074 0.85 0.044 0.848 0.022 0.85 0.017 0.831 0.018 0.813 0.046 0.81 0.089 0.798 0.114 0.786 0.135 0.772 0.143 0.804 0.147 0.815 0.157 0.83 0.166 0.839 0.185 0.851 0.219 0.86 0.212 0.882 0.191 0.891 0.161 0.899
0 0.0 0.856 0.037 0.849 0.069 0.849 0.093 0.854 0.116 0.861 0.133 0.87 0.15 0.883 0.177 0.924 0.183 0.941 0.185 0.957 0.184 0.978 0.176 1.0 0.0 1.0
0 0.352 1.0 0.175 0.999 0.185 0.977 0.223 0.966 0.219 0.959 0.243 0.959 0.264 0.973 0.284 0.98 0.316 0.984 0.351 0.982 0.352 1.0
0 0.33 0.984 0.296 0.982 0.274 0.978 0.256 0.968 0.229 0.948 0.216 0.931 0.212 0.916 0.212 0.887 0.219 0.861 0.25 0.857 0.283 0.857 0.313 0.851 0.341 0.841 0.367 0.826 0.383 0.81 0.398 0.787 0.443 0.787 0.429 0.814 0.426 0.852 0.436 0.883 0.454 0.906 0.448 0.92 0.444 0.924 0.418 0.929 0.402 0.94 0.369 0.979 0.33 0.984
0 0.442 0.787 0.398 0.786 0.407 0.766 0.409 0.75 0.402 0.72 0.439 0.721 0.464 0.718 0.469 0.722 0.49 0.729 0.528 0.735 0.519 0.74 0.491 0.749 0.472 0.759 0.46 0.767 0.442 0.787
0 0.538 0.945 0.521 0.944 0.497 0.936 0.472 0.921 0.45 0.902 0.436 0.883 0.429 0.868 0.426 0.852 0.426 0.833 0.429 0.815 0.437 0.796 0.462 0.765 0.483 0.752 0.507 0.742 0.531 0.734 0.557 0.731 0.585 0.735 0.61 0.742 0.639 0.757 0.654 0.768 0.665 0.784 0.681 0.821 0.687 0.847 0.687 0.864 0.682 0.882 0.672 0.899 0.658 0.915 0.638 0.928 0.612 0.936 0.538 0.945
0 0.835 0.915 0.794 0.913 0.741 0.893 0.706 0.872 0.691 0.855 0.682 0.824 0.669 0.794 0.667 0.77 0.67 0.758 0.683 0.732 0.698 0.713 0.708 0.705 0.742 0.709 0.769 0.708 0.798 0.703 0.825 0.694 0.856 0.703 0.884 0.716 0.907 0.733 0.928 0.759 0.933 0.772 0.941 0.802 0.94 0.836 0.931 0.858 0.916 0.878 0.892 0.898 0.87 0.908 0.835 0.915
0 0.898 0.91 0.874 0.907 0.894 0.897 0.914 0.88 0.931 0.859 0.94 0.836 0.941 0.799 0.931 0.764 0.95 0.774 0.971 0.793 0.98 0.811 0.984 0.827 0.986 0.853 0.975 0.874 0.954 0.894 0.925 0.905 0.898 0.91
0 0.587 0.999 0.364 0.999 0.363 0.996 0.37 0.978 0.402 0.939 0.413 0.931 0.425 0.926 0.44 0.923 0.457 0.923 0.483 0.928 0.507 0.94 0.531 0.945 0.546 0.952 0.56 0.962 0.575 0.977 0.587 0.999
0 0.819 1.0 0.588 1.0 0.569 0.969 0.584 0.941 0.612 0.937 0.634 0.931 0.653 0.919 0.663 0.91 0.672 0.899 0.682 0.882 0.686 0.873 0.688 0.849 0.7 0.867 0.716 0.879 0.74 0.893 0.764 0.901 0.784 0.911 0.812 0.958 0.819 1.0
0 0.887 1.0 0.818 1.0 0.812 0.96 0.784 0.911 0.801 0.915 0.825 0.916 0.845 0.915 0.876 0.907 0.907 0.909 0.909 0.914 0.917 0.92 0.918 0.926 0.918 0.957 0.909 0.978 0.899 0.989 0.887 1.0
0 0.667 0.788 0.654 0.769 0.638 0.756 0.603 0.74 0.566 0.731 0.59 0.724 0.609 0.714 0.628 0.699 0.645 0.68 0.662 0.69 0.695 0.702 0.683 0.722 0.684 0.729 0.669 0.76 0.667 0.788
0 0.275 0.551 0.256 0.535 0.27 0.51 0.288 0.497 0.297 0.519 0.317 0.544 0.317 0.547 0.312 0.55 0.275 0.55
