0 0.588 0.872 0.567 0.869 0.555 0.86 0.54 0.865 0.526 0.865 0.511 0.856 0.495 0.833 0.489 0.82 0.483 0.798 0.483 0.777 0.47 0.773 0.464 0.768 0.459 0.761 0.459 0.756 0.463 0.748 0.465 0.74 0.471 0.75 0.478 0.75 0.475 0.72 0.477 0.692 0.491 0.646 0.503 0.627 0.53 0.595 0.579 0.552 0.589 0.546 0.601 0.544 0.626 0.544 0.638 0.549 0.655 0.564 0.661 0.574 0.665 0.586 0.686 0.587 0.7 0.594 0.708 0.603 0.721 0.626 0.724 0.638 0.726 0.665 0.724 0.692 0.719 0.734 0.712 0.762 0.703 0.783 0.693 0.8 0.676 0.817 0.644 0.834 0.608 0.863 0.588 0.872
0 0.794 0.641 0.786 0.639 0.771 0.624 0.728 0.596 0.723 0.608 0.716 0.617 0.707 0.601 0.694 0.59 0.68 0.586 0.664 0.588 0.66 0.572 0.655 0.564 0.639 0.55 0.625 0.544 0.602 0.544 0.586 0.548 0.541 0.585 0.532 0.571 0.522 0.547 0.525 0.521 0.523 0.507 0.518 0.492 0.528 0.474 0.546 0.462 0.537 0.438 0.537 0.425 0.544 0.405 0.558 0.384 0.575 0.372 0.6 0.366 0.625 0.367 0.652 0.376 0.676 0.39 0.717 0.425 0.742 0.443 0.75 0.451 0.756 0.462 0.76 0.478 0.762 0.491 0.76 0.502 0.751 0.518 0.751 0.536 0.748 0.55 0.735 0.57 0.747 0.581 0.784 0.603 0.796 0.613 0.798 0.624 0.794 0.641
0 0.785 0.557 0.765 0.551 0.756 0.541 0.749 0.545 0.751 0.518 0.759 0.503 0.761 0.492 0.76 0.477 0.756 0.463 0.745 0.446 0.702 0.409 0.71 0.389 0.725 0.366 0.738 0.356 0.752 0.348 0.77 0.349 0.781 0.358 0.787 0.368 0.804 0.362 0.817 0.365 0.833 0.38 0.839 0.389 0.843 0.399 0.848 0.428 0.848 0.441 0.844 0.482 0.842 0.492 0.832 0.516 0.82 0.536 0.811 0.545 0.799 0.553 0.785 0.557
0 0.702 0.41 0.677 0.391 0.644 0.371 0.622 0.365 0.602 0.364 0.596 0.367 0.595 0.364 0.595 0.339 0.592 0.322 0.593 0.312 0.614 0.253 0.622 0.241 0.643 0.231 0.656 0.231 0.668 0.235 0.677 0.244 0.702 0.253 0.709 0.259 0.716 0.272 0.718 0.284 0.724 0.289 0.729 0.297 0.733 0.309 0.733 0.323 0.726 0.36 0.724 0.368 0.708 0.391 0.702 0.41
0 0.436 0.677 0.402 0.673 0.373 0.662 0.348 0.642 0.343 0.634 0.337 0.614 0.337 0.587 0.341 0.576 0.346 0.57 0.341 0.555 0.341 0.539 0.346 0.51 0.353 0.492 0.364 0.483 0.366 0.472 0.37 0.464 0.38 0.454 0.384 0.445 0.393 0.438 0.425 0.442 0.479 0.465 0.512 0.487 0.52 0.497 0.524 0.508 0.524 0.536 0.519 0.553 0.513 0.562 0.518 0.576 0.519 0.589 0.512 0.614 0.497 0.633 0.488 0.652 0.477 0.664 0.46 0.673 0.436 0.677
0 0.257 0.655 0.204 0.653 0.169 0.648 0.155 0.641 0.145 0.627 0.14 0.613 0.14 0.596 0.135 0.584 0.134 0.542 0.137 0.528 0.144 0.515 0.141 0.497 0.142 0.477 0.148 0.44 0.155 0.43 0.168 0.424 0.196 0.419 0.234 0.421 0.27 0.428 0.282 0.434 0.293 0.442 0.312 0.463 0.32 0.477 0.324 0.497 0.317 0.513 0.326 0.519 0.332 0.526 0.34 0.566 0.341 0.575 0.336 0.593 0.338 0.625 0.326 0.638 0.302 0.653 0.292 0.655 0.257 0.655
0 0.326 0.5 0.324 0.499 0.323 0.486 0.317 0.47 0.293 0.442 0.276 0.431 0.248 0.422 0.24 0.383 0.238 0.334 0.252 0.247 0.264 0.217 0.272 0.209 0.28 0.207 0.305 0.204 0.314 0.206 0.325 0.213 0.336 0.227 0.357 0.217 0.372 0.22 0.39 0.238 0.4 0.261 0.406 0.287 0.41 0.344 0.409 0.392 0.396 0.434 0.394 0.438 0.385 0.444 0.38 0.453 0.371 0.463 0.364 0.483 0.352 0.494 0.326 0.5
0 0.238 0.373 0.217 0.357 0.21 0.345 0.205 0.327 0.194 0.314 0.188 0.29 0.186 0.238 0.19 0.193 0.194 0.176 0.199 0.164 0.221 0.14 0.228 0.137 0.238 0.138 0.247 0.134 0.275 0.148 0.285 0.16 0.297 0.161 0.306 0.167 0.319 0.187 0.33 0.219 0.318 0.207 0.306 0.204 0.285 0.206 0.272 0.209 0.262 0.22 0.252 0.246 0.241 0.309 0.238 0.334 0.238 0.373
0 0.515 0.488 0.46 0.456 0.463 0.445 0.455 0.449 0.446 0.448 0.429 0.44 0.421 0.433 0.413 0.433 0.405 0.422 0.404 0.415 0.411 0.393 0.411 0.382 0.414 0.37 0.414 0.352 0.411 0.342 0.409 0.322 0.411 0.293 0.426 0.267 0.44 0.255 0.454 0.238 0.463 0.233 0.471 0.232 0.481 0.235 0.501 0.256 0.536 0.239 0.55 0.239 0.557 0.242 0.568 0.255 0.573 0.265 0.587 0.305 0.592 0.325 0.593 0.351 0.592 0.366 0.565 0.379 0.542 0.404 0.538 0.424 0.537 0.437 0.546 0.462 0.531 0.471 0.519 0.488 0.515 0.488
0 0.41 0.288 0.406 0.287 0.398 0.258 0.385 0.231 0.372 0.22 0.363 0.217 0.352 0.218 0.339 0.226 0.339 0.203 0.34 0.179 0.345 0.153 0.355 0.127 0.372 0.116 0.382 0.117 0.393 0.123 0.406 0.104 0.418 0.102 0.425 0.104 0.441 0.115 0.437 0.137 0.443 0.166 0.457 0.205 0.465 0.22 0.473 0.23 0.455 0.237 0.44 0.255 0.426 0.267 0.414 0.287 0.41 0.288
0 0.526 0.243 0.485 0.235 0.467 0.223 0.456 0.203 0.451 0.184 0.442 0.165 0.439 0.15 0.437 0.13 0.444 0.103 0.451 0.092 0.462 0.085 0.476 0.082 0.491 0.066 0.497 0.056 0.507 0.047 0.535 0.035 0.546 0.033 0.563 0.04 0.574 0.05 0.583 0.07 0.592 0.099 0.595 0.133 0.607 0.128 0.61 0.135 0.602 0.143 0.598 0.143 0.6 0.164 0.598 0.184 0.593 0.196 0.578 0.219 0.559 0.235 0.526 0.243
0 0.591 0.312 0.579 0.287 0.569 0.258 0.559 0.245 0.55 0.239 0.55 0.236 0.566 0.23 0.576 0.22 0.595 0.192 0.599 0.168 0.598 0.146 0.608 0.138 0.61 0.133 0.608 0.128 0.605 0.128 0.595 0.133 0.593 0.129 0.592 0.103 0.6 0.097 0.612 0.096 0.622 0.101 0.639 0.114 0.65 0.137 0.653 0.149 0.654 0.168 0.651 0.226 0.649 0.232 0.63 0.237 0.619 0.247 0.61 0.263 0.596 0.307 0.591 0.31
