0 0.438 0.491 0.414 0.49 0.385 0.484 0.37 0.475 0.34 0.448 0.326 0.427 0.312 0.391 0.304 0.363 0.3 0.331 0.301 0.298 0.309 0.259 0.322 0.226 0.344 0.186 0.365 0.159 0.377 0.149 0.396 0.138 0.425 0.131 0.453 0.133 0.48 0.143 0.506 0.16 0.528 0.184 0.542 0.205 0.552 0.231 0.563 0.292 0.558 0.361 0.549 0.395 0.529 0.401 0.511 0.412 0.469 0.453 0.446 0.487 0.438 0.491
0 0.569 0.759 0.529 0.754 0.486 0.733 0.447 0.693 0.442 0.68 0.437 0.683 0.429 0.677 0.419 0.662 0.416 0.651 0.418 0.614 0.426 0.561 0.443 0.497 0.45 0.482 0.465 0.456 0.49 0.428 0.525 0.403 0.548 0.396 0.572 0.396 0.596 0.402 0.629 0.419 0.646 0.437 0.682 0.498 0.698 0.59 0.696 0.618 0.69 0.653 0.679 0.683 0.669 0.701 0.663 0.707 0.622 0.728 0.593 0.752 0.569 0.759
0 0.508 0.999 0.302 0.999 0.281 0.966 0.28 0.953 0.272 0.935 0.265 0.899 0.262 0.894 0.261 0.869 0.263 0.826 0.269 0.815 0.273 0.794 0.296 0.748 0.319 0.718 0.337 0.703 0.37 0.688 0.401 0.682 0.423 0.683 0.443 0.69 0.455 0.699 0.486 0.733 0.5 0.739 0.509 0.747 0.524 0.773 0.536 0.808 0.542 0.84 0.544 0.885 0.54 0.919 0.534 0.945 0.521 0.978 0.508 0.999
0 0.29 0.74 0.254 0.738 0.237 0.728 0.212 0.697 0.185 0.678 0.177 0.669 0.167 0.645 0.162 0.622 0.163 0.591 0.176 0.523 0.188 0.495 0.218 0.462 0.241 0.445 0.256 0.438 0.303 0.438 0.329 0.445 0.347 0.456 0.375 0.481 0.389 0.5 0.401 0.526 0.408 0.563 0.409 0.609 0.405 0.627 0.397 0.643 0.388 0.683 0.34 0.701 0.29 0.74
0 0.695 0.515 0.685 0.511 0.679 0.491 0.641 0.43 0.619 0.413 0.593 0.401 0.571 0.396 0.568 0.378 0.568 0.349 0.571 0.323 0.58 0.292 0.591 0.268 0.614 0.24 0.627 0.229 0.654 0.213 0.676 0.206 0.706 0.205 0.722 0.211 0.746 0.225 0.767 0.246 0.784 0.273 0.792 0.295 0.798 0.318 0.802 0.358 0.801 0.39 0.795 0.421 0.787 0.445 0.776 0.465 0.771 0.471 0.736 0.49 0.707 0.513 0.695 0.515
0 0.831 0.786 0.811 0.785 0.816 0.783 0.808 0.78 0.808 0.776 0.788 0.757 0.766 0.73 0.765 0.725 0.71 0.702 0.707 0.696 0.692 0.689 0.685 0.672 0.692 0.646 0.698 0.602 0.691 0.538 0.709 0.521 0.73 0.493 0.747 0.484 0.761 0.473 0.774 0.469 0.836 0.469 0.852 0.476 0.881 0.499 0.9 0.523 0.914 0.554 0.921 0.575 0.927 0.62 0.924 0.627 0.926 0.665 0.912 0.694 0.911 0.712 0.908 0.71 0.885 0.746 0.868 0.765 0.851 0.777 0.831 0.786
0 0.178 0.514 0.176 0.487 0.17 0.464 0.144 0.408 0.113 0.374 0.089 0.36 0.065 0.353 0.071 0.319 0.08 0.297 0.091 0.281 0.121 0.257 0.155 0.243 0.159 0.243 0.175 0.257 0.2 0.273 0.224 0.282 0.253 0.287 0.277 0.327 0.284 0.35 0.289 0.384 0.29 0.418 0.286 0.436 0.275 0.437 0.272 0.433 0.249 0.441 0.234 0.449 0.217 0.463 0.191 0.489 0.178 0.514
0 0.052 0.701 0.024 0.694 0.004 0.682 0.002 0.677 0.002 0.36 0.004 0.353 0.024 0.348 0.064 0.353 0.088 0.359 0.102 0.367 0.122 0.382 0.152 0.422 0.169 0.461 0.176 0.494 0.176 0.515 0.171 0.553 0.16 0.608 0.152 0.631 0.113 0.674 0.072 0.697 0.052 0.701
0 0.157 0.993 0.145 0.993 0.121 0.972 0.09 0.958 0.005 0.951 0.001 0.948 0.002 0.804 0.01 0.771 0.017 0.751 0.033 0.731 0.058 0.707 0.101 0.679 0.125 0.671 0.149 0.671 0.177 0.676 0.213 0.7 0.229 0.718 0.244 0.745 0.26 0.801 0.256 0.828 0.257 0.837 0.255 0.843 0.256 0.851 0.252 0.86 0.252 0.878 0.246 0.893 0.209 0.949 0.175 0.981 0.157 0.993
0 0.831 0.996 0.593 0.996 0.582 0.973 0.576 0.948 0.567 0.862 0.568 0.84 0.576 0.802 0.592 0.76 0.609 0.739 0.628 0.724 0.663 0.707 0.686 0.701 0.707 0.702 0.738 0.714 0.763 0.728 0.79 0.751 0.812 0.778 0.83 0.805 0.845 0.836 0.852 0.864 0.855 0.904 0.849 0.951 0.844 0.972 0.831 0.996
0 0.995 0.974 0.942 0.974 0.918 0.952 0.9 0.929 0.884 0.897 0.877 0.871 0.875 0.841 0.877 0.806 0.88 0.791 0.882 0.789 0.89 0.747 0.917 0.689 0.947 0.67 0.967 0.664 0.998 0.661 0.999 0.973 0.995 0.974
0 0.307 0.0 0.342 0.056 0.353 0.116 0.351 0.166 0.349 0.177 0.322 0.224 0.306 0.263 0.279 0.281 0.254 0.286 0.213 0.278 0.171 0.254 0.151 0.232 0.137 0.207 0.127 0.182 0.115 0.133 0.114 0.083 0.119 0.055 0.127 0.03 0.132 0.02 0.149 0.0
0 0.061 0.306 0.042 0.304 0.002 0.29 0.002 0.007 0.126 0.007 0.132 0.017 0.119 0.055 0.114 0.083 0.113 0.107 0.12 0.157 0.136 0.205 0.131 0.23 0.117 0.259 0.093 0.279 0.076 0.302 0.061 0.306
0 0.356 0.168 0.35 0.167 0.353 0.146 0.353 0.116 0.343 0.058 0.311 0.005 0.452 0.005 0.454 0.023 0.452 0.048 0.432 0.13 0.39 0.14 0.369 0.155 0.356 0.168
0 0.566 0.272 0.56 0.261 0.548 0.218 0.527 0.182 0.508 0.162 0.486 0.146 0.465 0.136 0.441 0.131 0.441 0.093 0.451 0.055 0.472 0.025 0.489 0.012 0.532 0.002 0.548 0.002 0.564 0.008 0.585 0.027 0.599 0.046 0.608 0.062 0.618 0.092 0.625 0.133 0.622 0.164 0.601 0.198 0.566 0.272
0 0.791 0.279 0.785 0.279 0.768 0.249 0.745 0.225 0.728 0.214 0.705 0.205 0.669 0.207 0.642 0.219 0.617 0.237 0.601 0.256 0.586 0.278 0.585 0.257 0.59 0.233 0.602 0.198 0.635 0.148 0.666 0.119 0.681 0.112 0.697 0.112 0.721 0.119 0.745 0.132 0.764 0.15 0.779 0.172 0.789 0.197 0.794 0.218 0.795 0.255 0.791 0.279
0 0.915 0.55 0.912 0.549 0.9 0.522 0.888 0.507 0.857 0.48 0.837 0.471 0.815 0.467 0.773 0.47 0.79 0.436 0.799 0.395 0.801 0.359 0.795 0.31 0.798 0.306 0.821 0.292 0.843 0.285 0.892 0.283 0.905 0.288 0.928 0.302 0.948 0.33 0.973 0.412 0.974 0.431 0.971 0.456 0.965 0.479 0.951 0.511 0.934 0.535 0.915 0.55
0 0.971 0.398 0.949 0.331 0.932 0.306 0.904 0.287 0.894 0.284 0.849 0.284 0.85 0.262 0.859 0.215 0.869 0.19 0.884 0.166 0.902 0.148 0.929 0.131 0.943 0.126 0.968 0.122 0.995 0.126 0.995 0.39 0.971 0.39
