0 0.458 0.824 0.438 0.821 0.427 0.815 0.417 0.806 0.407 0.791 0.401 0.776 0.397 0.762 0.395 0.747 0.395 0.73 0.398 0.716 0.412 0.684 0.427 0.667 0.438 0.661 0.449 0.658 0.47 0.661 0.488 0.672 0.496 0.679 0.504 0.689 0.511 0.703 0.516 0.716 0.518 0.731 0.517 0.749 0.515 0.762 0.508 0.78 0.501 0.794 0.493 0.804 0.48 0.815 0.47 0.821 0.458 0.824
0 0.307 0.617 0.293 0.616 0.277 0.604 0.266 0.585 0.264 0.573 0.263 0.559 0.266 0.543 0.276 0.523 0.285 0.512 0.3 0.501 0.308 0.479 0.314 0.473 0.319 0.473 0.326 0.479 0.355 0.524 0.362 0.545 0.363 0.565 0.361 0.577 0.357 0.589 0.345 0.604 0.329 0.614 0.307 0.617
0 0.363 0.476 0.348 0.474 0.332 0.463 0.321 0.447 0.315 0.423 0.315 0.4 0.322 0.378 0.335 0.361 0.343 0.355 0.355 0.351 0.37 0.353 0.388 0.365 0.395 0.374 0.401 0.387 0.405 0.413 0.404 0.433 0.396 0.454 0.383 0.468 0.373 0.474 0.363 0.476
0 0.412 0.658 0.401 0.658 0.391 0.654 0.381 0.646 0.372 0.632 0.368 0.621 0.363 0.6 0.363 0.576 0.365 0.558 0.371 0.536 0.386 0.517 0.408 0.506 0.432 0.507 0.453 0.518 0.465 0.532 0.473 0.553 0.474 0.578 0.471 0.595 0.467 0.609 0.459 0.626 0.452 0.634 0.426 0.654 0.412 0.658
0 0.626 0.794 0.615 0.793 0.605 0.789 0.595 0.781 0.589 0.772 0.574 0.735 0.57 0.717 0.572 0.688 0.58 0.664 0.599 0.643 0.617 0.635 0.628 0.636 0.645 0.642 0.657 0.651 0.669 0.664 0.678 0.677 0.685 0.693 0.689 0.721 0.688 0.736 0.685 0.749 0.679 0.763 0.669 0.776 0.653 0.787 0.626 0.794
0 0.706 0.717 0.689 0.714 0.685 0.692 0.676 0.671 0.665 0.657 0.647 0.643 0.646 0.64 0.647 0.618 0.653 0.599 0.671 0.573 0.688 0.564 0.706 0.565 0.717 0.57 0.727 0.578 0.736 0.592 0.744 0.61 0.749 0.629 0.748 0.662 0.739 0.69 0.726 0.707 0.717 0.713 0.706 0.717
0 0.541 0.732 0.53 0.731 0.519 0.726 0.516 0.713 0.51 0.697 0.501 0.683 0.488 0.672 0.488 0.666 0.494 0.642 0.508 0.62 0.524 0.609 0.548 0.606 0.561 0.611 0.571 0.619 0.58 0.632 0.586 0.652 0.578 0.665 0.572 0.682 0.569 0.697 0.569 0.713 0.559 0.724 0.541 0.732
0 0.515 0.607 0.504 0.607 0.494 0.603 0.484 0.594 0.475 0.581 0.475 0.555 0.467 0.534 0.468 0.515 0.471 0.5 0.476 0.484 0.487 0.468 0.497 0.46 0.511 0.452 0.526 0.451 0.546 0.457 0.556 0.465 0.563 0.474 0.573 0.501 0.575 0.521 0.568 0.554 0.551 0.584 0.545 0.593 0.535 0.601 0.515 0.607
0 0.627 0.608 0.612 0.607 0.596 0.596 0.583 0.578 0.578 0.566 0.575 0.553 0.576 0.53 0.582 0.511 0.597 0.491 0.613 0.482 0.633 0.483 0.649 0.491 0.664 0.512 0.671 0.534 0.67 0.561 0.661 0.585 0.649 0.599 0.627 0.608
0 0.46 0.494 0.444 0.492 0.429 0.484 0.417 0.467 0.41 0.445 0.411 0.423 0.417 0.404 0.429 0.387 0.446 0.378 0.464 0.379 0.48 0.387 0.493 0.404 0.499 0.426 0.499 0.446 0.496 0.46 0.483 0.469 0.476 0.478 0.47 0.491 0.46 0.494
0 0.555 0.456 0.54 0.454 0.524 0.443 0.513 0.427 0.508 0.403 0.509 0.383 0.517 0.362 0.53 0.348 0.547 0.34 0.562 0.342 0.578 0.353 0.589 0.37 0.595 0.393 0.593 0.413 0.585 0.435 0.573 0.449 0.555 0.456
0 0.48 0.38 0.459 0.378 0.452 0.375 0.446 0.366 0.44 0.349 0.44 0.336 0.442 0.326 0.459 0.3 0.471 0.292 0.483 0.293 0.502 0.305 0.511 0.318 0.514 0.33 0.514 0.345 0.51 0.356 0.487 0.377 0.48 0.3
