0 0.198 0.536 0.163 0.534 0.15 0.529 0.134 0.518 0.109 0.485 0.099 0.453 0.095 0.422 0.098 0.396 0.092 0.396 0.089 0.391 0.092 0.387 0.102 0.385 0.102 0.382 0.098 0.382 0.095 0.379 0.095 0.374 0.108 0.354 0.119 0.351 0.132 0.335 0.148 0.324 0.149 0.319 0.155 0.314 0.159 0.315 0.159 0.32 0.179 0.312 0.205 0.309 0.24 0.317 0.243 0.321 0.233 0.319 0.244 0.326 0.263 0.348 0.273 0.367 0.279 0.389 0.282 0.413 0.281 0.436 0.271 0.474 0.262 0.493 0.248 0.513 0.227 0.528 0.214 0.534 0.198 0.536
0 0.404 0.605 0.379 0.603 0.359 0.588 0.347 0.569 0.343 0.557 0.341 0.537 0.341 0.521 0.346 0.502 0.358 0.482 0.376 0.467 0.4 0.46 0.423 0.464 0.438 0.478 0.448 0.495 0.454 0.522 0.453 0.546 0.445 0.57 0.424 0.594 0.404 0.605
0 0.36 0.48 0.35 0.468 0.342 0.449 0.341 0.439 0.339 0.408 0.345 0.387 0.354 0.374 0.373 0.354 0.396 0.348 0.41 0.351 0.425 0.36 0.44 0.381 0.447 0.406 0.447 0.432 0.439 0.46 0.433 0.469 0.43 0.47 0.411 0.46 0.391 0.46 0.378 0.466 0.36 0.48
0 0.362 0.365 0.356 0.364 0.343 0.352 0.33 0.328 0.325 0.304 0.324 0.279 0.331 0.251 0.344 0.226 0.367 0.207 0.379 0.202 0.393 0.201 0.412 0.207 0.432 0.223 0.447 0.25 0.453 0.282 0.453 0.298 0.449 0.317 0.433 0.352 0.425 0.36 0.41 0.351 0.39 0.349 0.375 0.353 0.362 0.365
0 0.374 0.892 0.348 0.887 0.326 0.876 0.308 0.859 0.295 0.839 0.284 0.805 0.281 0.788 0.281 0.77 0.282 0.751 0.287 0.729 0.303 0.691 0.298 0.69 0.296 0.686 0.286 0.691 0.276 0.707 0.276 0.715 0.273 0.713 0.277 0.702 0.29 0.677 0.319 0.671 0.327 0.665 0.323 0.651 0.325 0.646 0.333 0.644 0.336 0.658 0.35 0.647 0.352 0.639 0.36 0.63 0.411 0.63 0.427 0.638 0.442 0.649 0.452 0.662 0.463 0.681 0.471 0.707 0.474 0.73 0.475 0.752 0.472 0.778 0.462 0.816 0.445 0.848 0.399 0.886 0.391 0.89 0.374 0.892
0 0.751 0.818 0.717 0.809 0.687 0.79 0.667 0.764 0.651 0.726 0.646 0.694 0.647 0.676 0.656 0.64 0.662 0.629 0.648 0.63 0.645 0.615 0.646 0.613 0.668 0.613 0.677 0.596 0.698 0.572 0.696 0.566 0.685 0.558 0.687 0.553 0.691 0.554 0.7 0.564 0.709 0.554 0.717 0.554 0.718 0.556 0.717 0.561 0.708 0.562 0.705 0.565 0.706 0.568 0.732 0.554 0.758 0.548 0.785 0.552 0.802 0.56 0.815 0.57 0.833 0.593 0.845 0.618 0.853 0.643 0.857 0.673 0.855 0.708 0.847 0.741 0.834 0.77 0.816 0.793 0.798 0.806 0.778 0.814 0.751 0.818
0 0.684 0.59 0.67 0.582 0.653 0.558 0.647 0.533 0.648 0.503 0.658 0.474 0.676 0.454 0.7 0.442 0.712 0.442 0.722 0.444 0.74 0.456 0.753 0.475 0.762 0.508 0.761 0.54 0.757 0.548 0.728 0.556 0.707 0.568 0.706 0.564 0.71 0.56 0.717 0.561 0.719 0.556 0.717 0.554 0.709 0.554 0.7 0.563 0.69 0.553 0.687 0.552 0.685 0.558 0.695 0.567 0.698 0.572 0.684 0.59
0 0.599 0.562 0.579 0.561 0.555 0.544 0.543 0.524 0.538 0.503 0.539 0.461 0.543 0.443 0.551 0.429 0.559 0.419 0.57 0.411 0.585 0.405 0.61 0.407 0.626 0.419 0.639 0.438 0.648 0.472 0.647 0.501 0.64 0.527 0.629 0.544 0.618 0.554 0.599 0.562
0 0.547 0.433 0.538 0.433 0.52 0.42 0.509 0.403 0.506 0.392 0.506 0.352 0.516 0.327 0.528 0.313 0.55 0.301 0.568 0.302 0.581 0.309 0.598 0.331 0.605 0.355 0.606 0.384 0.599 0.404 0.586 0.404 0.566 0.412 0.556 0.421 0.547 0.433
0 0.682 0.404 0.658 0.402 0.646 0.397 0.636 0.388 0.619 0.367 0.603 0.332 0.6 0.313 0.601 0.294 0.605 0.276 0.611 0.258 0.621 0.242 0.641 0.217 0.639 0.205 0.639 0.198 0.642 0.192 0.649 0.19 0.656 0.206 0.663 0.201 0.666 0.192 0.674 0.186 0.696 0.193 0.705 0.183 0.715 0.182 0.73 0.206 0.745 0.22 0.756 0.237 0.766 0.269 0.767 0.292 0.764 0.313 0.754 0.344 0.738 0.37 0.706 0.398 0.682 0.404
0 0.566 0.265 0.548 0.264 0.534 0.258 0.509 0.234 0.5 0.216 0.492 0.192 0.49 0.174 0.49 0.149 0.494 0.129 0.501 0.111 0.511 0.096 0.53 0.076 0.544 0.069 0.555 0.07 0.563 0.074 0.58 0.073 0.583 0.06 0.586 0.058 0.59 0.065 0.591 0.079 0.597 0.069 0.602 0.067 0.605 0.073 0.604 0.083 0.62 0.1 0.632 0.12 0.638 0.136 0.643 0.158 0.642 0.181 0.636 0.21 0.628 0.226 0.619 0.238 0.602 0.254 0.58 0.263 0.566 0.26
