0 0.234 0.58 0.214 0.576 0.212 0.572 0.208 0.573 0.207 0.571 0.21 0.568 0.18 0.552 0.176 0.543 0.175 0.53 0.166 0.508 0.168 0.487 0.166 0.477 0.162 0.469 0.166 0.456 0.173 0.442 0.189 0.43 0.192 0.422 0.199 0.425 0.204 0.421 0.206 0.413 0.212 0.413 0.212 0.418 0.226 0.415 0.249 0.419 0.262 0.425 0.271 0.433 0.288 0.463 0.29 0.5 0.297 0.504 0.3 0.514 0.3 0.523 0.297 0.53 0.278 0.543 0.277 0.56 0.261 0.557 0.26 0.553 0.257 0.56 0.251 0.56 0.243 0.567 0.242 0.57 0.239 0.569 0.232 0.575 0.226 0.573 0.226 0.576 0.234 0.577 0.234 0.58
0 0.274 0.437 0.26 0.425 0.242 0.418 0.23 0.417 0.218 0.39 0.217 0.358 0.222 0.34 0.232 0.322 0.246 0.311 0.26 0.307 0.274 0.307 0.294 0.316 0.312 0.338 0.321 0.367 0.318 0.392 0.313 0.406 0.305 0.42 0.294 0.429 0.274 0.437
0 0.224 0.335 0.217 0.329 0.206 0.312 0.207 0.308 0.203 0.294 0.201 0.279 0.206 0.254 0.199 0.243 0.206 0.233 0.211 0.217 0.211 0.211 0.205 0.21 0.209 0.208 0.214 0.21 0.213 0.221 0.218 0.231 0.232 0.221 0.254 0.216 0.266 0.22 0.274 0.225 0.295 0.253 0.3 0.274 0.3 0.293 0.295 0.31 0.295 0.315 0.283 0.313 0.282 0.31 0.274 0.307 0.252 0.309 0.237 0.317 0.224 0.335
0 0.378 0.346 0.362 0.344 0.347 0.334 0.334 0.316 0.326 0.295 0.329 0.265 0.335 0.249 0.35 0.227 0.364 0.221 0.381 0.222 0.398 0.233 0.413 0.256 0.418 0.274 0.418 0.304 0.409 0.324 0.391 0.342 0.378 0.346
0 0.499 0.361 0.489 0.343 0.478 0.333 0.464 0.325 0.451 0.322 0.443 0.299 0.443 0.283 0.451 0.251 0.458 0.242 0.462 0.228 0.478 0.215 0.511 0.221 0.533 0.237 0.545 0.228 0.555 0.253 0.548 0.309 0.544 0.325 0.543 0.342 0.539 0.347 0.532 0.346 0.528 0.351 0.512 0.359 0.499 0.361
0 0.441 0.464 0.411 0.446 0.406 0.436 0.403 0.442 0.402 0.453 0.399 0.455 0.395 0.451 0.388 0.44 0.389 0.434 0.395 0.427 0.38 0.428 0.375 0.422 0.374 0.417 0.38 0.412 0.384 0.415 0.395 0.412 0.394 0.383 0.396 0.368 0.399 0.358 0.414 0.336 0.431 0.323 0.449 0.318 0.476 0.33 0.49 0.344 0.504 0.373 0.507 0.385 0.508 0.407 0.506 0.419 0.507 0.418 0.508 0.421 0.505 0.424 0.501 0.42 0.496 0.406 0.491 0.403 0.461 0.415 0.454 0.421 0.458 0.434 0.462 0.441 0.441 0.464
0 0.606 0.444 0.582 0.441 0.565 0.428 0.551 0.408 0.544 0.391 0.541 0.37 0.542 0.351 0.559 0.311 0.576 0.295 0.595 0.29 0.62 0.293 0.641 0.306 0.65 0.316 0.662 0.337 0.667 0.365 0.665 0.382 0.66 0.399 0.655 0.411 0.646 0.422 0.628 0.438 0.618 0.443 0.606 0.444
0 0.699 0.617 0.677 0.613 0.677 0.604 0.649 0.589 0.635 0.577 0.626 0.559 0.622 0.542 0.619 0.522 0.623 0.497 0.642 0.46 0.654 0.448 0.677 0.441 0.697 0.44 0.713 0.443 0.74 0.456 0.762 0.482 0.775 0.516 0.777 0.54 0.774 0.554 0.757 0.586 0.744 0.599 0.728 0.607 0.704 0.611 0.702 0.615 0.699 0.617
0 0.682 0.361 0.665 0.36 0.663 0.345 0.657 0.328 0.643 0.31 0.63 0.301 0.629 0.298 0.622 0.296 0.624 0.294 0.624 0.281 0.61 0.263 0.611 0.256 0.615 0.244 0.621 0.249 0.624 0.259 0.629 0.255 0.633 0.245 0.667 0.231 0.695 0.232 0.702 0.237 0.703 0.243 0.701 0.245 0.713 0.26 0.724 0.279 0.729 0.281 0.73 0.288 0.726 0.292 0.731 0.299 0.733 0.311 0.731 0.331 0.715 0.352 0.697 0.352 0.688 0.356 0.682 0.361
0 0.757 0.473 0.746 0.461 0.72 0.446 0.695 0.442 0.662 0.443 0.657 0.437 0.652 0.431 0.653 0.419 0.656 0.412 0.665 0.399 0.667 0.382 0.676 0.363 0.691 0.353 0.713 0.352 0.721 0.347 0.726 0.347 0.737 0.351 0.75 0.366 0.759 0.374 0.773 0.395 0.777 0.405 0.778 0.414 0.778 0.439 0.777 0.443 0.765 0.458 0.757 0.473
0 0.504 0.606 0.477 0.605 0.465 0.602 0.458 0.597 0.444 0.591 0.426 0.565 0.422 0.554 0.42 0.538 0.42 0.515 0.429 0.485 0.438 0.466 0.459 0.443 0.453 0.421 0.471 0.407 0.488 0.401 0.492 0.402 0.497 0.409 0.506 0.427 0.536 0.439 0.546 0.451 0.556 0.447 0.56 0.449 0.577 0.476 0.573 0.48 0.564 0.483 0.571 0.497 0.568 0.537 0.562 0.556 0.552 0.576 0.534 0.593 0.514 0.597 0.504 0.60
