0 0.356 0.609 0.309 0.601 0.285 0.573 0.281 0.559 0.281 0.528 0.288 0.507 0.325 0.469 0.374 0.476 0.4 0.509 0.401 0.56 0.384 0.586 0.356 0.609
0 0.48 0.525 0.43 0.52 0.395 0.484 0.388 0.457 0.391 0.426 0.422 0.387 0.477 0.383 0.514 0.426 0.518 0.463 0.513 0.485 0.48 0.525
0 0.351 0.761 0.303 0.752 0.275 0.706 0.286 0.657 0.309 0.629 0.329 0.619 0.356 0.618 0.38 0.632 0.399 0.658 0.405 0.679 0.401 0.712 0.392 0.729 0.373 0.75 0.351 0.761
0 0.462 0.818 0.432 0.817 0.414 0.809 0.395 0.787 0.382 0.752 0.383 0.737 0.404 0.703 0.443 0.678 0.464 0.677 0.493 0.692 0.515 0.744 0.512 0.77 0.501 0.793 0.483 0.811 0.462 0.818
0 0.58 0.768 0.531 0.759 0.502 0.726 0.496 0.709 0.495 0.679 0.502 0.655 0.522 0.629 0.546 0.613 0.575 0.612 0.594 0.619 0.622 0.662 0.617 0.732 0.58 0.768
0 0.681 0.673 0.639 0.669 0.621 0.656 0.598 0.626 0.596 0.583 0.602 0.569 0.638 0.533 0.676 0.529 0.691 0.535 0.728 0.575 0.729 0.607 0.719 0.639 0.704 0.658 0.681 0.673
0 0.596 0.603 0.569 0.597 0.544 0.574 0.534 0.553 0.534 0.517 0.557 0.477 0.574 0.466 0.607 0.459 0.632 0.47 0.649 0.486 0.661 0.528 0.64 0.534 0.61 0.558 0.596 0.603
0 0.51 0.397 0.49 0.396 0.47 0.385 0.428 0.328 0.428 0.296 0.435 0.279 0.47 0.243 0.49 0.239 0.53 0.252 0.563 0.294 0.565 0.34 0.555 0.365 0.535 0.387 0.51 0.397
0 0.786 0.576 0.742 0.57 0.722 0.551 0.71 0.523 0.713 0.48 0.72 0.466 0.74 0.443 0.769 0.43 0.79 0.429 0.814 0.439 0.832 0.458 0.843 0.485 0.843 0.516 0.831 0.544 0.808 0.568 0.786 0.576
0 0.649 0.396 0.602 0.388 0.572 0.349 0.572 0.297 0.592 0.268 0.613 0.253 0.654 0.253 0.68 0.277 0.692 0.298 0.692 0.357 0.677 0.377 0.649 0.396
0 0.664 0.256 0.612 0.252 0.588 0.214 0.595 0.158 0.621 0.124 0.669 0.127 0.698 0.16 0.698 0.227 0.664 0.256
0 0.333 0.279 0.304 0.279 0.28 0.271 0.265 0.256 0.249 0.225 0.254 0.183 0.271 0.157 0.295 0.138 0.326 0.136 0.352 0.144 0.382 0.186 0.383 0.224 0.375 0.247 0.356 0.268 0.333 0.279
0 0.344 0.44 0.322 0.439 0.297 0.429 0.268 0.385 0.277 0.336 0.3 0.308 0.329 0.293 0.346 0.293 0.376 0.308 0.398 0.347 0.397 0.381 0.386 0.409 0.367 0.43 0.344 0.44
0 0.648 0.0 0.662 0.023 0.658 0.062 0.63 0.099 0.615 0.102 0.571 0.098 0.545 0.069 0.542 0.026 0.561 0.0
0 0.877 0.0 0.899 0.034 0.897 0.087 0.88 0.117 0.849 0.132 0.806 0.124 0.774 0.097 0.765 0.073 0.766 0.038 0.786 0.0
0 0.118 0.603 0.065 0.597 0.044 0.581 0.022 0.55 0.026 0.495 0.069 0.451 0.096 0.448 0.125 0.456 0.156 0.492 0.161 0.511 0.16 0.554 0.147 0.579 0.118 0.603
0 0.925 0.389 0.886 0.384 0.849 0.32 0.852 0.292 0.866 0.263 0.908 0.241 0.945 0.248 0.963 0.268 0.97 0.29 0.968 0.344 0.925 0.389
0 0.838 0.451 0.824 0.451 0.786 0.43 0.774 0.433 0.757 0.4 0.755 0.365 0.761 0.349 0.776 0.324 0.799 0.309 0.84 0.311 0.857 0.325 0.877 0.362 0.883 0.389 0.88 0.416 0.865 0.436 0.838 0.45
