0 0.744 0.462 0.725 0.462 0.694 0.448 0.681 0.43 0.667 0.394 0.661 0.354 0.66 0.331 0.666 0.3 0.679 0.273 0.686 0.245 0.697 0.226 0.717 0.206 0.751 0.19 0.783 0.185 0.794 0.186 0.805 0.193 0.828 0.188 0.853 0.203 0.859 0.219 0.86 0.243 0.856 0.272 0.847 0.304 0.849 0.328 0.849 0.359 0.843 0.381 0.822 0.409 0.796 0.422 0.776 0.447 0.744 0.462
0 0.122 0.41 0.105 0.41 0.1 0.403 0.092 0.404 0.087 0.396 0.083 0.374 0.081 0.344 0.065 0.307 0.061 0.287 0.061 0.264 0.066 0.24 0.073 0.223 0.09 0.195 0.132 0.156 0.161 0.122 0.185 0.111 0.201 0.113 0.215 0.121 0.225 0.138 0.232 0.171 0.252 0.193 0.266 0.224 0.269 0.252 0.264 0.275 0.252 0.297 0.243 0.301 0.231 0.299 0.194 0.337 0.181 0.357 0.17 0.367 0.161 0.386 0.155 0.394 0.137 0.405 0.122 0.41
0 0.155 0.928 0.142 0.925 0.117 0.905 0.096 0.881 0.076 0.845 0.068 0.808 0.064 0.764 0.07 0.726 0.075 0.713 0.082 0.702 0.102 0.692 0.122 0.689 0.135 0.691 0.148 0.687 0.176 0.695 0.187 0.703 0.199 0.716 0.215 0.759 0.225 0.799 0.218 0.867 0.21 0.884 0.195 0.903 0.176 0.914 0.168 0.922 0.155 0.928
0 0.428 0.318 0.413 0.314 0.401 0.317 0.36 0.281 0.33 0.248 0.312 0.202 0.304 0.174 0.311 0.122 0.318 0.099 0.324 0.07 0.341 0.037 0.349 0.027 0.371 0.014 0.382 0.011 0.412 0.015 0.424 0.022 0.431 0.029 0.443 0.053 0.463 0.078 0.482 0.115 0.495 0.153 0.498 0.171 0.498 0.193 0.495 0.211 0.49 0.226 0.479 0.243 0.455 0.253 0.445 0.303 0.437 0.314 0.428 0.318
0 0.537 0.97 0.517 0.97 0.474 0.962 0.437 0.946 0.415 0.929 0.402 0.911 0.396 0.896 0.376 0.875 0.368 0.852 0.367 0.833 0.362 0.805 0.363 0.793 0.369 0.775 0.382 0.765 0.395 0.745 0.396 0.716 0.402 0.696 0.408 0.692 0.42 0.697 0.433 0.694 0.448 0.685 0.461 0.671 0.468 0.67 0.477 0.672 0.502 0.689 0.552 0.695 0.562 0.703 0.569 0.713 0.574 0.729 0.58 0.762 0.577 0.799 0.586 0.815 0.59 0.816 0.591 0.821 0.586 0.832 0.579 0.833 0.582 0.851 0.58 0.898 0.574 0.928 0.566 0.945 0.553 0.962 0.537 0.97
0 0.716 0.0 0.717 0.07 0.715 0.109 0.717 0.158 0.714 0.202 0.711 0.212 0.694 0.229 0.684 0.248 0.681 0.262 0.682 0.273 0.673 0.284 0.669 0.295 0.651 0.271 0.647 0.254 0.644 0.266 0.635 0.273 0.627 0.275 0.618 0.269 0.608 0.252 0.596 0.221 0.59 0.19 0.587 0.156 0.597 0.088 0.599 0.033 0.602 0.0
0 0.641 0.762 0.624 0.755 0.613 0.76 0.603 0.758 0.59 0.746 0.576 0.71 0.567 0.701 0.559 0.686 0.552 0.657 0.552 0.635 0.554 0.618 0.551 0.605 0.551 0.583 0.563 0.517 0.585 0.478 0.607 0.461 0.628 0.463 0.642 0.478 0.663 0.471 0.684 0.481 0.703 0.512 0.709 0.533 0.712 0.558 0.711 0.583 0.707 0.604 0.709 0.636 0.701 0.669 0.665 0.743 0.65 0.758 0.641 0.762
0 0.427 0.699 0.416 0.699 0.408 0.693 0.39 0.696 0.378 0.686 0.364 0.66 0.357 0.636 0.343 0.555 0.343 0.468 0.347 0.432 0.355 0.398 0.365 0.369 0.376 0.346 0.408 0.314 0.417 0.314 0.428 0.321 0.438 0.333 0.447 0.353 0.464 0.344 0.474 0.344 0.485 0.349 0.497 0.366 0.505 0.401 0.506 0.444 0.504 0.47 0.506 0.514 0.511 0.528 0.514 0.552 0.511 0.583 0.505 0.606 0.499 0.618 0.483 0.631 0.474 0.651 0.45 0.686 0.427 0.699
0 0.253 0.525 0.236 0.524 0.219 0.518 0.188 0.49 0.181 0.473 0.177 0.449 0.164 0.42 0.16 0.408 0.16 0.396 0.164 0.383 0.175 0.359 0.199 0.323 0.209 0.313 0.231 0.301 0.281 0.301 0.304 0.308 0.324 0.319 0.339 0.333 0.347 0.348 0.35 0.366 0.346 0.405 0.347 0.431 0.343 0.468 0.316 0.518 0.3 0.524 0.253 0.525
0 0.185 0.0 0.189 0.056 0.181 0.095 0.174 0.115 0.155 0.128 0.13 0.16 0.107 0.175 0.099 0.17 0.086 0.14 0.055 0.133 0.04 0.116 0.03 0.097 0.025 0.083 0.022 0.059 0.021 0.03 0.025 0.0
0 0.263 0.0 0.27 0.021 0.272 0.044 0.266 0.102 0.238 0.172 0.231 0.167 0.225 0.137 0.214 0.12 0.196 0.111 0.173 0.114 0.181 0.092 0.187 0.061 0.187 0.039 0.184 0.0
0 0.798 0.0 0.806 0.047 0.809 0.085 0.806 0.15 0.801 0.19 0.782 0.187 0.745 0.193 0.712 0.212 0.716 0.171 0.713 0.068 0.714 0.0
0 1.0 0.0 1.0 0.057 0.958 0.122 0.944 0.141 0.915 0.163 0.875 0.183 0.856 0.182 0.843 0.178 0.829 0.169 0.805 0.146 0.808 0.126 0.808 0.073 0.797 0.0
0 0.538 0.0 0.538 0.032 0.544 0.042 0.551 0.06 0.555 0.086 0.536 0.122 0.526 0.125 0.513 0.146 0.502 0.148 0.494 0.144 0.465 0.078 0.441 0.044 0.439 0.022 0.444 0.0
0 0.874 0.608 0.819 0.594 0.802 0.585 0.784 0.568 0.77 0.546 0.759 0.516 0.755 0.489 0.757 0.46 0.778 0.447 0.798 0.426 0.832 0.4 0.843 0.383 0.85 0.364 0.861 0.368 0.888 0.391 0.91 0.415 0.92 0.432 0.925 0.445 0.926 0.463 0.924 0.479 0.916 0.501 0.919 0.51 0.93 0.512 0.936 0.505 0.939 0.495 0.939 0.479 0.932 0.463 0.934 0.455 0.943 0.453 0.95 0.457 0.956 0.479 0.955 0.505 0.951 0.52 0.942 0.533 0.93 0.543 0.922 0.546 0.908 0.54 0.897 0.578 0.884 0.602 0.874 0.608
0 0.996 0.508 0.993 0.497 0.982 0.48 0.965 0.463 0.951 0.432 0.935 0.416 0.931 0.406 0.922 0.366 0.925 0.318 0.917 0.294 0.916 0.283 0.922 0.254 0.94 0.221 0.958 0.203 0.986 0.183 0.999 0.168 1.0 0.491 0.999 0.506 0.996 0.508
0 0.506 0.455 0.503 0.454 0.503 0.448 0.505 0.423 0.505 0.402 0.493 0.365 0.471 0.346 0.448 0.351 0.43 0.321 0.446 0.301 0.454 0.256 0.458 0.251 0.481 0.243 0.491 0.224 0.499 0.195 0.516 0.201 0.526 0.21 0.533 0.222 0.54 0.244 0.556 0.265 0.562 0.282 0.565 0.31 0.577 0.338 0.579 0.351 0.578 0.365 0.568 0.375 0.562 0.404 0.555 0.421 0.547 0.43 0.526 0.439 0.514 0.451 0.506 0.455
0 0.838 0.818 0.805 0.811 0.778 0.792 0.763 0.775 0.742 0.74 0.714 0.704 0.713 0.675 0.724 0.633 0.725 0.621 0.719 0.594 0.718 0.553 0.729 0.526 0.734 0.526 0.739 0.531 0.729 0.564 0.729 0.579 0.736 0.595 0.756 0.558 0.772 0.551 0.79 0.574 0.806 0.587 0.85 0.601 0.87 0.627 0.881 0.647 0.885 0.666 0.886 0.682 0.88 0.721 0.881 0.744 0.877 0.771 0.863 0.8 0.838 0.818
0 0.953 0.678 0.946 0.673 0.941 0.664 0.951 0.646 0.93 0.6 0.926 0.582 0.924 0.552 0.925 0.546 0.936 0.54 0.947 0.528 0.954 0.51 0.957 0.49 0.956 0.474 0.951 0.458 0.942 0.449 0.948 0.433 0.994 0.499 0.998 0.513 1.0 0.527 1.0 0.661 0.982 0.663 0.973 0.659 0.962 0.672 0.953 0.678
0 0.734 0.929 0.728 0.927 0.724 0.919 0.726 0.91 0.735 0.898 0.738 0.885 0.726 0.881 0.71 0.882 0.691 0.872 0.688 0.867 0.686 0.859 0.692 0.851 0.694 0.836 0.685 0.788 0.668 0.74 0.672 0.727 0.7 0.67 0.711 0.63 0.717 0.633 0.719 0.638 0.722 0.635 0.713 0.672 0.713 0.688 0.717 0.702 0.776 0.789 0.769 0.835 0.76 0.857 0.76 0.875 0.757 0.895 0.744 0.922 0.734 0.929
0 0.562 0.967 0.558 0.958 0.572 0.934 0.58 0.903 0.583 0.852 0.58 0.834 0.586 0.832 0.591 0.821 0.59 0.817 0.586 0.815 0.577 0.8 0.58 0.76 0.614 0.759 0.624 0.755 0.642 0.76 0.651 0.756 0.666 0.743 0.67 0.746 0.677 0.761 0.685 0.788 0.691 0.825 0.694 0.836 0.692 0.851 0.686 0.859 0.689 0.884 0.685 0.909 0.671 0.932 0.649 0.946 0.599 0.963 0.562 0.967
0 0.87 0.984 0.85 0.984 0.831 0.927 0.821 0.91 0.812 0.901 0.795 0.892 0.786 0.891 0.777 0.897 0.77 0.906 0.767 0.879 0.768 0.852 0.774 0.798 0.777 0.791 0.804 0.809 0.823 0.814 0.846 0.813 0.861 0.8 0.877 0.769 0.88 0.743 0.88 0.722 0.883 0.71 0.908 0.742 0.938 0.796 0.947 0.823 0.948 0.858 0.934 0.885 0.926 0.891 0.916 0.891 0.917 0.925 0.909 0.95 0.893 0.968 0.87 0.984
0 0.849 0.998 0.694 0.998 0.691 0.968 0.694 0.947 0.703 0.919 0.711 0.904 0.722 0.893 0.738 0.888 0.736 0.897 0.728 0.906 0.725 0.914 0.727 0.925 0.734 0.93 0.749 0.913 0.758 0.887 0.758 0.893 0.767 0.902 0.77 0.909 0.779 0.894 0.791 0.891 0.813 0.901 0.829 0.922 0.842 0.957 0.852 0.996 0.849 0.998
0 0.718 0.569 0.712 0.569 0.708 0.531 0.702 0.512 0.691 0.491 0.682 0.48 0.671 0.474 0.641 0.475 0.619 0.446 0.609 0.416 0.606 0.396 0.606 0.38 0.615 0.329 0.623 0.309 0.647 0.275 0.66 0.282 0.667 0.294 0.66 0.333 0.66 0.36 0.668 0.397 0.686 0.44 0.701 0.456 0.73 0.464 0.742 0.461 0.747 0.468 0.75 0.492 0.745 0.517 0.741 0.524 0.735 0.522 0.728 0.53 0.719 0.554 0.718 0.569
0 0.309 0.818 0.292 0.817 0.281 0.809 0.27 0.808 0.26 0.797 0.26 0.747 0.263 0.735 0.272 0.721 0.258 0.707 0.254 0.695 0.253 0.668 0.256 0.629 0.261 0.607 0.271 0.586 0.303 0.551 0.315 0.545 0.339 0.547 0.342 0.55 0.354 0.622 0.362 0.655 0.381 0.688 0.4 0.696 0.395 0.722 0.395 0.744 0.383 0.764 0.369 0.775 0.364 0.788 0.36 0.807 0.333 0.807 0.309 0.818
0 0.328 0.999 0.228 0.997 0.23 0.977 0.22 0.862 0.225 0.807 0.228 0.795 0.234 0.782 0.256 0.769 0.266 0.795 0.276 0.808 0.301 0.819 0.315 0.816 0.322 0.826 0.325 0.844 0.341 0.888 0.345 0.91 0.346 0.928 0.34 0.961 0.328 0.999
0 0.0 0.138 0.01 0.129 0.052 0.132 0.059 0.14 0.06 0.147 0.07 0.172 0.077 0.172 0.093 0.154 0.106 0.176 0.083 0.205 0.07 0.228 0.065 0.243 0.061 0.278 0.068 0.325 0.063 0.34 0.04 0.369 0.0 0.404
0 0.0 0.407 0.024 0.383 0.039 0.372 0.052 0.37 0.068 0.373 0.08 0.384 0.089 0.401 0.099 0.407 0.117 0.408 0.117 0.415 0.108 0.438 0.108 0.45 0.11 0.46 0.128 0.483 0.147 0.493 0.142 0.514 0.145 0.533 0.141 0.551 0.128 0.569 0.113 0.575 0.109 0.6 0.096 0.622 0.079 0.627 0.053 0.627 0.0 0.606
0 0.0 0.64 0.027 0.652 0.037 0.663 0.05 0.699 0.054 0.729 0.053 0.745 0.043 0.799 0.037 0.848 0.022 0.885 0.01 0.902 0.0 0.906
0 0.231 0.742 0.212 0.736 0.195 0.71 0.176 0.691 0.16 0.662 0.146 0.612 0.145 0.585 0.15 0.559 0.157 0.542 0.172 0.521 0.187 0.492 0.211 0.513 0.228 0.523 0.244 0.526 0.294 0.524 0.297 0.526 0.3 0.533 0.301 0.553 0.27 0.587 0.258 0.617 0.252 0.68 0.255 0.699 0.262 0.714 0.231 0.74
