0 0.289 0.693 0.269 0.69 0.246 0.675 0.232 0.654 0.226 0.636 0.223 0.619 0.225 0.593 0.234 0.569 0.253 0.545 0.264 0.538 0.277 0.534 0.29 0.534 0.308 0.54 0.326 0.553 0.334 0.564 0.342 0.58 0.348 0.611 0.346 0.637 0.336 0.661 0.321 0.678 0.302 0.689 0.289 0.693
0 0.411 0.678 0.384 0.678 0.371 0.674 0.356 0.662 0.345 0.645 0.348 0.606 0.342 0.578 0.348 0.565 0.362 0.546 0.379 0.533 0.405 0.53 0.431 0.538 0.443 0.548 0.451 0.559 0.46 0.581 0.458 0.61 0.459 0.63 0.454 0.641 0.435 0.666 0.424 0.674 0.411 0.678
0 0.551 0.729 0.526 0.726 0.506 0.716 0.493 0.706 0.484 0.694 0.473 0.675 0.463 0.65 0.458 0.632 0.459 0.567 0.465 0.539 0.478 0.519 0.497 0.501 0.518 0.49 0.56 0.487 0.573 0.49 0.585 0.497 0.6 0.509 0.611 0.524 0.619 0.542 0.625 0.565 0.625 0.619 0.612 0.665 0.605 0.685 0.593 0.702 0.581 0.715 0.567 0.724 0.551 0.729
0 0.691 0.586 0.673 0.585 0.659 0.579 0.646 0.568 0.63 0.548 0.622 0.533 0.616 0.513 0.613 0.496 0.614 0.472 0.621 0.448 0.637 0.414 0.661 0.382 0.675 0.372 0.691 0.368 0.728 0.372 0.75 0.385 0.764 0.4 0.772 0.416 0.787 0.474 0.787 0.507 0.777 0.537 0.759 0.562 0.737 0.576 0.691 0.586
0 0.635 0.417 0.623 0.416 0.605 0.407 0.588 0.391 0.573 0.37 0.564 0.339 0.561 0.31 0.562 0.286 0.566 0.268 0.577 0.242 0.595 0.218 0.604 0.212 0.618 0.206 0.619 0.201 0.623 0.198 0.628 0.198 0.631 0.203 0.658 0.2 0.66 0.192 0.668 0.19 0.675 0.197 0.677 0.206 0.691 0.21 0.705 0.22 0.723 0.244 0.732 0.275 0.734 0.296 0.733 0.32 0.726 0.344 0.712 0.368 0.693 0.366 0.672 0.374 0.656 0.387 0.635 0.417
0 0.534 0.466 0.521 0.466 0.507 0.458 0.506 0.443 0.497 0.407 0.486 0.39 0.475 0.38 0.48 0.355 0.495 0.332 0.511 0.316 0.528 0.309 0.541 0.31 0.549 0.313 0.563 0.325 0.564 0.342 0.568 0.355 0.58 0.378 0.592 0.394 0.587 0.415 0.57 0.439 0.55 0.459 0.534 0.466
0 0.45 0.553 0.436 0.542 0.422 0.536 0.39 0.528 0.38 0.512 0.373 0.49 0.369 0.445 0.374 0.419 0.389 0.392 0.401 0.381 0.413 0.374 0.448 0.371 0.468 0.378 0.481 0.388 0.493 0.403 0.501 0.419 0.506 0.435 0.508 0.468 0.499 0.5 0.48 0.516 0.47 0.531 0.464 0.546 0.45 0.553
0 0.292 0.45 0.271 0.446 0.25 0.427 0.238 0.41 0.232 0.384 0.232 0.368 0.236 0.349 0.246 0.328 0.263 0.313 0.284 0.305 0.296 0.306 0.314 0.312 0.329 0.326 0.34 0.348 0.344 0.376 0.341 0.404 0.331 0.425 0.32 0.438 0.31 0.446 0.292 0.45
0 0.407 0.377 0.399 0.369 0.391 0.356 0.384 0.326 0.387 0.298 0.397 0.277 0.418 0.258 0.439 0.254 0.459 0.262 0.478 0.278 0.489 0.301 0.492 0.329 0.491 0.337 0.482 0.35 0.477 0.368 0.469 0.376 0.448 0.37 0.431 0.37 0.407 0.377
0 0.545 0.28 0.514 0.275 0.49 0.262 0.477 0.247 0.469 0.232 0.464 0.216 0.462 0.198 0.464 0.167 0.475 0.127 0.483 0.109 0.494 0.094 0.507 0.084 0.534 0.075 0.558 0.078 0.57 0.085 0.582 0.096 0.59 0.108 0.598 0.125 0.605 0.166 0.603 0.211 0.59 0.222 0.582 0.234 0.572 0.254 0.566 0.272 0.545 0.28
0 0.356 0.33 0.33 0.326 0.314 0.312 0.29 0.305 0.27 0.265 0.261 0.239 0.259 0.207 0.261 0.19 0.266 0.174 0.288 0.138 0.3 0.128 0.312 0.121 0.325 0.118 0.346 0.117 0.359 0.12 0.371 0.127 0.393 0.148 0.408 0.168 0.416 0.183 0.424 0.208 0.426 0.225 0.424 0.255 0.412 0.261 0.394 0.281 0.385 0.304 0.384 0.326 0.356 0.3
