0 0.091 0.998 0.081 0.997 0.074 0.752 0.076 0.743 0.1 0.738 0.123 0.75 0.126 0.758 0.129 0.777 0.129 0.885 0.11 0.954 0.091 0.998
0 0.171 0.975 0.157 0.973 0.142 0.963 0.118 0.932 0.13 0.873 0.133 0.845 0.132 0.793 0.122 0.747 0.132 0.727 0.142 0.721 0.165 0.721 0.203 0.749 0.188 0.788 0.186 0.815 0.186 0.842 0.194 0.887 0.214 0.949 0.195 0.967 0.171 0.975
0 0.268 0.983 0.245 0.978 0.222 0.958 0.208 0.931 0.192 0.88 0.187 0.844 0.187 0.796 0.195 0.766 0.213 0.74 0.234 0.735 0.268 0.753 0.262 0.786 0.26 0.836 0.285 0.86 0.309 0.868 0.31 0.923 0.305 0.942 0.289 0.971 0.268 0.983
0 0.312 0.867 0.287 0.862 0.26 0.837 0.261 0.791 0.264 0.766 0.278 0.726 0.294 0.699 0.327 0.663 0.342 0.653 0.354 0.65 0.374 0.702 0.403 0.749 0.402 0.765 0.386 0.777 0.373 0.792 0.361 0.819 0.353 0.848 0.337 0.859 0.316 0.863 0.312 0.867
0 0.36 0.977 0.336 0.972 0.323 0.959 0.316 0.946 0.309 0.917 0.31 0.868 0.352 0.853 0.351 0.887 0.353 0.909 0.362 0.94 0.375 0.972 0.36 0.977
0 0.454 0.999 0.402 0.999 0.382 0.98 0.363 0.945 0.353 0.908 0.352 0.866 0.36 0.821 0.377 0.788 0.397 0.769 0.419 0.763 0.457 0.773 0.469 0.781 0.48 0.796 0.489 0.831 0.499 0.859 0.503 0.885 0.501 0.911 0.496 0.936 0.488 0.957 0.471 0.985 0.454 0.999
0 0.553 0.887 0.538 0.887 0.522 0.88 0.505 0.865 0.491 0.838 0.483 0.808 0.479 0.779 0.475 0.728 0.482 0.66 0.487 0.639 0.495 0.622 0.514 0.601 0.541 0.599 0.567 0.624 0.581 0.655 0.594 0.711 0.598 0.77 0.596 0.802 0.593 0.824 0.585 0.851 0.575 0.87 0.564 0.882 0.553 0.887
0 0.435 0.767 0.413 0.758 0.39 0.731 0.367 0.686 0.354 0.651 0.348 0.625 0.343 0.586 0.344 0.538 0.351 0.501 0.362 0.468 0.362 0.44 0.366 0.432 0.382 0.443 0.411 0.447 0.433 0.464 0.459 0.51 0.473 0.558 0.479 0.595 0.481 0.642 0.48 0.671 0.475 0.708 0.47 0.73 0.462 0.746 0.448 0.761 0.435 0.767
0 0.726 0.965 0.707 0.964 0.692 0.957 0.668 0.938 0.654 0.921 0.637 0.886 0.63 0.863 0.626 0.835 0.616 0.816 0.617 0.804 0.636 0.796 0.651 0.78 0.672 0.766 0.687 0.75 0.701 0.747 0.718 0.749 0.737 0.756 0.753 0.769 0.766 0.785 0.78 0.809 0.789 0.832 0.792 0.864 0.79 0.903 0.785 0.918 0.776 0.932 0.744 0.957 0.726 0.965
0 0.643 0.781 0.618 0.774 0.598 0.754 0.595 0.716 0.589 0.684 0.582 0.657 0.569 0.628 0.576 0.603 0.586 0.583 0.604 0.564 0.625 0.553 0.651 0.554 0.666 0.565 0.676 0.577 0.699 0.62 0.708 0.668 0.708 0.686 0.705 0.708 0.698 0.731 0.691 0.745 0.671 0.767 0.643 0.781
0 0.793 0.852 0.786 0.822 0.765 0.781 0.748 0.763 0.732 0.752 0.701 0.745 0.7 0.724 0.708 0.686 0.707 0.655 0.71 0.642 0.722 0.625 0.745 0.612 0.757 0.611 0.785 0.627 0.798 0.645 0.812 0.675 0.824 0.728 0.826 0.759 0.825 0.792 0.82 0.816 0.815 0.828 0.804 0.844 0.793 0.852
0 0.916 0.914 0.899 0.909 0.874 0.888 0.862 0.869 0.853 0.837 0.853 0.807 0.857 0.773 0.872 0.748 0.893 0.731 0.91 0.73 0.918 0.735 0.92 0.743 0.92 0.792 0.918 0.795 0.92 0.799 0.92 0.818 0.916 0.914
0 0.841 0.865 0.821 0.862 0.803 0.848 0.817 0.823 0.824 0.793 0.826 0.751 0.822 0.713 0.848 0.716 0.872 0.7 0.881 0.72 0.885 0.721 0.885 0.735 0.868 0.754 0.858 0.771 0.853 0.815 0.854 0.837 0.857 0.856 0.841 0.865
0 0.847 0.716 0.821 0.709 0.813 0.676 0.805 0.655 0.804 0.632 0.838 0.626 0.848 0.62 0.862 0.604 0.879 0.574 0.874 0.559 0.869 0.526 0.86 0.499 0.872 0.496 0.891 0.502 0.9 0.511 0.904 0.519 0.908 0.591 0.907 0.622 0.894 0.662 0.882 0.687 0.865 0.706 0.847 0.716
0 0.813 0.631 0.784 0.626 0.753 0.607 0.772 0.595 0.792 0.576 0.804 0.559 0.81 0.544 0.809 0.513 0.798 0.465 0.791 0.451 0.772 0.433 0.773 0.431 0.792 0.434 0.809 0.443 0.832 0.461 0.849 0.48 0.866 0.515 0.879 0.571 0.878 0.579 0.848 0.62 0.836 0.626 0.813 0.631
0 0.743 0.608 0.723 0.608 0.702 0.6 0.68 0.584 0.667 0.565 0.65 0.514 0.656 0.503 0.664 0.478 0.671 0.463 0.683 0.446 0.699 0.432 0.733 0.42 0.753 0.423 0.77 0.432 0.787 0.446 0.797 0.461 0.809 0.512 0.811 0.539 0.809 0.55 0.795 0.574 0.779 0.591 0.763 0.601 0.743 0.608
0 0.668 0.567 0.648 0.553 0.625 0.551 0.616 0.496 0.614 0.449 0.617 0.435 0.634 0.438 0.654 0.426 0.666 0.408 0.679 0.377 0.69 0.402 0.71 0.425 0.693 0.437 0.675 0.455 0.666 0.471 0.657 0.503 0.65 0.513 0.668 0.567
0 0.481 0.665 0.479 0.593 0.493 0.585 0.505 0.57 0.518 0.52 0.532 0.529 0.557 0.529 0.568 0.523 0.577 0.538 0.583 0.559 0.585 0.583 0.576 0.602 0.569 0.627 0.542 0.6 0.532 0.597 0.518 0.599 0.505 0.609 0.495 0.623 0.487 0.641 0.481 0.665
0 0.268 0.753 0.259 0.744 0.252 0.699 0.252 0.654 0.259 0.606 0.266 0.585 0.28 0.564 0.3 0.553 0.315 0.556 0.326 0.57 0.335 0.589 0.344 0.625 0.345 0.651 0.318 0.673 0.293 0.7 0.28 0.722 0.268 0.753
0 0.202 0.746 0.171 0.723 0.148 0.719 0.142 0.712 0.141 0.704 0.146 0.645 0.144 0.623 0.138 0.591 0.153 0.557 0.169 0.535 0.195 0.515 0.213 0.511 0.226 0.536 0.239 0.552 0.26 0.566 0.276 0.566 0.265 0.586 0.258 0.61 0.252 0.652 0.251 0.704 0.227 0.731 0.202 0.746
0 0.121 0.747 0.094 0.735 0.074 0.737 0.068 0.546 0.088 0.54 0.108 0.555 0.131 0.583 0.142 0.61 0.146 0.642 0.144 0.678 0.135 0.718 0.121 0.747
0 0.148 0.537 0.122 0.53 0.08 0.486 0.077 0.424 0.081 0.399 0.106 0.333 0.124 0.31 0.156 0.312 0.172 0.302 0.188 0.284 0.203 0.285 0.213 0.324 0.223 0.351 0.235 0.367 0.25 0.371 0.251 0.38 0.229 0.403 0.212 0.434 0.208 0.454 0.209 0.498 0.173 0.53 0.148 0.537
0 0.277 0.566 0.26 0.566 0.25 0.561 0.226 0.537 0.212 0.504 0.208 0.454 0.216 0.424 0.235 0.396 0.268 0.37 0.293 0.367 0.301 0.372 0.316 0.415 0.335 0.447 0.336 0.472 0.328 0.511 0.318 0.533 0.303 0.551 0.277 0.566
0 0.362 0.464 0.342 0.455 0.329 0.44 0.316 0.416 0.3 0.372 0.29 0.319 0.286 0.282 0.286 0.247 0.299 0.218 0.313 0.169 0.345 0.183 0.362 0.202 0.39 0.253 0.405 0.311 0.41 0.366 0.407 0.397 0.401 0.427 0.391 0.444 0.382 0.444 0.367 0.435 0.363 0.441 0.362 0.464
0 0.481 0.59 0.479 0.588 0.468 0.537 0.446 0.486 0.433 0.465 0.423 0.455 0.398 0.441 0.407 0.396 0.418 0.377 0.425 0.373 0.44 0.374 0.454 0.404 0.465 0.422 0.484 0.441 0.505 0.452 0.512 0.468 0.517 0.492 0.516 0.532 0.503 0.575 0.494 0.585 0.481 0.59
0 0.52 0.455 0.494 0.449 0.474 0.433 0.454 0.407 0.443 0.381 0.431 0.339 0.428 0.306 0.434 0.266 0.442 0.247 0.45 0.236 0.482 0.217 0.509 0.212 0.527 0.215 0.549 0.228 0.572 0.251 0.581 0.263 0.596 0.295 0.601 0.316 0.604 0.349 0.612 0.364 0.608 0.385 0.587 0.417 0.566 0.439 0.545 0.451 0.52 0.455
0 0.556 0.53 0.532 0.529 0.518 0.519 0.516 0.487 0.506 0.453 0.529 0.453 0.553 0.445 0.569 0.434 0.587 0.415 0.589 0.455 0.582 0.493 0.57 0.52 0.556 0.53
0 0.634 0.44 0.622 0.438 0.613 0.433 0.595 0.407 0.608 0.386 0.612 0.366 0.604 0.349 0.597 0.301 0.581 0.259 0.586 0.24 0.603 0.241 0.613 0.236 0.623 0.228 0.635 0.211 0.641 0.218 0.645 0.251 0.651 0.269 0.661 0.283 0.677 0.291 0.682 0.312 0.683 0.34 0.678 0.375 0.665 0.413 0.652 0.43 0.634 0.44
0 0.76 0.424 0.74 0.419 0.711 0.424 0.689 0.399 0.679 0.374 0.683 0.34 0.681 0.304 0.683 0.292 0.706 0.284 0.724 0.271 0.74 0.253 0.751 0.231 0.765 0.233 0.775 0.243 0.79 0.25 0.799 0.262 0.807 0.28 0.812 0.304 0.811 0.33 0.808 0.351 0.798 0.377 0.787 0.397 0.774 0.413 0.76 0.424
0 0.85 0.476 0.846 0.476 0.808 0.442 0.789 0.433 0.766 0.429 0.766 0.421 0.79 0.394 0.806 0.359 0.812 0.32 0.811 0.297 0.805 0.275 0.808 0.269 0.831 0.244 0.847 0.234 0.87 0.229 0.887 0.23 0.889 0.233 0.892 0.265 0.898 0.435 0.873 0.465 0.85 0.476
0 0.062 0.415 0.06 0.325 0.056 0.272 0.058 0.245 0.055 0.159 0.057 0.151 0.072 0.158 0.092 0.182 0.093 0.219 0.097 0.248 0.103 0.266 0.112 0.285 0.109 0.319 0.098 0.355 0.078 0.398 0.062 0.415
0 0.148 0.315 0.131 0.311 0.106 0.278 0.098 0.257 0.092 0.219 0.095 0.176 0.1 0.155 0.114 0.122 0.123 0.112 0.134 0.114 0.147 0.149 0.164 0.185 0.185 0.215 0.205 0.238 0.196 0.269 0.184 0.289 0.167 0.307 0.148 0.315
0 0.242 0.0 0.262 0.023 0.284 0.058 0.299 0.091 0.312 0.131 0.314 0.159 0.31 0.18 0.292 0.236 0.279 0.253 0.244 0.257 0.222 0.249 0.192 0.224 0.166 0.188 0.141 0.134 0.127 0.082 0.125 0.064 0.126 0.034 0.129 0.011 0.133 0.0
0 0.441 0.0 0.453 0.039 0.466 0.094 0.471 0.129 0.471 0.173 0.466 0.204 0.457 0.23 0.439 0.251 0.43 0.252 0.414 0.263 0.399 0.259 0.388 0.248 0.37 0.219 0.354 0.179 0.343 0.129 0.337 0.08 0.338 0.032 0.344 0.0
0 0.551 0.229 0.513 0.213 0.483 0.218 0.459 0.228 0.47 0.175 0.471 0.145 0.468 0.112 0.485 0.101 0.501 0.099 0.515 0.105 0.526 0.116 0.534 0.13 0.54 0.177 0.551 0.207 0.551 0.229
0 0.602 0.241 0.582 0.238 0.569 0.23 0.557 0.218 0.542 0.187 0.536 0.158 0.534 0.112 0.54 0.077 0.546 0.06 0.556 0.044 0.573 0.03 0.596 0.03 0.615 0.043 0.633 0.074 0.646 0.121 0.646 0.163 0.637 0.204 0.623 0.23 0.602 0.241
0 0.692 0.291 0.666 0.286 0.658 0.28 0.65 0.267 0.645 0.249 0.641 0.219 0.646 0.181 0.662 0.142 0.69 0.107 0.699 0.101 0.72 0.1 0.736 0.108 0.747 0.126 0.753 0.151 0.756 0.203 0.753 0.224 0.745 0.245 0.732 0.265 0.711 0.282 0.692 0.291
0 0.872 0.0 0.876 0.036 0.875 0.08 0.873 0.102 0.864 0.143 0.856 0.162 0.845 0.203 0.831 0.23 0.82 0.241 0.793 0.251 0.773 0.243 0.766 0.236 0.759 0.22 0.756 0.211 0.753 0.147 0.744 0.118 0.744 0.091 0.749 0.049 0.762 0.0
0 0.733 0.0 0.749 0.042 0.744 0.093 0.744 0.115 0.723 0.099 0.695 0.102 0.667 0.133 0.649 0.167 0.645 0.166 0.646 0.123 0.639 0.092 0.624 0.057 0.624 0.046 0.641 0.047 0.656 0.041 0.666 0.029 0.678 0.0
0 0.678 0.0 0.671 0.02 0.662 0.035 0.654 0.043 0.641 0.047 0.612 0.041 0.598 0.024 0.587 0.0
0 0.587 0.0 0.6 0.028 0.6 0.031 0.581 0.028 0.562 0.037 0.546 0.062 0.535 0.095 0.522 0.081 0.512 0.057 0.506 0.031 0.507 0.0
0 0.471 0.0 0.481 0.017 0.491 0.042 0.499 0.068 0.504 0.1 0.489 0.102 0.468 0.112 0.458 0.057 0.44 0.0
0 0.097 0.159 0.075 0.159 0.056 0.149 0.056 0.071 0.053 0.024 0.054 0.012 0.062 0.006 0.088 0.006 0.102 0.037 0.125 0.061 0.129 0.104 0.126 0.113 0.117 0.122 0.106 0.142 0.104 0.152 0.097 0.159
0 0.253 0.371 0.24 0.37 0.233 0.366 0.215 0.332 0.208 0.306 0.202 0.274 0.202 0.25 0.205 0.237 0.24 0.255 0.266 0.256 0.287 0.247 0.286 0.277 0.293 0.334 0.276 0.359 0.253 0.371
0 0.351 0.178 0.325 0.176 0.313 0.17 0.314 0.146 0.311 0.126 0.292 0.072 0.292 0.055 0.307 0.027 0.339 0.026 0.338 0.09 0.351 0.178
0 0.133 0.0 0.127 0.025 0.125 0.063 0.102 0.038 0.091 0.017 0.086 0.0
0 0.137 0.593 0.114 0.562 0.09 0.542 0.067 0.545 0.064 0.426 0.077 0.426 0.081 0.463 0.08 0.485 0.105 0.516 0.129 0.534 0.164 0.536 0.163 0.542 0.148 0.566 0.137 0.593
0 0.32 0.025 0.281 0.018 0.254 0.001 0.343 0.001 0.339 0.023 0.32 0.025
0 0.253 0.0 0.269 0.012 0.307 0.028 0.296 0.046 0.289 0.066 0.245 0.0
0 0.413 0.342 0.409 0.341 0.403 0.299 0.39 0.253 0.404 0.263 0.423 0.262 0.427 0.295 0.427 0.312 0.421 0.33 0.413 0.342
0 0.347 0.622 0.334 0.577 0.333 0.546 0.337 0.517 0.352 0.494 0.346 0.53 0.344 0.556 0.347 0.622
0 0.335 0.585 0.319 0.56 0.306 0.553 0.306 0.548 0.318 0.532 0.328 0.51 0.335 0.477 0.337 0.448 0.362 0.465 0.354 0.491 0.336 0.519 0.333 0.55 0.335 0.585
0 0.408 0.394 0.41 0.348 0.426 0.318 0.428 0.318 0.441 0.375 0.423 0.374 0.415 0.381 0.408 0.394
0 0.574 0.523 0.568 0.523 0.579 0.5 0.585 0.481 0.589 0.449 0.588 0.415 0.594 0.405 0.605 0.423 0.616 0.435 0.614 0.484 0.6 0.502 0.574 0.523
0 0.588 0.581 0.584 0.58 0.581 0.552 0.573 0.529 0.599 0.503 0.616 0.5 0.626 0.553 0.606 0.563 0.588 0.581
0 0.693 0.749 0.688 0.749 0.697 0.734 0.704 0.743 0.703 0.748 0.693 0.749
0 0.707 0.652 0.693 0.607 0.699 0.597 0.723 0.607 0.755 0.607 0.724 0.623 0.707 0.652
0 0.852 0.231 0.832 0.228 0.848 0.197 0.862 0.158 0.872 0.103 0.876 0.037 0.882 0.043 0.882 0.086 0.889 0.13 0.887 0.183 0.889 0.218 0.887 0.222 0.871 0.23 0.852 0.231
0 0.479 0.793 0.465 0.777 0.437 0.765 0.457 0.751 0.467 0.736 0.473 0.719 0.475 0.719 0.479 0.793
0 0.506 0.0 0.506 0.035 0.484 0.023 0.472 0.
