0 0.131 0.867 0.085 0.859 0.051 0.83 0.027 0.793 0.013 0.731 0.016 0.682 0.038 0.627 0.066 0.595 0.103 0.579 0.146 0.585 0.181 0.61 0.205 0.647 0.218 0.697 0.217 0.764 0.201 0.81 0.169 0.851 0.131 0.867
0 0.231 0.632 0.191 0.626 0.145 0.583 0.126 0.536 0.12 0.468 0.137 0.408 0.183 0.346 0.218 0.321 0.255 0.317 0.292 0.334 0.32 0.366 0.339 0.412 0.342 0.461 0.336 0.495 0.296 0.583 0.269 0.615 0.231 0.632
0 0.388 0.879 0.341 0.877 0.305 0.856 0.26 0.805 0.244 0.771 0.238 0.738 0.244 0.676 0.272 0.626 0.28 0.598 0.317 0.548 0.355 0.532 0.408 0.542 0.443 0.567 0.473 0.621 0.486 0.697 0.482 0.764 0.467 0.81 0.426 0.862 0.388 0.879
0 0.612 0.863 0.582 0.861 0.554 0.846 0.526 0.815 0.511 0.78 0.504 0.747 0.507 0.698 0.517 0.669 0.539 0.634 0.605 0.648 0.656 0.636 0.654 0.677 0.661 0.71 0.695 0.774 0.663 0.834 0.638 0.855 0.612 0.863
0 0.802 0.819 0.748 0.812 0.702 0.781 0.662 0.707 0.656 0.646 0.658 0.635 0.667 0.634 0.686 0.583 0.706 0.558 0.773 0.501 0.827 0.489 0.865 0.506 0.902 0.555 0.914 0.605 0.915 0.67 0.893 0.744 0.87 0.781 0.844 0.802 0.802 0.819
0 0.414 0.363 0.368 0.355 0.327 0.314 0.311 0.279 0.293 0.2 0.292 0.159 0.304 0.109 0.334 0.066 0.37 0.045 0.43 0.047 0.466 0.068 0.496 0.111 0.525 0.191 0.526 0.222 0.521 0.223 0.52 0.241 0.475 0.283 0.448 0.348 0.414 0.363
0 0.448 0.496 0.398 0.486 0.365 0.452 0.345 0.398 0.347 0.338 0.392 0.363 0.423 0.361 0.453 0.345 0.443 0.376 0.44 0.42 0.442 0.46 0.451 0.491 0.448 0.496
0 0.717 0.323 0.685 0.282 0.628 0.252 0.569 0.233 0.523 0.243 0.528 0.192 0.55 0.156 0.591 0.129 0.63 0.129 0.68 0.153 0.707 0.182 0.725 0.228 0.729 0.277 0.717 0.323
0 0.616 0.652 0.585 0.649 0.53 0.626 0.483 0.578 0.447 0.506 0.44 0.397 0.457 0.318 0.483 0.273 0.528 0.237 0.565 0.233 0.662 0.264 0.716 0.313 0.746 0.374 0.75 0.486 0.739 0.532 0.69 0.578 0.667 0.631 0.637 0.651 0.616 0.652
0 0.774 0.501 0.749 0.485 0.748 0.382 0.739 0.349 0.719 0.317 0.729 0.277 0.727 0.246 0.748 0.212 0.77 0.193 0.798 0.183 0.828 0.185 0.875 0.208 0.907 0.246 0.922 0.292 0.927 0.381 0.913 0.436 0.875 0.487 0.856 0.497 0.806 0.487 0.774 0.50
