0 0.354 0.772 0.344 0.772 0.315 0.761 0.301 0.75 0.292 0.735 0.288 0.727 0.29 0.716 0.283 0.713 0.278 0.704 0.286 0.641 0.292 0.622 0.31 0.582 0.326 0.554 0.339 0.537 0.364 0.523 0.392 0.522 0.412 0.533 0.436 0.552 0.448 0.568 0.455 0.581 0.455 0.608 0.44 0.681 0.439 0.729 0.436 0.741 0.422 0.762 0.397 0.767 0.383 0.767 0.362 0.763 0.359 0.769 0.354 0.772
0 0.577 0.827 0.556 0.827 0.476 0.809 0.46 0.799 0.454 0.791 0.45 0.762 0.44 0.74 0.44 0.692 0.443 0.651 0.456 0.619 0.46 0.602 0.466 0.585 0.48 0.571 0.507 0.567 0.529 0.568 0.583 0.584 0.607 0.596 0.62 0.607 0.637 0.633 0.646 0.66 0.647 0.72 0.641 0.738 0.638 0.75 0.628 0.766 0.616 0.78 0.616 0.797 0.614 0.803 0.595 0.822 0.577 0.827
0 0.694 0.754 0.674 0.747 0.662 0.724 0.643 0.644 0.64 0.636 0.624 0.618 0.615 0.594 0.617 0.583 0.625 0.577 0.638 0.555 0.655 0.54 0.689 0.538 0.719 0.546 0.733 0.553 0.756 0.585 0.762 0.618 0.764 0.654 0.757 0.685 0.745 0.719 0.727 0.74 0.706 0.751 0.694 0.754
0 0.438 0.488 0.43 0.487 0.408 0.474 0.405 0.468 0.398 0.448 0.394 0.445 0.387 0.435 0.385 0.424 0.385 0.388 0.388 0.366 0.398 0.347 0.403 0.342 0.413 0.337 0.427 0.335 0.461 0.345 0.488 0.368 0.493 0.376 0.497 0.39 0.497 0.397 0.499 0.409 0.496 0.423 0.496 0.434 0.488 0.456 0.479 0.469 0.468 0.479 0.438 0.488
0 0.561 0.491 0.538 0.491 0.514 0.484 0.508 0.481 0.505 0.475 0.498 0.45 0.499 0.445 0.496 0.438 0.497 0.407 0.503 0.389 0.51 0.376 0.523 0.363 0.573 0.362 0.594 0.372 0.608 0.385 0.619 0.413 0.625 0.422 0.625 0.435 0.621 0.454 0.617 0.466 0.608 0.477 0.588 0.488 0.561 0.491
0 0.641 0.442 0.634 0.441 0.625 0.429 0.608 0.387 0.6 0.377 0.591 0.372 0.583 0.363 0.573 0.33 0.574 0.319 0.578 0.306 0.588 0.293 0.61 0.276 0.633 0.271 0.658 0.272 0.667 0.275 0.682 0.295 0.684 0.301 0.684 0.342 0.681 0.363 0.672 0.394 0.66 0.423 0.651 0.435 0.641 0.442
0 0.404 0.345 0.391 0.34 0.386 0.333 0.377 0.309 0.374 0.289 0.367 0.279 0.367 0.266 0.373 0.259 0.386 0.23 0.4 0.216 0.411 0.211 0.422 0.211 0.431 0.218 0.451 0.223 0.457 0.231 0.465 0.252 0.471 0.288 0.469 0.312 0.464 0.331 0.461 0.337 0.455 0.34 0.446 0.341 0.438 0.337 0.422 0.335 0.41 0.339 0.404 0.345
0 0.482 0.246 0.469 0.241 0.426 0.205 0.423 0.197 0.422 0.188 0.43 0.164 0.434 0.158 0.446 0.151 0.458 0.151 0.482 0.163 0.497 0.181 0.502 0.203 0.501 0.226 0.499 0.232 0.492 0.242 0.482 0.246
0 0.569 0.334 0.561 0.332 0.533 0.288 0.521 0.253 0.523 0.236 0.536 0.204 0.541 0.197 0.553 0.188 0.567 0.186 0.593 0.188 0.62 0.195 0.637 0.215 0.639 0.232 0.638 0.249 0.627 0.266 0.585 0.297 0.574 0.319 0.574 0.331 0.569 0.334
0 0.496 0.403 0.496 0.389 0.491 0.372 0.477 0.358 0.474 0.351 0.468 0.352 0.464 0.349 0.46 0.344 0.459 0.335 0.465 0.328 0.468 0.317 0.469 0.301 0.474 0.294 0.489 0.283 0.501 0.282 0.507 0.272 0.514 0.271 0.522 0.279 0.522 0.292 0.541 0.317 0.546 0.334 0.546 0.344 0.542 0.356 0.537 0.362 0.526 0.363 0.514 0.37 0.504 0.388 0.503 0.397 0.496 0.40
