0 0.0 0.339 0.028 0.357 0.1 0.413 0.103 0.435 0.103 0.438 0.099 0.442 0.1 0.451 0.091 0.451 0.084 0.458 0.062 0.494 0.045 0.517 0.046 0.479 0.03 0.473 0.0 0.452
0 0.034 0.0 0.034 0.017 0.038 0.023 0.042 0.025 0.052 0.023 0.06 0.034 0.067 0.038 0.069 0.044 0.08 0.045 0.105 0.089 0.108 0.089 0.11 0.094 0.118 0.095 0.125 0.102 0.133 0.133 0.135 0.138 0.139 0.139 0.141 0.169 0.131 0.181 0.119 0.186 0.102 0.214 0.101 0.223 0.103 0.237 0.109 0.242 0.098 0.266 0.058 0.272 0.0 0.298
0 0.2 0.0 0.22 0.024 0.243 0.045 0.271 0.083 0.28 0.091 0.288 0.094 0.293 0.109 0.301 0.111 0.307 0.119 0.311 0.137 0.31 0.159 0.321 0.184 0.329 0.227 0.326 0.24 0.32 0.249 0.301 0.264 0.292 0.264 0.292 0.272 0.287 0.279 0.282 0.279 0.268 0.265 0.256 0.264 0.251 0.259 0.244 0.258 0.234 0.246 0.223 0.245 0.214 0.217 0.195 0.182 0.169 0.143 0.143 0.08 0.134 0.072 0.132 0.073 0.143 0.105 0.139 0.117 0.138 0.138 0.136 0.139 0.129 0.122 0.13 0.114 0.125 0.102 0.119 0.094 0.11 0.093 0.108 0.088 0.105 0.088 0.081 0.044 0.071 0.045 0.066 0.037 0.062 0.035 0.051 0.022 0.042 0.024 0.037 0.022 0.037 0.018 0.034 0.017 0.034 0.0
0 0.457 0.445 0.454 0.445 0.43 0.403 0.415 0.385 0.39 0.35 0.376 0.324 0.356 0.275 0.339 0.239 0.33 0.208 0.311 0.162 0.312 0.127 0.31 0.13 0.31 0.122 0.302 0.109 0.295 0.108 0.29 0.101 0.291 0.09 0.297 0.084 0.312 0.082 0.318 0.077 0.32 0.068 0.326 0.06 0.342 0.057 0.364 0.066 0.364 0.063 0.355 0.055 0.357 0.047 0.364 0.045 0.372 0.048 0.381 0.044 0.398 0.06 0.41 0.064 0.413 0.053 0.42 0.046 0.426 0.041 0.443 0.037 0.449 0.033 0.451 0.029 0.49 0.029 0.491 0.03 0.5 0.08 0.508 0.158 0.519 0.208 0.525 0.265 0.529 0.28 0.528 0.286 0.531 0.287 0.534 0.284 0.534 0.301 0.532 0.305 0.527 0.328 0.526 0.351 0.522 0.37 0.509 0.393 0.509 0.399 0.503 0.407 0.505 0.418 0.507 0.421 0.513 0.421 0.512 0.429 0.484 0.444 0.457 0.445
0 0.362 0.066 0.343 0.055 0.343 0.052 0.346 0.033 0.355 0.036 0.366 0.025 0.365 0.002 0.444 0.003 0.449 0.02 0.445 0.034 0.435 0.039 0.427 0.04 0.417 0.048 0.413 0.052 0.409 0.065 0.4 0.062 0.385 0.045 0.357 0.045 0.356 0.054 0.362 0.058 0.362 0.066
0 0.741 0.365 0.735 0.365 0.721 0.353 0.709 0.346 0.701 0.347 0.698 0.341 0.696 0.329 0.706 0.307 0.706 0.284 0.718 0.248 0.711 0.243 0.695 0.237 0.694 0.219 0.687 0.201 0.687 0.182 0.691 0.173 0.692 0.166 0.68 0.16 0.663 0.159 0.662 0.144 0.668 0.107 0.68 0.097 0.684 0.091 0.693 0.09 0.728 0.066 0.733 0.061 0.733 0.05 0.738 0.046 0.749 0.043 0.756 0.046 0.757 0.049 0.761 0.041 0.766 0.039 0.776 0.046 0.79 0.065 0.8 0.07 0.812 0.091 0.816 0.09 0.821 0.082 0.828 0.084 0.834 0.091 0.836 0.163 0.825 0.21 0.783 0.308 0.778 0.315 0.772 0.31 0.765 0.315 0.747 0.35 0.741 0.358 0.741 0.365
0 0.598 0.497 0.544 0.478 0.542 0.48 0.545 0.486 0.544 0.491 0.539 0.489 0.537 0.481 0.538 0.471 0.524 0.45 0.521 0.446 0.506 0.448 0.504 0.446 0.513 0.428 0.513 0.422 0.505 0.418 0.503 0.409 0.51 0.399 0.51 0.392 0.512 0.387 0.515 0.386 0.517 0.39 0.521 0.391 0.53 0.38 0.533 0.37 0.532 0.361 0.528 0.36 0.525 0.34 0.526 0.326 0.533 0.286 0.552 0.261 0.569 0.248 0.585 0.248 0.59 0.243 0.61 0.234 0.628 0.249 0.645 0.258 0.648 0.263 0.66 0.268 0.664 0.28 0.669 0.287 0.673 0.303 0.682 0.32 0.683 0.328 0.678 0.338 0.682 0.351 0.68 0.36 0.68 0.389 0.683 0.396 0.683 0.403 0.679 0.421 0.688 0.452 0.687 0.454 0.679 0.453 0.68 0.464 0.668 0.49 0.655 0.491 0.647 0.483 0.641 0.486 0.628 0.483 0.622 0.497 0.614 0.497 0.603 0.493 0.598 0.497
0 0.296 0.649 0.289 0.643 0.289 0.637 0.29 0.632 0.298 0.628 0.298 0.623 0.289 0.61 0.279 0.615 0.272 0.615 0.254 0.622 0.252 0.612 0.236 0.58 0.235 0.567 0.236 0.553 0.259 0.471 0.257 0.437 0.277 0.431 0.285 0.415 0.3 0.397 0.36 0.362 0.38 0.352 0.39 0.35 0.447 0.431 0.448 0.439 0.444 0.441 0.446 0.451 0.445 0.461 0.441 0.466 0.445 0.479 0.445 0.493 0.451 0.506 0.452 0.517 0.456 0.527 0.457 0.54 0.453 0.544 0.452 0.551 0.455 0.566 0.463 0.584 0.464 0.598 0.459 0.602 0.414 0.593 0.396 0.594 0.382 0.604 0.369 0.617 0.367 0.622 0.336 0.623 0.332 0.629 0.324 0.631 0.321 0.644 0.318 0.644 0.312 0.631 0.307 0.631 0.296 0.649
0 0.212 0.564 0.201 0.561 0.195 0.543 0.184 0.541 0.178 0.528 0.172 0.527 0.156 0.528 0.148 0.541 0.114 0.555 0.087 0.555 0.063 0.562 0.055 0.562 0.051 0.555 0.049 0.543 0.04 0.523 0.048 0.517 0.064 0.495 0.082 0.469 0.09 0.453 0.093 0.451 0.103 0.452 0.098 0.441 0.101 0.437 0.127 0.432 0.13 0.429 0.152 0.43 0.202 0.436 0.215 0.447 0.232 0.449 0.246 0.445 0.251 0.435 0.263 0.433 0.257 0.435 0.258 0.437 0.257 0.475 0.235 0.555 0.227 0.557 0.219 0.564 0.212 0.564
0 0.0 0.988 0.028 0.951 0.048 0.942 0.088 0.934 0.105 0.909 0.112 0.902 0.115 0.901 0.117 0.905 0.123 0.904 0.13 0.895 0.146 0.883 0.17 0.89 0.176 0.898 0.18 0.922 0.18 0.961 0.181 0.971 0.189 0.987 0.189 0.999 0.0 0.999
0 0.138 0.843 0.12 0.82 0.12 0.791 0.123 0.788 0.12 0.777 0.111 0.784 0.102 0.78 0.073 0.793 0.065 0.77 0.067 0.761 0.073 0.751 0.076 0.728 0.062 0.712 0.058 0.699 0.043 0.689 0.044 0.681 0.049 0.676 0.041 0.672 0.044 0.663 0.062 0.662 0.068 0.654 0.057 0.648 0.057 0.642 0.059 0.638 0.055 0.633 0.057 0.628 0.052 0.627 0.054 0.617 0.052 0.607 0.058 0.599 0.058 0.594 0.065 0.587 0.065 0.582 0.057 0.575 0.054 0.568 0.058 0.563 0.064 0.563 0.075 0.557 0.106 0.556 0.12 0.552 0.146 0.542 0.155 0.533 0.169 0.541 0.178 0.537 0.186 0.544 0.189 0.55 0.191 0.543 0.195 0.543 0.201 0.56 0.209 0.565 0.219 0.564 0.227 0.558 0.234 0.557 0.235 0.581 0.245 0.602 0.244 0.607 0.235 0.591 0.233 0.6 0.236 0.65 0.242 0.665 0.253 0.67 0.251 0.676 0.233 0.711 0.223 0.739 0.204 0.777 0.193 0.815 0.173 0.838 0.168 0.832 0.152 0.824 0.138 0.843
0 0.218 0.861 0.216 0.858 0.216 0.844 0.213 0.831 0.206 0.815 0.204 0.789 0.209 0.769 0.253 0.669 0.266 0.67 0.292 0.664 0.31 0.68 0.312 0.672 0.314 0.67 0.322 0.685 0.319 0.694 0.302 0.721 0.274 0.76 0.269 0.76 0.271 0.764 0.271 0.769 0.261 0.784 0.227 0.85 0.218 0.861
0 0.864 0.59 0.86 0.588 0.857 0.572 0.848 0.553 0.83 0.537 0.814 0.53 0.779 0.527 0.769 0.522 0.734 0.524 0.723 0.527 0.723 0.498 0.729 0.503 0.733 0.501 0.733 0.461 0.743 0.42 0.755 0.392 0.772 0.359 0.772 0.349 0.777 0.334 0.792 0.31 0.8 0.302 0.799 0.299 0.807 0.283 0.809 0.284 0.826 0.273 0.834 0.28 0.83 0.284 0.83 0.289 0.834 0.288 0.848 0.292 0.854 0.297 0.852 0.301 0.833 0.297 0.825 0.293 0.824 0.29 0.816 0.289 0.81 0.296 0.808 0.291 0.807 0.293 0.8 0.307 0.814 0.306 0.819 0.31 0.848 0.318 0.853 0.316 0.86 0.305 0.873 0.313 0.882 0.307 0.89 0.297 0.897 0.282 0.891 0.272 0.904 0.254 0.903 0.247 0.894 0.249 0.891 0.245 0.89 0.225 0.894 0.211 0.892 0.195 0.89 0.193 0.886 0.193 0.876 0.206 0.87 0.208 0.865 0.206 0.864 0.198 0.866 0.192 0.87 0.188 0.884 0.187 0.885 0.193 0.892 0.192 0.893 0.198 0.906 0.191 0.91 0.192 0.915 0.201 0.927 0.204 0.93 0.208 0.927 0.227 0.928 0.237 0.932 0.241 0.944 0.243 0.95 0.257 0.949 0.264 0.937 0.266 0.935 0.27 0.936 0.278 0.943 0.293 0.948 0.293 0.958 0.288 0.964 0.309 0.97 0.304 0.975 0.306 0.974 0.319 0.977 0.323 0.994 0.325 0.999 0.33 1.0 0.543 0.961 0.567 0.95 0.569 0.932 0.566 0.904 0.588 0.9 0.588 0.892 0.582 0.864 0.59
0 0.998 0.813 0.99 0.793 0.96 0.754 0.962 0.735 0.958 0.708 0.959 0.693 0.961 0.686 0.952 0.683 0.926 0.686 0.927 0.668 0.938 0.668 0.948 0.66 0.984 0.654 0.999 0.664 0.998 0.813
0 0.984 0.129 0.933 0.061 0.914 0.043 0.923 0.032 0.93 0.018 0.938 0.015 0.937 0.011 0.942 0.018 0.946 0.01 0.957 0.006 0.96 0.009 0.965 0.008 0.975 0.021 0.979 0.042 0.99 0.051 0.99 0.058 0.985 0.061 0.984 0.067 0.997 0.097 0.987 0.119 0.987 0.124 0.984 0.129
0 0.978 0.317 0.972 0.314 0.975 0.308 0.973 0.305 0.965 0.309 0.96 0.308 0.958 0.285 0.952 0.292 0.944 0.294 0.936 0.271 0.939 0.266 0.949 0.264 0.95 0.258 0.945 0.244 0.938 0.242 0.936 0.236 0.95 0.215 0.964 0.203 0.98 0.195 0.999 0.195 0.999 0.219 0.995 0.228 0.999 0.246 0.999 0.315 0.985 0.315 0.978 0.317
0 1.0 0.999 0.819 0.999 0.803 0.962 0.804 0.929 0.8 0.908 0.794 0.896 0.786 0.891 0.783 0.886 0.783 0.879 0.795 0.861 0.799 0.839 0.799 0.825 0.796 0.814 0.792 0.807 0.792 0.797 0.788 0.782 0.786 0.795 0.787 0.805 0.788 0.81 0.793 0.811 0.79 0.833 0.784 0.842 0.776 0.843 0.772 0.831 0.774 0.817 0.783 0.809 0.777 0.795 0.779 0.786 0.776 0.782 0.79 0.768 0.792 0.732 0.808 0.696 0.811 0.683 0.835 0.664 0.842 0.66 0.857 0.666 0.858 0.68 0.94 0.752 0.961 0.781 1.0 0.858 1.0 0.999
0 0.62 0.999 0.304 0.998 0.302 0.985 0.294 0.973 0.302 0.96 0.298 0.953 0.3 0.942 0.295 0.934 0.288 0.936 0.268 0.952 0.254 0.95 0.262 0.931 0.276 0.906 0.274 0.893 0.27 0.893 0.262 0.905 0.25 0.915 0.243 0.915 0.233 0.905 0.244 0.89 0.249 0.875 0.248 0.864 0.243 0.854 0.243 0.835 0.257 0.796 0.281 0.752 0.299 0.726 0.355 0.676 0.369 0.675 0.384 0.681 0.39 0.679 0.396 0.673 0.406 0.682 0.447 0.7 0.529 0.702 0.588 0.715 0.588 0.707 0.575 0.693 0.514 0.678 0.467 0.678 0.428 0.67 0.43 0.662 0.44 0.652 0.441 0.641 0.431 0.632 0.398 0.62 0.382 0.617 0.369 0.624 0.376 0.611 0.385 0.6 0.417 0.602 0.442 0.627 0.466 0.629 0.466 0.623 0.481 0.624 0.491 0.62 0.498 0.625 0.507 0.645 0.526 0.64 0.554 0.643 0.607 0.704 0.638 0.759 0.66 0.779 0.673 0.798 0.678 0.813 0.678 0.822 0.676 0.828 0.668 0.834 0.668 0.838 0.676 0.854 0.687 0.867 0.693 0.883 0.696 0.885 0.704 0.88 0.711 0.878 0.721 0.885 0.73 0.897 0.731 0.951 0.72 0.953 0.71 0.947 0.703 0.956 0.699 0.956 0.69 0.947 0.671 0.947 0.671 0.961 0.669 0.964 0.656 0.968 0.643 0.979 0.633 0.982 0.628 0.993 0.62 0.999
0 0.756 0.956 0.744 0.956 0.732 0.949 0.73 0.897 0.721 0.884 0.709 0.877 0.695 0.884 0.684 0.862 0.676 0.854 0.667 0.834 0.678 0.825 0.678 0.815 0.676 0.804 0.661 0.78 0.637 0.758 0.614 0.715 0.574 0.665 0.558 0.646 0.544 0.642 0.531 0.639 0.507 0.645 0.5 0.626 0.5 0.616 0.506 0.602 0.495 0.573 0.496 0.566 0.5 0.563 0.516 0.564 0.525 0.547 0.534 0.552 0.553 0.533 0.568 0.529 0.579 0.519 0.585 0.519 0.586 0.524 0.592 0.521 0.601 0.513 0.607 0.52 0.637 0.508 0.668 0.531 0.669 0.536 0.677 0.547 0.672 0.548 0.672 0.555 0.666 0.572 0.664 0.567 0.658 0.572 0.658 0.579 0.656 0.583 0.657 0.592 0.654 0.596 0.653 0.614 0.646 0.624 0.645 0.622 0.653 0.583 0.653 0.571 0.652 0.567 0.657 0.565 0.66 0.558 0.665 0.559 0.667 0.552 0.662 0.543 0.656 0.541 0.653 0.545 0.65 0.555 0.643 0.556 0.643 0.57 0.64 0.575 0.636 0.586 0.637 0.59 0.633 0.596 0.634 0.599 0.629 0.606 0.629 0.611 0.63 0.614 0.626 0.619 0.629 0.625 0.632 0.624 0.641 0.632 0.628 0.648 0.651 0.659 0.66 0.658 0.666 0.653 0.666 0.656 0.686 0.655 0.692 0.649 0.691 0.639 0.694 0.634 0.737 0.601 0.745 0.611 0.752 0.63 0.758 0.632 0.762 0.647 0.771 0.652 0.779 0.665 0.785 0.67 0.79 0.666 0.796 0.666 0.8 0.677 0.81 0.673 0.813 0.68 0.808 0.695 0.8 0.71 0.792 0.732 0.791 0.767 0.773 0.782 0.777 0.784 0.776 0.796 0.781 0.809 0.773 0.819 0.767 0.842 0.764 0.846 0.76 0.842 0.755 0.846 0.754 0.863 0.751 0.87 0.756 0.877 0.768 0.914 0.766 0.934 0.758 0.944 0.756 0.95
