0 0.237 0.42 0.204 0.419 0.161 0.413 0.127 0.402 0.1 0.388 0.075 0.369 0.041 0.332 0.016 0.282 0.016 0.255 0.02 0.243 0.032 0.223 0.051 0.201 0.08 0.179 0.105 0.166 0.151 0.148 0.193 0.14 0.233 0.14 0.264 0.146 0.292 0.156 0.314 0.17 0.326 0.182 0.333 0.197 0.375 0.258 0.393 0.297 0.399 0.316 0.398 0.335 0.389 0.356 0.377 0.371 0.357 0.386 0.328 0.401 0.302 0.41 0.275 0.416 0.237 0.42
0 0.457 0.461 0.425 0.459 0.4 0.454 0.389 0.45 0.358 0.434 0.331 0.41 0.331 0.399 0.371 0.375 0.387 0.358 0.395 0.341 0.398 0.328 0.398 0.313 0.394 0.297 0.379 0.265 0.405 0.255 0.44 0.25 0.464 0.25 0.494 0.256 0.522 0.266 0.546 0.28 0.561 0.291 0.577 0.312 0.585 0.329 0.588 0.348 0.588 0.365 0.584 0.381 0.577 0.396 0.561 0.415 0.54 0.421 0.518 0.43 0.5 0.443 0.485 0.457 0.457 0.461
0 0.399 0.251 0.37 0.251 0.345 0.216 0.343 0.21 0.332 0.196 0.325 0.182 0.312 0.169 0.291 0.156 0.267 0.147 0.232 0.139 0.189 0.14 0.189 0.095 0.194 0.083 0.221 0.055 0.257 0.036 0.272 0.032 0.297 0.033 0.353 0.044 0.382 0.051 0.397 0.057 0.412 0.067 0.435 0.093 0.45 0.13 0.453 0.164 0.451 0.191 0.441 0.219 0.432 0.233 0.412 0.25 0.399 0.251
0 0.112 0.0 0.127 0.009 0.141 0.02 0.165 0.045 0.172 0.057 0.188 0.095 0.189 0.14 0.144 0.15 0.087 0.175 0.049 0.204 0.033 0.223 0.019 0.249 0.017 0.25 0.0 0.248 0.0 0.0
0 0.117 0.457 0.077 0.454 0.048 0.448 0.024 0.439 0.003 0.428 0.002 0.252 0.004 0.241 0.019 0.241 0.007 0.247 0.016 0.248 0.017 0.25 0.016 0.272 0.022 0.293 0.042 0.33 0.076 0.367 0.101 0.387 0.126 0.4 0.153 0.409 0.204 0.418 0.204 0.424 0.167 0.448 0.117 0.457
0 0.207 0.593 0.165 0.569 0.152 0.558 0.14 0.544 0.132 0.524 0.131 0.513 0.135 0.492 0.141 0.479 0.154 0.461 0.17 0.446 0.195 0.429 0.213 0.42 0.221 0.418 0.272 0.415 0.317 0.404 0.322 0.405 0.338 0.416 0.348 0.428 0.368 0.445 0.395 0.46 0.413 0.464 0.424 0.475 0.429 0.487 0.431 0.507 0.415 0.547 0.394 0.572 0.372 0.589 0.332 0.579 0.291 0.577 0.25 0.581 0.207 0.593
0 0.257 0.846 0.229 0.845 0.191 0.833 0.169 0.822 0.137 0.797 0.12 0.775 0.108 0.751 0.102 0.734 0.102 0.715 0.107 0.69 0.118 0.662 0.131 0.644 0.163 0.617 0.188 0.603 0.22 0.589 0.261 0.579 0.29 0.577 0.327 0.578 0.353 0.583 0.384 0.594 0.413 0.613 0.431 0.631 0.445 0.651 0.456 0.678 0.459 0.699 0.457 0.731 0.449 0.753 0.44 0.768 0.43 0.781 0.405 0.806 0.366 0.826 0.347 0.829 0.337 0.834 0.301 0.838 0.257 0.846
0 0.115 0.774 0.086 0.77 0.08 0.766 0.027 0.771 0.008 0.763 0.003 0.763 0.0 0.748 0.0 0.604 0.005 0.6 0.031 0.588 0.062 0.58 0.165 0.569 0.205 0.595 0.169 0.613 0.134 0.644 0.123 0.656 0.107 0.698 0.103 0.714 0.103 0.733 0.11 0.756 0.118 0.772 0.115 0.774
0 0.0 0.778 0.025 0.772 0.05 0.77 0.09 0.771 0.12 0.776 0.141 0.799 0.164 0.818 0.188 0.83 0.211 0.839 0.22 0.859 0.224 0.88 0.222 0.912 0.208 0.945 0.186 0.977 0.163 0.998 0.0 0.998
0 0.616 0.655 0.585 0.654 0.56 0.649 0.533 0.639 0.515 0.629 0.495 0.614 0.48 0.596 0.463 0.57 0.458 0.554 0.457 0.516 0.464 0.493 0.478 0.466 0.495 0.447 0.515 0.432 0.538 0.422 0.565 0.416 0.589 0.416 0.625 0.422 0.677 0.437 0.703 0.449 0.719 0.458 0.744 0.479 0.758 0.501 0.764 0.52 0.766 0.544 0.762 0.563 0.749 0.589 0.727 0.613 0.703 0.63 0.676 0.643 0.653 0.65 0.616 0.655
0 0.453 0.775 0.436 0.774 0.451 0.748 0.459 0.719 0.458 0.691 0.449 0.66 0.435 0.635 0.414 0.613 0.397 0.602 0.372 0.589 0.389 0.577 0.423 0.57 0.45 0.568 0.463 0.57 0.487 0.605 0.499 0.617 0.516 0.63 0.55 0.645 0.589 0.654 0.59 0.658 0.59 0.678 0.583 0.699 0.571 0.718 0.551 0.738 0.531 0.752 0.503 0.765 0.477 0.772 0.453 0.775
0 0.756 0.782 0.729 0.781 0.704 0.774 0.665 0.754 0.624 0.735 0.601 0.717 0.59 0.701 0.588 0.69 0.59 0.654 0.619 0.655 0.634 0.653 0.656 0.649 0.683 0.64 0.708 0.627 0.725 0.614 0.743 0.595 0.755 0.578 0.796 0.591 0.83 0.608 0.841 0.615 0.855 0.637 0.862 0.667 0.86 0.69 0.855 0.709 0.844 0.728 0.827 0.749 0.812 0.762 0.792 0.773 0.778 0.778 0.756 0.782
0 0.629 0.945 0.529 0.945 0.522 0.943 0.499 0.932 0.482 0.918 0.468 0.903 0.457 0.88 0.45 0.83 0.455 0.81 0.462 0.795 0.48 0.775 0.532 0.751 0.56 0.731 0.584 0.728 0.61 0.728 0.637 0.742 0.665 0.754 0.695 0.771 0.708 0.79 0.715 0.807 0.721 0.829 0.722 0.857 0.718 0.874 0.709 0.892 0.696 0.907 0.678 0.922 0.658 0.933 0.629 0.945
0 0.288 0.953 0.249 0.951 0.21 0.943 0.221 0.914 0.224 0.9 0.222 0.868 0.211 0.84 0.238 0.843 0.265 0.843 0.327 0.833 0.37 0.82 0.415 0.796 0.419 0.807 0.417 0.852 0.411 0.873 0.394 0.901 0.37 0.922 0.347 0.935 0.309 0.95 0.288 0.953
0 0.872 0.943 0.845 0.942 0.815 0.936 0.778 0.92 0.755 0.905 0.743 0.891 0.729 0.869 0.722 0.82 0.722 0.814 0.738 0.794 0.741 0.785 0.775 0.779 0.802 0.768 0.824 0.752 0.847 0.726 0.854 0.727 0.867 0.726 0.893 0.733 0.909 0.733 0.934 0.762 0.946 0.771 0.965 0.783 0.993 0.792 0.993 0.864 0.987 0.886 0.979 0.9 0.957 0.919 0.932 0.932 0.899 0.939 0.872 0.943
0 0.998 0.794 0.964 0.783 0.946 0.772 0.931 0.758 0.897 0.711 0.888 0.692 0.879 0.658 0.879 0.642 0.882 0.628 0.888 0.617 0.901 0.602 0.946 0.588 0.982 0.569 0.995 0.567 1.0 0.569 0.998 0.794
0 0.867 0.606 0.819 0.603 0.793 0.591 0.756 0.578 0.766 0.544 0.762 0.513 0.75 0.488 0.74 0.476 0.724 0.463 0.756 0.45 0.783 0.433 0.815 0.417 0.83 0.407 0.844 0.404 0.871 0.404 0.886 0.407 0.899 0.412 0.957 0.446 0.998 0.48 0.998 0.553 0.99 0.563 0.965 0.58 0.94 0.591 0.906 0.601 0.867 0.606
0 0.735 0.459 0.72 0.459 0.682 0.439 0.619 0.421 0.609 0.413 0.599 0.393 0.591 0.364 0.592 0.334 0.596 0.324 0.605 0.312 0.645 0.285 0.691 0.26 0.71 0.254 0.73 0.254 0.758 0.26 0.781 0.268 0.803 0.281 0.826 0.298 0.84 0.314 0.853 0.336 0.857 0.354 0.852 0.382 0.844 0.394 0.832 0.405 0.799 0.426 0.754 0.452 0.735 0.459
0 0.572 0.292 0.565 0.292 0.546 0.278 0.526 0.267 0.486 0.253 0.474 0.243 0.462 0.223 0.454 0.199 0.458 0.157 0.464 0.136 0.475 0.119 0.496 0.099 0.515 0.086 0.546 0.074 0.566 0.069 0.593 0.065 0.62 0.066 0.651 0.073 0.672 0.081 0.691 0.092 0.711 0.11 0.724 0.125 0.732 0.143 0.734 0.156 0.732 0.189 0.723 0.215 0.711 0.235 0.697 0.251 0.672 0.27 0.649 0.282 0.634 0.287 0.635 0.288 0.629 0.288 0.631 0.289 0.629 0.29 0.623 0.289 0.606 0.291 0.572 0.29
