0 0.301 0.412 0.237 0.412 0.201 0.404 0.167 0.372 0.151 0.343 0.137 0.29 0.143 0.232 0.164 0.186 0.196 0.153 0.238 0.135 0.274 0.135 0.342 0.145 0.541 0.157 0.633 0.171 0.695 0.189 0.727 0.206 0.755 0.246 0.761 0.269 0.757 0.286 0.762 0.313 0.756 0.343 0.698 0.375 0.392 0.392 0.301 0.412
0 0.969 0.975 0.912 0.965 0.87 0.933 0.833 0.877 0.82 0.84 0.811 0.795 0.811 0.669 0.841 0.384 0.859 0.255 0.865 0.086 0.879 0.034 0.903 0.001 0.966 0.004 0.984 0.016 0.999 0.043 0.999 0.965 0.969 0.975
0 0.236 0.827 0.179 0.826 0.142 0.812 0.103 0.774 0.087 0.733 0.085 0.69 0.098 0.637 0.122 0.599 0.161 0.57 0.221 0.549 0.502 0.527 0.66 0.49 0.715 0.49 0.737 0.532 0.748 0.601 0.747 0.623 0.698 0.675 0.676 0.715 0.651 0.716 0.569 0.753 0.383 0.809 0.236 0.827
0 0.792 0.997 0.121 0.997 0.121 0.954 0.139 0.953 0.186 0.918 0.214 0.859 0.245 0.833 0.38 0.808 0.465 0.783 0.594 0.765 0.653 0.745 0.702 0.743 0.738 0.757 0.764 0.78 0.79 0.816 0.805 0.852 0.813 0.893 0.813 0.929 0.807 0.964 0.792 0.997
0 0.709 0.0 0.55 0.059 0.366 0.145 0.249 0.135 0.219 0.141 0.186 0.16 0.18 0.16 0.18 0.0
0 0.897 0.0 0.896 0.014 0.88 0.033 0.868 0.068 0.862 0.147 0.814 0.163 0.762 0.192 0.725 0.205 0.643 0.175 0.525 0.157 0.533 0.114 0.554 0.089 0.632 0.031 0.707 0.0
0 0.0 0.282 0.014 0.223 0.025 0.207 0.023 0.153 0.044 0.083 0.095 0.046 0.117 0.055 0.142 0.152 0.145 0.206 0.137 0.267 0.147 0.348 0.157 0.379 0.167 0.392 0.172 0.418 0.172 0.477 0.162 0.504 0.149 0.524 0.112 0.545 0.08 0.549 0.052 0.535 0.018 0.494 0.008 0.468 0.0 0.305
0 0.0 0.414 0.008 0.469 0.031 0.52 0.079 0.551 0.118 0.546 0.127 0.58 0.127 0.591 0.106 0.615 0.09 0.647 0.082 0.676 0.083 0.704 0.09 0.747 0.104 0.781 0.159 0.824 0.16 0.832 0.154 0.87 0.137 0.912 0.11 0.949 0.098 0.957 0.05 0.972 0.002 0.971 0.0 0.623
0 0.319 0.539 0.292 0.539 0.291 0.533 0.3 0.478 0.32 0.415 0.395 0.395 0.431 0.393 0.457 0.468 0.453 0.525 0.358 0.53 0.319 0.539
0 0.802 0.814 0.792 0.814 0.702 0.702 0.698 0.688 0.7 0.675 0.743 0.636 0.75 0.622 0.745 0.569 0.737 0.529 0.718 0.492 0.661 0.485 0.652 0.469 0.651 0.41 0.646 0.396 0.646 0.387 0.704 0.379 0.731 0.359 0.743 0.362 0.754 0.355 0.765 0.331 0.764 0.28 0.77 0.282 0.795 0.518 0.8 0.674 0.79 0.728 0.792 0.769 0.802 0.796 0.802 0.814
0 0.157 0.565 0.147 0.558 0.146 0.542 0.166 0.51 0.174 0.485 0.176 0.419 0.169 0.392 0.217 0.418 0.306 0.418 0.278 0.528 0.269 0.545 0.186 0.55 0.157 0.565
0 0.517 0.152 0.379 0.142 0.413 0.122 0.475 0.1 0.571 0.054 0.611 0.044 0.579 0.059 0.539 0.099 0.529 0.114 0.517 0.152
0 0.801 0.404 0.79 0.404 0.783 0.396 0.772 0.292 0.747 0.23 0.725 0.203 0.862 0.141 0.863 0.197 0.855 0.211 0.833 0.291 0.816 0.39 0.801 0.404
0 0.811 0.684 0.802 0.669 0.796 0.633 0.791 0.493 0.831 0.29 0.85 0.223 0.86 0.203 0.859 0.264 0.844 0.352 0.811 0.68
