0 0.281 0.557 0.274 0.555 0.268 0.543 0.261 0.536 0.249 0.527 0.239 0.523 0.234 0.51 0.206 0.506 0.193 0.501 0.16 0.498 0.151 0.495 0.149 0.483 0.151 0.459 0.145 0.452 0.145 0.436 0.166 0.38 0.174 0.365 0.177 0.364 0.188 0.382 0.193 0.384 0.25 0.399 0.277 0.401 0.277 0.414 0.283 0.419 0.285 0.425 0.297 0.461 0.301 0.483 0.301 0.505 0.298 0.52 0.288 0.551 0.281 0.557
0 0.43 0.782 0.418 0.78 0.383 0.749 0.37 0.733 0.359 0.709 0.339 0.68 0.329 0.679 0.315 0.666 0.306 0.652 0.3 0.627 0.3 0.621 0.308 0.604 0.316 0.599 0.325 0.56 0.331 0.55 0.336 0.526 0.34 0.516 0.345 0.511 0.344 0.504 0.351 0.475 0.363 0.456 0.378 0.439 0.391 0.43 0.399 0.426 0.422 0.422 0.442 0.407 0.449 0.405 0.456 0.396 0.482 0.393 0.503 0.41 0.515 0.436 0.513 0.446 0.523 0.461 0.541 0.498 0.543 0.557 0.539 0.575 0.546 0.587 0.543 0.624 0.544 0.655 0.549 0.7 0.544 0.712 0.525 0.725 0.51 0.742 0.489 0.756 0.439 0.772 0.436 0.778 0.43 0.782
0 0.322 0.333 0.282 0.3 0.258 0.299 0.238 0.292 0.232 0.301 0.228 0.302 0.219 0.294 0.201 0.297 0.178 0.287 0.123 0.28 0.115 0.287 0.106 0.302 0.086 0.297 0.074 0.286 0.068 0.274 0.055 0.259 0.054 0.243 0.036 0.228 0.023 0.206 0.019 0.189 0.018 0.158 0.02 0.151 0.018 0.147 0.034 0.108 0.056 0.088 0.065 0.075 0.071 0.074 0.082 0.06 0.085 0.055 0.086 0.039 0.094 0.036 0.093 0.028 0.099 0.024 0.111 0.027 0.116 0.04 0.122 0.042 0.129 0.042 0.134 0.035 0.136 0.035 0.147 0.048 0.148 0.058 0.152 0.056 0.154 0.04 0.159 0.036 0.168 0.035 0.177 0.038 0.191 0.056 0.206 0.066 0.213 0.092 0.217 0.091 0.218 0.079 0.224 0.07 0.235 0.07 0.247 0.075 0.249 0.091 0.252 0.094 0.255 0.093 0.258 0.097 0.28 0.147 0.288 0.158 0.288 0.162 0.295 0.167 0.296 0.191 0.302 0.208 0.306 0.233 0.308 0.255 0.311 0.269 0.31 0.272 0.322 0.333
0 0.914 0.495 0.87 0.491 0.835 0.493 0.802 0.472 0.798 0.482 0.788 0.486 0.784 0.493 0.783 0.485 0.776 0.478 0.775 0.466 0.779 0.447 0.784 0.429 0.79 0.418 0.788 0.413 0.788 0.398 0.792 0.388 0.792 0.379 0.786 0.353 0.801 0.329 0.821 0.305 0.829 0.309 0.829 0.316 0.832 0.317 0.836 0.328 0.852 0.336 0.861 0.335 0.865 0.337 0.87 0.344 0.871 0.35 0.875 0.352 0.885 0.367 0.881 0.369 0.88 0.379 0.892 0.412 0.9 0.422 0.91 0.426 0.911 0.428 0.907 0.436 0.898 0.443 0.898 0.451 0.914 0.462 0.925 0.464 0.929 0.471 0.946 0.477 0.94 0.486 0.93 0.486 0.914 0.495
0 0.55 0.332 0.539 0.332 0.533 0.328 0.528 0.317 0.529 0.304 0.527 0.297 0.516 0.279 0.514 0.271 0.509 0.267 0.495 0.227 0.493 0.214 0.5 0.207 0.503 0.198 0.502 0.185 0.503 0.145 0.496 0.131 0.495 0.121 0.503 0.113 0.509 0.117 0.509 0.122 0.517 0.121 0.518 0.114 0.516 0.101 0.52 0.094 0.533 0.084 0.545 0.081 0.564 0.067 0.57 0.06 0.572 0.048 0.596 0.047 0.704 0.1 0.739 0.098 0.765 0.117 0.768 0.138 0.814 0.158 0.825 0.171 0.831 0.185 0.83 0.193 0.835 0.196 0.839 0.202 0.837 0.211 0.828 0.223 0.793 0.254 0.776 0.264 0.78 0.268 0.759 0.288 0.719 0.268 0.71 0.266 0.638 0.286 0.584 0.316 0.569 0.321 0.55 0.332
0 0.374 0.0 0.365 0.013 0.364 0.029 0.359 0.043 0.335 0.053 0.299 0.072 0.285 0.058 0.278 0.046 0.268 0.042 0.252 0.045 0.246 0.058 0.241 0.06 0.234 0.05 0.228 0.035 0.215 0.022 0.212 0.026 0.187 0.018 0.178 0.02 0.172 0.028 0.162 0.012 0.161 0.006 0.155 0.0
0 0.382 0.356 0.371 0.356 0.367 0.352 0.365 0.335 0.359 0.318 0.334 0.266 0.328 0.224 0.319 0.196 0.323 0.188 0.323 0.181 0.318 0.158 0.327 0.151 0.324 0.145 0.327 0.142 0.339 0.143 0.348 0.148 0.353 0.142 0.36 0.148 0.368 0.16 0.374 0.162 0.396 0.164 0.4 0.16 0.403 0.163 0.412 0.161 0.418 0.164 0.421 0.184 0.409 0.224 0.406 0.247 0.399 0.259 0.399 0.27 0.392 0.297 0.39 0.32 0.387 0.332 0.381 0.344 0.382 0.356
0 0.53 0.378 0.493 0.364 0.458 0.372 0.421 0.368 0.42 0.363 0.415 0.364 0.409 0.36 0.4 0.362 0.391 0.354 0.388 0.348 0.388 0.339 0.393 0.327 0.4 0.29 0.413 0.202 0.418 0.191 0.423 0.2 0.43 0.204 0.444 0.207 0.466 0.206 0.494 0.213 0.493 0.224 0.497 0.24 0.516 0.283 0.531 0.3 0.53 0.322 0.536 0.332 0.542 0.335 0.54 0.363 0.536 0.373 0.53 0.378
0 0.455 0.206 0.444 0.202 0.437 0.203 0.432 0.201 0.425 0.194 0.422 0.186 0.429 0.167 0.435 0.162 0.444 0.143 0.45 0.138 0.48 0.156 0.487 0.171 0.488 0.194 0.482 0.206 0.46 0.203 0.455 0.206
0 0.266 0.956 0.259 0.955 0.244 0.942 0.238 0.942 0.229 0.936 0.223 0.927 0.223 0.914 0.212 0.906 0.207 0.9 0.205 0.888 0.209 0.874 0.215 0.864 0.199 0.834 0.197 0.81 0.201 0.8 0.194 0.79 0.195 0.774 0.19 0.764 0.19 0.759 0.193 0.744 0.193 0.737 0.197 0.727 0.197 0.711 0.195 0.702 0.199 0.686 0.205 0.68 0.214 0.681 0.205 0.674 0.208 0.666 0.208 0.657 0.215 0.652 0.226 0.649 0.241 0.651 0.244 0.653 0.249 0.678 0.259 0.698 0.27 0.73 0.293 0.769 0.311 0.819 0.331 0.849 0.338 0.855 0.343 0.856 0.303 0.781 0.294 0.741 0.287 0.726 0.282 0.721 0.278 0.711 0.271 0.68 0.27 0.665 0.262 0.667 0.256 0.658 0.257 0.649 0.267 0.641 0.29 0.638 0.299 0.646 0.319 0.672 0.35 0.706 0.359 0.721 0.367 0.747 0.368 0.761 0.365 0.782 0.373 0.811 0.373 0.83 0.38 0.846 0.381 0.856 0.364 0.892 0.362 0.913 0.35 0.934 0.333 0.942 0.325 0.952 0.318 0.953 0.31 0.948 0.296 0.948 0.277 0.944 0.272 0.952 0.266 0.956
0 0.0 0.75 0.004 0.746 0.002 0.742 0.006 0.744 0.024 0.743 0.046 0.749 0.072 0.737 0.092 0.738 0.14 0.716 0.147 0.709 0.162 0.711 0.165 0.716 0.165 0.747 0.161 0.8 0.155 0.807 0.157 0.818 0.155 0.848 0.145 0.871 0.134 0.919 0.112 0.916 0.107 0.912 0.094 0.894 0.085 0.885 0.076 0.885 0.064 0.863 0.06 0.848 0.054 0.852 0.042 0.854 0.03 0.866 0.018 0.862 0.014 0.856 0.013 0.844 0.015 0.836 0.022 0.825 0.008 0.81 0.006 0.8 0.0 0.79
0 0.0 0.549 0.004 0.547 0.012 0.548 0.028 0.567 0.028 0.555 0.034 0.548 0.046 0.542 0.062 0.543 0.076 0.555 0.099 0.566 0.107 0.575 0.124 0.583 0.124 0.59 0.13 0.591 0.133 0.588 0.164 0.602 0.171 0.603 0.18 0.609 0.185 0.609 0.187 0.615 0.187 0.63 0.182 0.641 0.19 0.648 0.198 0.646 0.221 0.628 0.225 0.622 0.226 0.61 0.233 0.609 0.237 0.611 0.244 0.623 0.243 0.633 0.238 0.64 0.222 0.65 0.206 0.652 0.186 0.659 0.177 0.656 0.174 0.66 0.166 0.659 0.149 0.667 0.143 0.666 0.131 0.67 0.128 0.67 0.118 0.662 0.112 0.668 0.099 0.67 0.094 0.68 0.088 0.684 0.046 0.686 0.031 0.689 0.017 0.696 0.009 0.695 0.003 0.688 0.002 0.682 0.003 0.664 0.0 0.663
0 0.77 0.999 0.554 0.999 0.545 0.975 0.52 0.966 0.505 0.957 0.516 0.931 0.524 0.926 0.525 0.902 0.538 0.823 0.547 0.789 0.544 0.782 0.544 0.775 0.548 0.755 0.565 0.71 0.572 0.698 0.578 0.694 0.582 0.694 0.598 0.702 0.624 0.708 0.631 0.705 0.685 0.702 0.708 0.694 0.717 0.694 0.725 0.7 0.737 0.731 0.742 0.767 0.75 0.784 0.757 0.814 0.767 0.835 0.774 0.867 0.783 0.889 0.786 0.915 0.791 0.932 0.792 0.95 0.798 0.963 0.797 0.973 0.791 0.982 0.772 0.984 0.769 0.991 0.772 0.997 0.77 0.999
0 0.618 0.704 0.609 0.704 0.596 0.696 0.589 0.696 0.584 0.694 0.564 0.676 0.551 0.655 0.547 0.637 0.547 0.613 0.549 0.604 0.544 0.589 0.547 0.521 0.537 0.482 0.567 0.49 0.586 0.49 0.594 0.482 0.612 0.473 0.619 0.466 0.615 0.466 0.586 0.432 0.646 0.434 0.655 0.428 0.662 0.428 0.668 0.432 0.672 0.438 0.674 0.425 0.666 0.418 0.664 0.412 0.595 0.396 0.635 0.372 0.658 0.372 0.663 0.368 0.665 0.368 0.666 0.371 0.673 0.371 0.68 0.364 0.694 0.364 0.702 0.352 0.705 0.352 0.703 0.361 0.697 0.369 0.697 0.371 0.7 0.372 0.703 0.366 0.72 0.358 0.721 0.361 0.717 0.371 0.717 0.378 0.72 0.381 0.72 0.376 0.722 0.378 0.729 0.373 0.734 0.377 0.735 0.381 0.733 0.387 0.737 0.391 0.734 0.399 0.74 0.407 0.74 0.418 0.737 0.441 0.722 0.482 0.709 0.511 0.706 0.528 0.71 0.528 0.729 0.543 0.737 0.555 0.741 0.565 0.738 0.609 0.732 0.622 0.725 0.626 0.721 0.641 0.71 0.668 0.693 0.693 0.682 0.699 0.667 0.699 0.65 0.703 0.628 0.7 0.618 0.70
