0 0.117 0.797 0.09 0.797 0.074 0.794 0.062 0.788 0.052 0.778 0.041 0.778 0.028 0.773 0.022 0.762 0.016 0.735 0.011 0.729 0.006 0.711 0.002 0.706 0.003 0.699 0.015 0.685 0.017 0.676 0.026 0.666 0.048 0.657 0.062 0.644 0.081 0.632 0.184 0.599 0.221 0.591 0.236 0.584 0.28 0.571 0.36 0.535 0.422 0.5 0.462 0.483 0.48 0.479 0.514 0.475 0.534 0.479 0.545 0.485 0.555 0.486 0.558 0.483 0.565 0.505 0.578 0.554 0.598 0.609 0.598 0.622 0.595 0.632 0.569 0.661 0.546 0.68 0.513 0.696 0.458 0.713 0.389 0.722 0.339 0.734 0.324 0.74 0.307 0.742 0.3 0.747 0.283 0.752 0.26 0.764 0.194 0.786 0.153 0.794 0.117 0.797
0 0.838 0.997 0.799 0.997 0.796 0.991 0.786 0.988 0.758 0.959 0.744 0.938 0.736 0.921 0.732 0.908 0.71 0.86 0.7 0.832 0.676 0.778 0.645 0.708 0.605 0.628 0.587 0.587 0.561 0.501 0.552 0.459 0.548 0.424 0.548 0.389 0.553 0.361 0.569 0.331 0.579 0.322 0.59 0.315 0.613 0.308 0.629 0.308 0.647 0.315 0.663 0.328 0.673 0.34 0.689 0.367 0.699 0.391 0.71 0.422 0.726 0.483 0.739 0.552 0.747 0.578 0.754 0.625 0.763 0.664 0.788 0.738 0.82 0.814 0.846 0.867 0.852 0.882 0.857 0.912 0.862 0.919 0.867 0.935 0.862 0.965 0.859 0.969 0.853 0.971 0.843 0.981 0.838 0.997
0 0.922 0.872 0.906 0.871 0.873 0.863 0.85 0.851 0.836 0.813 0.831 0.791 0.829 0.762 0.83 0.694 0.839 0.583 0.838 0.511 0.833 0.391 0.839 0.333 0.842 0.326 0.845 0.302 0.848 0.293 0.85 0.275 0.86 0.245 0.873 0.226 0.904 0.207 0.914 0.202 0.941 0.199 0.959 0.204 0.969 0.209 0.987 0.226 0.993 0.233 0.996 0.241 1.0 0.228 1.0 0.412 0.993 0.437 0.994 0.478 0.991 0.509 0.975 0.573 0.97 0.602 0.969 0.636 0.963 0.693 0.96 0.776 0.957 0.809 0.951 0.835 0.943 0.855 0.939 0.861 0.929 0.865 0.922 0.872
0 0.458 0.0 0.484 0.007 0.511 0.025 0.53 0.044 0.543 0.07 0.542 0.089 0.547 0.145 0.54 0.178 0.529 0.196 0.514 0.21 0.483 0.227 0.469 0.231 0.44 0.232 0.383 0.221 0.352 0.211 0.3 0.202 0.167 0.19 0.096 0.167 0.086 0.166 0.075 0.15 0.073 0.129 0.068 0.111 0.069 0.1 0.076 0.088 0.093 0.066 0.117 0.052 0.211 0.033 0.27 0.028 0.322 0.02 0.401 0.001 0.419 0.0
0 0.547 0.394 0.537 0.392 0.521 0.384 0.513 0.377 0.496 0.356 0.492 0.345 0.486 0.324 0.485 0.304 0.49 0.274 0.499 0.252 0.521 0.228 0.549 0.208 0.569 0.202 0.593 0.199 0.613 0.199 0.638 0.206 0.675 0.208 0.768 0.207 0.869 0.196 0.899 0.189 0.916 0.181 0.986 0.181 0.997 0.203 0.997 0.252 0.987 0.233 0.98 0.223 0.961 0.208 0.946 0.203 0.914 0.205 0.885 0.223 0.871 0.241 0.857 0.269 0.845 0.315 0.805 0.329 0.773 0.345 0.694 0.373 0.69 0.371 0.678 0.348 0.666 0.332 0.647 0.315 0.63 0.308 0.611 0.308 0.59 0.315 0.574 0.326 0.562 0.343 0.554 0.361 0.55 0.391 0.547 0.394
0 0.232 0.587 0.228 0.586 0.224 0.582 0.219 0.57 0.21 0.538 0.205 0.509 0.204 0.473 0.207 0.444 0.212 0.422 0.222 0.401 0.234 0.383 0.248 0.369 0.262 0.361 0.282 0.357 0.299 0.358 0.315 0.363 0.345 0.385 0.361 0.415 0.374 0.454 0.377 0.478 0.378 0.503 0.373 0.518 0.359 0.531 0.333 0.547 0.299 0.563 0.232 0.587
0 0.886 0.997 0.839 0.996 0.843 0.983 0.851 0.975 0.858 0.974 0.864 0.965 0.868 0.952 0.868 0.936 0.861 0.917 0.856 0.911 0.847 0.871 0.789 0.742 0.764 0.669 0.751 0.617 0.745 0.572 0.733 0.523 0.729 0.498 0.71 0.424 0.704 0.407 0.705 0.402 0.72 0.401 0.726 0.396 0.74 0.398 0.75 0.395 0.758 0.406 0.77 0.435 0.779 0.489 0.794 0.631 0.817 0.715 0.83 0.75 0.833 0.792 0.84 0.827 0.851 0.851 0.867 0.862 0.897 0.868 0.9 0.87 0.902 0.879 0.906 0.91 0.906 0.951 0.897 0.979 0.886 0.997
0 0.623 0.921 0.589 0.918 0.556 0.911 0.512 0.891 0.499 0.887 0.423 0.877 0.346 0.859 0.27 0.831 0.236 0.816 0.211 0.797 0.202 0.784 0.271 0.759 0.311 0.741 0.398 0.72 0.455 0.713 0.478 0.707 0.518 0.708 0.554 0.701 0.59 0.699 0.618 0.701 0.623 0.704 0.632 0.705 0.644 0.709 0.651 0.719 0.702 0.836 0.705 0.852 0.693 0.879 0.675 0.899 0.649 0.915 0.623 0.921
0 0.231 0.971 0.197 0.97 0.173 0.963 0.151 0.948 0.14 0.935 0.134 0.925 0.128 0.899 0.131 0.844 0.143 0.819 0.165 0.792 0.201 0.784 0.212 0.797 0.229 0.81 0.255 0.823 0.306 0.843 0.362 0.862 0.422 0.875 0.48 0.88 0.49 0.879 0.491 0.881 0.529 0.89 0.532 0.897 0.549 0.905 0.552 0.909 0.55 0.926 0.545 0.949 0.539 0.957 0.529 0.963 0.482 0.966 0.411 0.958 0.36 0.957 0.274 0.964 0.231 0.971
0 0.829 0.746 0.819 0.723 0.801 0.659 0.799 0.646 0.802 0.648 0.802 0.641 0.788 0.584 0.774 0.458 0.766 0.425 0.753 0.397 0.751 0.379 0.752 0.368 0.764 0.348 0.807 0.328 0.826 0.322 0.832 0.323 0.842 0.333 0.837 0.379 0.836 0.409 0.836 0.522 0.838 0.523 0.84 0.56 0.84 0.61 0.836 0.633 0.829 0.746
0 0.908 0.946 0.907 0.946 0.907 0.912 0.904 0.88 0.917 0.876 0.923 0.873 0.931 0.861 0.939 0.859 0.953 0.827 0.954 0.832 0.951 0.858 0.944 0.893 0.932 0.921 0.908 0.946
0 0.559 0.494 0.539 0.483 0.522 0.478 0.476 0.479 0.477 0.457 0.481 0.44 0.486 0.424 0.5 0.403 0.512 0.392 0.526 0.388 0.548 0.397 0.549 0.437 0.559 0.494
0 0.504 0.246 0.496 0.239 0.487 0.225 0.508 0.214 0.522 0.202 0.547 0.167 0.554 0.149 0.567 0.166 0.582 0.18 0.601 0.193 0.625 0.203 0.604 0.205 0.601 0.205 0.599 0.201 0.581 0.203 0.577 0.202 0.563 0.206 0.557 0.21 0.547 0.211 0.53 0.222 0.504 0.246
0 0.129 0.618 0.127 0.618 0.125 0.613 0.119 0.557 0.107 0.387 0.107 0.336 0.11 0.308 0.115 0.294 0.169 0.322 0.202 0.335 0.254 0.362 0.253 0.366 0.234 0.384 0.22 0.405 0.21 0.43 0.204 0.464 0.206 0.518 0.211 0.545 0.224 0.59 0.129 0.618
0 0.38 0.521 0.378 0.521 0.379 0.508 0.374 0.453 0.354 0.395 0.406 0.398 0.429 0.393 0.453 0.38 0.465 0.4 0.471 0.424 0.474 0.447 0.475 0.479 0.429 0.495 0.38 0.521
0 0.516 0.382 0.47 0.359 0.477 0.341 0.48 0.322 0.479 0.3 0.475 0.281 0.468 0.266 0.459 0.252 0.444 0.238 0.426 0.228 0.46 0.231 0.486 0.225 0.503 0.246 0.494 0.262 0.49 0.275 0.486 0.296 0.486 0.319 0.494 0.348 0.507 0.368 0.519 0.381 0.516 0.382
0 0.398 0.398 0.38 0.397 0.353 0.391 0.329 0.369 0.309 0.358 0.282 0.355 0.257 0.362 0.201 0.334 0.156 0.316 0.115 0.295 0.076 0.269 0.043 0.236 0.035 0.219 0.035 0.19 0.043 0.193 0.071 0.172 0.083 0.166 0.093 0.166 0.177 0.194 0.228 0.207 0.298 0.219 0.332 0.222 0.395 0.22 0.439 0.232 0.456 0.245 0.47 0.266 0.477 0.282 0.481 0.317 0.479 0.34 0.472 0.356 0.462 0.371 0.446 0.384 0.428 0.393 0.398 0.398
0 0.722 0.211 0.669 0.211 0.624 0.205 0.596 0.193 0.567 0.168 0.554 0.15 0.546 0.131 0.541 0.087 0.545 0.061 0.56 0.028 0.57 0.014 0.583 0.004 0.935 0.004 0.95 0.01 0.969 0.023 0.985 0.044 0.994 0.064 0.995 0.13 0.979 0.145 0.977 0.156 0.975 0.158 0.955 0.157 0.917 0.183 0.893 0.193 0.879 0.196 0.807 0.206 0.722 0.21
