0 0.513 0.526 0.487 0.524 0.465 0.507 0.442 0.47 0.438 0.437 0.451 0.374 0.472 0.35 0.508 0.338 0.531 0.344 0.556 0.367 0.57 0.425 0.569 0.457 0.555 0.492 0.538 0.514 0.513 0.526
0 0.87 0.173 0.845 0.172 0.823 0.158 0.806 0.133 0.796 0.093 0.798 0.057 0.812 0.037 0.833 0.018 0.853 0.011 0.9 0.024 0.919 0.052 0.927 0.084 0.927 0.104 0.91 0.141 0.893 0.162 0.87 0.173
0 0.582 0.208 0.562 0.206 0.534 0.189 0.511 0.157 0.507 0.129 0.511 0.093 0.523 0.066 0.553 0.037 0.577 0.027 0.604 0.031 0.63 0.054 0.646 0.09 0.649 0.119 0.646 0.153 0.63 0.183 0.615 0.198 0.582 0.208
0 0.165 0.644 0.144 0.642 0.115 0.624 0.093 0.567 0.094 0.533 0.103 0.494 0.13 0.461 0.157 0.449 0.179 0.456 0.223 0.517 0.233 0.546 0.218 0.608 0.201 0.628 0.165 0.644
0 0.177 0.83 0.155 0.828 0.122 0.807 0.091 0.741 0.091 0.709 0.101 0.675 0.133 0.636 0.162 0.642 0.192 0.635 0.223 0.663 0.241 0.706 0.243 0.741 0.23 0.783 0.21 0.81 0.177 0.83
0 0.895 0.898 0.851 0.887 0.83 0.86 0.816 0.822 0.822 0.762 0.844 0.738 0.857 0.706 0.872 0.706 0.897 0.729 0.932 0.741 0.959 0.788 0.962 0.841 0.954 0.866 0.93 0.89 0.895 0.898
0 0.929 0.984 0.895 0.978 0.871 0.954 0.865 0.94 0.865 0.895 0.909 0.896 0.932 0.887 0.961 0.852 0.971 0.892 0.971 0.933 0.952 0.971 0.929 0.984
0 0.799 0.48 0.776 0.477 0.754 0.463 0.739 0.443 0.73 0.415 0.729 0.39 0.762 0.353 0.773 0.303 0.821 0.31 0.855 0.354 0.859 0.407 0.85 0.434 0.826 0.467 0.799 0.48
0 0.722 0.392 0.671 0.383 0.639 0.35 0.632 0.329 0.646 0.307 0.65 0.263 0.637 0.216 0.654 0.225 0.72 0.218 0.757 0.255 0.768 0.29 0.767 0.336 0.746 0.376 0.722 0.392
0 0.535 0.829 0.5 0.817 0.478 0.792 0.464 0.76 0.463 0.719 0.472 0.67 0.499 0.675 0.518 0.669 0.558 0.622 0.581 0.645 0.604 0.687 0.606 0.732 0.58 0.801 0.565 0.818 0.535 0.829
0 0.533 0.224 0.512 0.19 0.491 0.174 0.473 0.202 0.443 0.219 0.403 0.218 0.377 0.201 0.347 0.144 0.354 0.078 0.364 0.055 0.384 0.032 0.403 0.023 0.436 0.025 0.462 0.044 0.482 0.07 0.496 0.116 0.509 0.111 0.511 0.156 0.544 0.196 0.533 0.224
0 0.597 0.352 0.574 0.351 0.553 0.34 0.533 0.309 0.532 0.22 0.542 0.197 0.584 0.206 0.617 0.195 0.646 0.242 0.65 0.272 0.642 0.313 0.624 0.337 0.597 0.352
0 0.47 0.349 0.44 0.343 0.416 0.32 0.416 0.222 0.458 0.211 0.493 0.174 0.522 0.202 0.535 0.23 0.54 0.266 0.535 0.303 0.551 0.336 0.538 0.345 0.507 0.338 0.47 0.349
0 0.351 0.378 0.317 0.368 0.294 0.34 0.283 0.318 0.28 0.284 0.286 0.24 0.297 0.213 0.318 0.196 0.361 0.183 0.358 0.168 0.385 0.206 0.42 0.222 0.42 0.278 0.417 0.318 0.408 0.341 0.389 0.362 0.351 0.378
0 0.289 0.198 0.26 0.195 0.233 0.178 0.212 0.143 0.206 0.104 0.216 0.062 0.238 0.033 0.268 0.015 0.302 0.013 0.323 0.023 0.342 0.047 0.356 0.106 0.35 0.141 0.336 0.168 0.315 0.188 0.289 0.198
0 0.256 0.515 0.218 0.507 0.191 0.471 0.177 0.426 0.182 0.371 0.184 0.365 0.228 0.361 0.251 0.345 0.27 0.318 0.287 0.317 0.317 0.372 0.324 0.436 0.302 0.485 0.279 0.507 0.256 0.515
0 0.385 0.559 0.363 0.555 0.338 0.538 0.305 0.481 0.319 0.431 0.318 0.395 0.33 0.376 0.364 0.375 0.389 0.363 0.417 0.383 0.439 0.413 0.449 0.478 0.445 0.502 0.421 0.542 0.385 0.559
0 0.562 0.508 0.548 0.502 0.567 0.456 0.567 0.406 0.555 0.369 0.536 0.348 0.553 0.339 0.598 0.355 0.617 0.405 0.617 0.434 0.607 0.47 0.581 0.501 0.562 0.508
0 0.672 0.533 0.628 0.518 0.602 0.481 0.615 0.426 0.617 0.385 0.642 0.366 0.686 0.388 0.724 0.392 0.722 0.406 0.731 0.441 0.725 0.484 0.705 0.518 0.672 0.533
0 0.813 0.308 0.769 0.293 0.755 0.254 0.737 0.229 0.737 0.211 0.749 0.177 0.786 0.136 0.808 0.136 0.827 0.16 0.854 0.174 0.865 0.208 0.865 0.252 0.858 0.275 0.838 0.299 0.813 0.308
0 0.67 0.224 0.64 0.218 0.617 0.192 0.646 0.133 0.646 0.094 0.635 0.062 0.651 0.051 0.684 0.047 0.713 0.063 0.727 0.08 0.74 0.114 0.742 0.148 0.735 0.178 0.719 0.203 0.699 0.217 0.67 0.224
0 0.931 0.3 0.889 0.297 0.861 0.263 0.863 0.215 0.855 0.175 0.892 0.163 0.914 0.133 0.927 0.133 0.96 0.168 0.974 0.215 0.963 0.269 0.931 0.3
0 0.743 0.662 0.723 0.66 0.693 0.637 0.684 0.62 0.67 0.547 0.672 0.536 0.705 0.519 0.732 0.468 0.781 0.507 0.794 0.532 0.799 0.564 0.798 0.6 0.785 0.632 0.768 0.651 0.743 0.662
0 0.286 0.669 0.249 0.664 0.213 0.623 0.232 0.566 0.224 0.509 0.261 0.514 0.297 0.492 0.334 0.532 0.34 0.556 0.336 0.607 0.312 0.649 0.286 0.669
0 0.392 0.699 0.351 0.689 0.319 0.645 0.339 0.579 0.336 0.537 0.376 0.557 0.418 0.545 0.435 0.573 0.445 0.623 0.435 0.668 0.392 0.699
0 0.509 0.676 0.467 0.666 0.443 0.632 0.431 0.543 0.436 0.517 0.45 0.493 0.482 0.52 0.503 0.526 0.523 0.522 0.542 0.507 0.555 0.536 0.564 0.576 0.561 0.608 0.536 0.657 0.509 0.676
0 0.632 0.693 0.604 0.688 0.568 0.628 0.572 0.571 0.591 0.539 0.611 0.524 0.651 0.528 0.672 0.556 0.683 0.593 0.684 0.634 0.675 0.664 0.659 0.685 0.632 0.693
0 0.684 0.85 0.662 0.849 0.63 0.83 0.602 0.78 0.604 0.727 0.611 0.711 0.625 0.693 0.652 0.687 0.671 0.666 0.689 0.673 0.72 0.705 0.734 0.753 0.727 0.807 0.71 0.832 0.684 0.85
0 0.811 0.764 0.758 0.747 0.741 0.72 0.732 0.682 0.732 0.663 0.761 0.655 0.772 0.644 0.8 0.587 0.851 0.615 0.859 0.674 0.859 0.704 0.85 0.733 0.83 0.757 0.811 0.764
0 0.872 0.614 0.825 0.608 0.804 0.593 0.781 0.496 0.783 0.477 0.806 0.476 0.83 0.459 0.848 0.437 0.852 0.421 0.884 0.434 0.899 0.453 0.909 0.479 0.919 0.542 0.915 0.566 0.902 0.591 0.872 0.614
0 0.913 0.447 0.886 0.439 0.855 0.41 0.856 0.375 0.839 0.322 0.871 0.28 0.903 0.3 0.929 0.299 0.951 0.287 0.976 0.338 0.978 0.379 0.973 0.402 0.947 0.435 0.913 0.447
0 0.927 0.732 0.905 0.731 0.878 0.712 0.861 0.682 0.854 0.646 0.856 0.616 0.889 0.601 0.913 0.578 0.952 0.593 0.974 0.635 0.969 0.691 0.944 0.724 0.927 0.732
0 0.73 0.964 0.699 0.961 0.689 0.948 0.681 0.925 0.651 0.89 0.648 0.854 0.652 0.84 0.686 0.847 0.706 0.832 0.725 0.81 0.73 0.777 0.738 0.773 0.778 0.824 0.78 0.862 0.764 0.935 0.75 0.954 0.73 0.964
0 0.288 0.874 0.266 0.871 0.246 0.858 0.226 0.833 0.215 0.804 0.237 0.748 0.24 0.699 0.261 0.677 0.289 0.678 0.32 0.698 0.333 0.713 0.35 0.755 0.347 0.812 0.335 0.841 0.312 0.865 0.288 0.874
0 0.401 0.85 0.377 0.847 0.345 0.82 0.347 0.756 0.336 0.717 0.357 0.691 0.388 0.695 0.427 0.676 0.456 0.707 0.465 0.743 0.466 0.777 0.446 0.825 0.43 0.841 0.401 0.85
0 0.473 0.96 0.432 0.946 0.416 0.92 0.409 0.889 0.411 0.852 0.434 0.836 0.46 0.796 0.481 0.796 0.514 0.825 0.527 0.863 0.526 0.897 0.516 0.926 0.501 0.947 0.473 0.96
0 0.582 0.921 0.56 0.921 0.524 0.899 0.526 0.859 0.517 0.831 0.549 0.825 0.571 0.812 0.596 0.774 0.62 0.808 0.629 0.858 0.617 0.891 0.601 0.911 0.582 0.92
