0 0.432 0.976 0.415 0.974 0.403 0.968 0.391 0.954 0.385 0.944 0.352 0.92 0.34 0.903 0.324 0.856 0.316 0.812 0.316 0.77 0.322 0.708 0.332 0.665 0.344 0.637 0.359 0.612 0.381 0.59 0.406 0.573 0.423 0.566 0.439 0.564 0.465 0.57 0.491 0.57 0.507 0.579 0.52 0.591 0.549 0.628 0.571 0.662 0.576 0.676 0.584 0.715 0.583 0.76 0.576 0.794 0.568 0.821 0.55 0.856 0.537 0.879 0.505 0.92 0.471 0.955 0.45 0.97 0.432 0.976
0 0.766 0.825 0.745 0.825 0.722 0.818 0.703 0.805 0.687 0.785 0.655 0.727 0.639 0.678 0.635 0.643 0.636 0.608 0.644 0.565 0.659 0.51 0.671 0.48 0.687 0.457 0.702 0.443 0.725 0.428 0.745 0.423 0.772 0.423 0.8 0.432 0.841 0.457 0.852 0.468 0.87 0.493 0.889 0.532 0.897 0.562 0.901 0.599 0.899 0.642 0.894 0.673 0.879 0.732 0.872 0.752 0.864 0.766 0.852 0.78 0.836 0.791 0.808 0.802 0.784 0.818 0.766 0.825
0 0.506 0.571 0.456 0.57 0.435 0.563 0.404 0.544 0.382 0.523 0.368 0.505 0.356 0.482 0.346 0.455 0.338 0.421 0.337 0.395 0.341 0.371 0.347 0.354 0.378 0.312 0.358 0.309 0.33 0.32 0.325 0.309 0.327 0.3 0.336 0.302 0.366 0.299 0.386 0.302 0.404 0.283 0.426 0.265 0.447 0.241 0.462 0.232 0.473 0.229 0.493 0.23 0.513 0.239 0.533 0.255 0.556 0.283 0.577 0.317 0.591 0.355 0.596 0.373 0.601 0.415 0.598 0.466 0.587 0.51 0.571 0.537 0.56 0.548 0.539 0.555 0.52 0.568 0.506 0.571
0 0.822 0.405 0.801 0.404 0.785 0.4 0.764 0.39 0.748 0.379 0.721 0.35 0.7 0.312 0.69 0.276 0.69 0.236 0.698 0.176 0.711 0.13 0.727 0.099 0.746 0.075 0.776 0.054 0.803 0.042 0.836 0.038 0.864 0.041 0.927 0.055 0.954 0.068 0.973 0.088 0.983 0.101 0.992 0.119 0.999 0.141 1.0 0.239 0.991 0.267 0.979 0.295 0.962 0.321 0.945 0.343 0.919 0.368 0.896 0.382 0.839 0.402 0.822 0.405
0 0.974 0.957 0.952 0.955 0.925 0.946 0.9 0.933 0.884 0.908 0.86 0.876 0.825 0.845 0.818 0.825 0.817 0.804 0.819 0.799 0.841 0.788 0.855 0.778 0.871 0.753 0.892 0.681 0.901 0.633 0.958 0.613 0.998 0.607 1.0 0.608 1.0 0.949 0.974 0.957
0 0.93 1.0 0.633 0.999 0.638 0.997 0.641 0.956 0.651 0.92 0.665 0.885 0.679 0.861 0.7 0.841 0.731 0.827 0.741 0.824 0.771 0.824 0.804 0.833 0.836 0.853 0.858 0.873 0.876 0.896 0.9 0.931 0.922 0.973 0.93 1.0
0 0.335 0.375 0.328 0.374 0.315 0.36 0.292 0.343 0.272 0.332 0.25 0.326 0.243 0.319 0.213 0.275 0.203 0.253 0.195 0.22 0.194 0.192 0.197 0.172 0.204 0.15 0.229 0.098 0.243 0.072 0.253 0.059 0.271 0.045 0.286 0.039 0.311 0.037 0.335 0.042 0.362 0.055 0.393 0.081 0.419 0.114 0.435 0.144 0.449 0.181 0.457 0.218 0.458 0.235 0.44 0.248 0.426 0.266 0.399 0.288 0.387 0.303 0.366 0.299 0.326 0.302 0.325 0.31 0.331 0.32 0.357 0.31 0.378 0.313 0.353 0.346 0.341 0.371 0.335 0.375
0 0.242 0.653 0.217 0.652 0.193 0.646 0.17 0.633 0.137 0.61 0.103 0.573 0.091 0.554 0.082 0.531 0.079 0.511 0.082 0.486 0.088 0.458 0.102 0.419 0.123 0.379 0.135 0.363 0.151 0.347 0.177 0.333 0.216 0.324 0.259 0.325 0.291 0.341 0.314 0.359 0.337 0.387 0.338 0.415 0.343 0.441 0.352 0.471 0.362 0.494 0.36 0.52 0.352 0.556 0.338 0.587 0.324 0.607 0.31 0.622 0.287 0.637 0.257 0.65 0.242 0.653
0 0.0 0.87 0.015 0.843 0.031 0.821 0.05 0.799 0.076 0.774 0.099 0.76 0.119 0.752 0.145 0.747 0.163 0.747 0.195 0.76 0.216 0.777 0.232 0.795 0.245 0.817 0.259 0.852 0.264 0.874 0.266 0.901 0.264 0.948 0.254 0.999 0.0 1.0
0 0.791 0.0 0.788 0.026 0.783 0.05 0.749 0.073 0.728 0.098 0.707 0.144 0.696 0.184 0.671 0.192 0.643 0.194 0.622 0.19 0.598 0.176 0.582 0.16 0.57 0.142 0.551 0.096 0.546 0.073 0.539 0.034 0.541 0.0
0 0.642 0.492 0.614 0.49 0.595 0.482 0.601 0.434 0.599 0.399 0.595 0.37 0.589 0.349 0.578 0.323 0.541 0.263 0.575 0.229 0.609 0.204 0.635 0.195 0.667 0.193 0.693 0.201 0.69 0.243 0.69 0.27 0.693 0.287 0.701 0.312 0.71 0.331 0.729 0.36 0.747 0.379 0.747 0.388 0.743 0.411 0.737 0.425 0.719 0.432 0.698 0.446 0.682 0.463 0.666 0.488 0.642 0.492
0 0.0 0.183 0.031 0.168 0.059 0.163 0.087 0.167 0.12 0.183 0.157 0.217 0.177 0.246 0.193 0.29 0.198 0.326 0.168 0.337 0.154 0.345 0.139 0.359 0.128 0.372 0.098 0.428 0.089 0.453 0.082 0.483 0.068 0.482 0.037 0.472 0.02 0.464 0.0 0.451
0 0.259 0.0 0.262 0.05 0.24 0.076 0.2 0.162 0.175 0.174 0.143 0.181 0.118 0.178 0.095 0.167 0.069 0.149 0.051 0.13 0.034 0.104 0.024 0.085 0.015 0.063 0.0 0.014
0 0.0 0.511 0.019 0.497 0.044 0.486 0.063 0.482 0.082 0.482 0.079 0.507 0.082 0.53 0.094 0.561 0.112 0.584 0.133 0.607 0.174 0.636 0.197 0.649 0.187 0.678 0.179 0.708 0.167 0.728 0.151 0.746 0.121 0.752 0.1 0.76 0.072 0.779 0.05 0.799 0.023 0.794 0.0 0.781
0 0.599 0.763 0.583 0.76 0.584 0.715 0.579 0.685 0.571 0.663 0.554 0.635 0.523 0.595 0.508 0.581 0.491 0.571 0.519 0.567 0.542 0.553 0.561 0.546 0.573 0.533 0.584 0.514 0.595 0.483 0.635 0.494 0.646 0.504 0.655 0.518 0.642 0.577 0.635 0.625 0.635 0.651 0.638 0.674 0.655 0.728 0.643 0.742 0.632 0.751 0.617 0.758 0.599 0.763
0 0.981 0.0 0.98 0.014 0.978 0.014 0.977 0.019 0.966 0.021 0.944 0.061 0.923 0.054 0.847 0.038 0.816 0.039 0.782 0.049 0.79 0.0
0 0.541 0.263 0.524 0.247 0.502 0.234 0.486 0.229 0.458 0.233 0.455 0.204 0.447 0.173 0.422 0.114 0.421 0.096 0.425 0.084 0.463 0.081 0.486 0.074 0.505 0.061 0.525 0.04 0.534 0.041 0.542 0.047 0.552 0.097 0.569 0.139 0.586 0.166 0.587 0.178 0.583 0.204 0.572 0.23 0.541 0.263
0 0.537 0.0 0.536 0.011 0.532 0.025 0.509 0.057 0.474 0.078 0.46 0.08 0.427 0.078 0.408 0.072 0.401 0.062 0.389 0.059 0.367 0.038 0.356 0.019 0.35 0.0
0 0.35 0.0 0.358 0.02 0.372 0.042 0.387 0.055 0.391 0.062 0.402 0.063 0.402 0.09 0.369 0.059 0.354 0.05 0.331 0.041 0.311 0.037 0.29 0.038 0.277 0.042 0.26 0.052 0.259 0.0
0 0.0 0.452 0.001 0.45 0.037 0.471 0.064 0.48 0.036 0.49 0.02 0.497 0.001 0.511 0.0 0.509
0 1.0 0.142 0.992 0.119 0.978 0.094 0.958 0.072 0.944 0.062 0.956 0.04 0.962 0.023 0.966 0.019 1.0 0.022 1.0 0.142
0 0.999 0.452 0.972 0.44 0.945 0.418 0.934 0.433 0.927 0.435 0.92 0.424 0.938 0.408 0.924 0.388 0.915 0.371 0.944 0.343 0.97 0.309 0.988 0.272 1.0 0.241 0.999 0.452
0 0.902 0.632 0.9 0.632 0.901 0.6 0.899 0.574 0.894 0.549 0.886 0.524 0.87 0.491 0.852 0.468 0.838 0.455 0.805 0.434 0.807 0.429 0.819 0.418 0.844 0.406 0.857 0.406 0.869 0.41 0.902 0.432 0.911 0.403 0.919 0.393 0.922 0.4 0.91 0.438 0.948 0.461 0.96 0.471 0.971 0.483 0.98 0.499 0.986 0.522 0.988 0.553 0.982 0.583 0.971 0.609 0.951 0.613 0.941 0.619 0.902 0.632
0 0.303 0.855 0.287 0.853 0.267 0.843 0.253 0.825 0.248 0.821 0.219 0.78 0.199 0.763 0.182 0.753 0.178 0.73 0.18 0.701 0.187 0.673 0.197 0.649 0.222 0.654 0.241 0.654 0.262 0.648 0.29 0.635 0.309 0.622 0.329 0.6 0.341 0.579 0.355 0.544 0.376 0.568 0.385 0.586 0.356 0.617 0.333 0.662 0.323 0.7 0.316 0.761 0.316 0.812 0.322 0.848 0.316 0.853 0.303 0.855
0 0.453 1.0 0.285 0.998 0.306 0.976 0.339 0.955 0.36 0.949 0.384 0.946 0.387 0.947 0.398 0.963 0.416 0.973 0.434 0.975 0.449 0.97 0.454 0.971 0.476 0.997 0.473 0.999 0.453 1.0
0 0.283 0.999 0.254 0.998 0.261 0.971 0.266 0.932 0.264 0.85 0.27 0.844 0.288 0.852 0.302 0.854 0.312 0.853 0.322 0.848 0.339 0.899 0.347 0.914 0.359 0.925 0.382 0.94 0.384 0.944 0.358 0.949 0.335 0.957 0.308 0.974 0.283 0.999
0 0.639 1.0 0.477 1.0 0.454 0.969 0.504 0.92 0.539 0.874 0.567 0.821 0.583 0.763 0.599 0.777 0.621 0.812 0.642 0.873 0.649 0.922 0.641 0.961 0.639 1.0
0 0.666 0.881 0.657 0.865 0.646 0.83 0.64 0.797 0.638 0.773 0.637 0.748 0.655 0.728 0.681 0.776 0.696 0.797 0.717 0.814 0.738 0.823 0.698 0.843 0.68 0.86 0.666 0.881
0 0.999 1.0 0.929 1.0 0.921 0.972 0.905 0.942 0.903 0.935 0.906 0.934 0.926 0.945 0.955 0.955 0.978 0.956 0.999 0.948 0.999 1.0
0 0.0 0.022 0.001 0.017 0.015 0.062 0.031 0.099 0.043 0.118 0.061 0.142 0.041 0.156 0.033 0.158 0.003 0.165 0.001 0.165 0.0 0.16
