0 0.146 0.0 0.17 0.034 0.187 0.067 0.2 0.115 0.203 0.136 0.204 0.159 0.196 0.164 0.196 0.192 0.189 0.209 0.19 0.218 0.188 0.222 0.168 0.225 0.144 0.236 0.123 0.25 0.105 0.272 0.073 0.269 0.052 0.263 0.016 0.239 0.005 0.229 0.0 0.218 0.0 0.0
0 0.0 0.222 0.006 0.225 0.015 0.238 0.046 0.261 0.062 0.282 0.074 0.307 0.08 0.325 0.072 0.363 0.072 0.4 0.076 0.428 0.087 0.452 0.071 0.449 0.038 0.448 0.016 0.452 0.0 0.458
0 0.334 0.293 0.297 0.29 0.288 0.286 0.27 0.272 0.256 0.256 0.24 0.23 0.224 0.185 0.2 0.183 0.195 0.174 0.195 0.166 0.199 0.162 0.219 0.163 0.216 0.133 0.218 0.103 0.224 0.077 0.236 0.052 0.248 0.036 0.263 0.022 0.299 0.003 0.329 0.003 0.349 0.007 0.371 0.017 0.399 0.038 0.413 0.058 0.422 0.08 0.437 0.144 0.438 0.176 0.434 0.2 0.426 0.223 0.413 0.244 0.381 0.258 0.353 0.28 0.342 0.292 0.334 0.293
0 0.551 0.308 0.528 0.307 0.512 0.298 0.51 0.3 0.494 0.276 0.469 0.252 0.453 0.225 0.443 0.176 0.446 0.145 0.452 0.12 0.463 0.09 0.478 0.065 0.497 0.044 0.518 0.029 0.546 0.018 0.566 0.016 0.583 0.021 0.609 0.036 0.622 0.046 0.634 0.064 0.644 0.085 0.649 0.106 0.653 0.134 0.654 0.161 0.651 0.187 0.643 0.22 0.635 0.241 0.621 0.265 0.606 0.283 0.589 0.298 0.571 0.306 0.551 0.308
0 0.783 0.348 0.776 0.346 0.766 0.319 0.749 0.292 0.72 0.267 0.699 0.259 0.691 0.235 0.69 0.2 0.695 0.169 0.701 0.146 0.714 0.117 0.73 0.092 0.751 0.071 0.767 0.061 0.789 0.051 0.812 0.05 0.823 0.053 0.835 0.061 0.859 0.096 0.862 0.09 0.863 0.074 0.867 0.074 0.869 0.076 0.871 0.092 0.866 0.104 0.893 0.138 0.907 0.163 0.914 0.187 0.914 0.221 0.91 0.241 0.898 0.268 0.889 0.285 0.87 0.306 0.845 0.326 0.825 0.337 0.808 0.344 0.783 0.348
0 1.0 0.0 1.0 0.058 0.988 0.081 0.969 0.104 0.946 0.124 0.918 0.139 0.898 0.144 0.866 0.105 0.871 0.09 0.867 0.074 0.863 0.075 0.859 0.096 0.843 0.072 0.831 0.058 0.814 0.05 0.794 0.05 0.791 0.024 0.793 0.0
0 0.774 0.0 0.766 0.025 0.756 0.046 0.724 0.086 0.703 0.105 0.689 0.111 0.674 0.115 0.652 0.111 0.638 0.071 0.623 0.047 0.599 0.029 0.572 0.017 0.568 0.0
0 0.448 0.094 0.426 0.094 0.415 0.064 0.403 0.044 0.379 0.023 0.344 0.006 0.344 0.0 0.526 0.0 0.524 0.026 0.509 0.035 0.49 0.052 0.477 0.067 0.461 0.094 0.448 0.094
0 0.295 0.0 0.294 0.006 0.277 0.013 0.257 0.027 0.245 0.04 0.231 0.06 0.224 0.061 0.198 0.056 0.179 0.046 0.15 0.005 0.149 0.0
0 0.188 0.522 0.167 0.521 0.149 0.513 0.097 0.467 0.091 0.46 0.08 0.439 0.073 0.417 0.071 0.399 0.072 0.363 0.076 0.339 0.086 0.308 0.099 0.281 0.112 0.263 0.131 0.245 0.156 0.23 0.178 0.224 0.196 0.225 0.21 0.229 0.223 0.235 0.236 0.247 0.272 0.292 0.299 0.332 0.307 0.35 0.312 0.375 0.312 0.394 0.306 0.419 0.299 0.436 0.28 0.467 0.219 0.513 0.207 0.518 0.188 0.522
0 0.431 0.519 0.416 0.519 0.395 0.513 0.384 0.507 0.352 0.48 0.338 0.461 0.322 0.424 0.314 0.397 0.313 0.375 0.316 0.348 0.323 0.327 0.337 0.298 0.349 0.283 0.369 0.266 0.39 0.253 0.416 0.244 0.436 0.242 0.457 0.247 0.469 0.253 0.485 0.267 0.5 0.284 0.511 0.302 0.512 0.309 0.518 0.316 0.527 0.336 0.536 0.371 0.537 0.397 0.535 0.414 0.528 0.438 0.517 0.459 0.506 0.475 0.481 0.497 0.464 0.508 0.448 0.515 0.431 0.519
0 0.671 0.542 0.643 0.54 0.619 0.528 0.61 0.533 0.605 0.527 0.603 0.522 0.607 0.521 0.595 0.51 0.58 0.493 0.57 0.476 0.564 0.461 0.557 0.424 0.558 0.391 0.565 0.362 0.575 0.339 0.588 0.319 0.608 0.296 0.633 0.275 0.658 0.262 0.674 0.258 0.702 0.259 0.72 0.267 0.742 0.283 0.762 0.31 0.772 0.333 0.778 0.356 0.778 0.405 0.772 0.438 0.763 0.464 0.753 0.485 0.737 0.506 0.726 0.518 0.708 0.532 0.69 0.54 0.671 0.542
0 0.899 0.56 0.872 0.557 0.856 0.532 0.835 0.51 0.819 0.499 0.794 0.488 0.785 0.467 0.78 0.445 0.779 0.426 0.781 0.411 0.788 0.386 0.792 0.383 0.803 0.359 0.794 0.359 0.792 0.351 0.795 0.346 0.822 0.341 0.876 0.304 0.909 0.301 0.931 0.308 0.952 0.32 0.973 0.34 0.989 0.364 1.0 0.388 1.0 0.473 0.982 0.507 0.959 0.533 0.924 0.554 0.899 0.56
0 0.784 0.784 0.769 0.783 0.747 0.775 0.723 0.757 0.709 0.741 0.695 0.716 0.681 0.675 0.676 0.644 0.676 0.615 0.677 0.594 0.683 0.569 0.69 0.552 0.698 0.539 0.735 0.509 0.747 0.502 0.769 0.492 0.792 0.49 0.815 0.498 0.835 0.511 0.854 0.532 0.867 0.55 0.882 0.582 0.892 0.615 0.895 0.637 0.896 0.669 0.893 0.702 0.889 0.714 0.878 0.736 0.863 0.755 0.835 0.774 0.809 0.782 0.784 0.784
0 0.527 0.771 0.51 0.768 0.493 0.759 0.476 0.746 0.454 0.72 0.446 0.705 0.437 0.676 0.431 0.652 0.429 0.629 0.43 0.604 0.437 0.571 0.444 0.55 0.454 0.529 0.467 0.512 0.484 0.498 0.504 0.488 0.517 0.486 0.534 0.488 0.57 0.505 0.582 0.507 0.582 0.515 0.607 0.538 0.625 0.564 0.635 0.593 0.638 0.615 0.636 0.642 0.63 0.671 0.62 0.694 0.608 0.715 0.585 0.741 0.565 0.757 0.547 0.766 0.527 0.771
0 0.292 0.781 0.265 0.779 0.252 0.775 0.236 0.764 0.216 0.744 0.2 0.715 0.193 0.694 0.183 0.652 0.181 0.614 0.186 0.587 0.194 0.562 0.209 0.534 0.228 0.511 0.25 0.492 0.275 0.477 0.298 0.47 0.318 0.47 0.342 0.477 0.367 0.492 0.379 0.503 0.39 0.518 0.403 0.548 0.408 0.572 0.408 0.625 0.404 0.652 0.394 0.684 0.385 0.707 0.371 0.731 0.352 0.753 0.334 0.767 0.312 0.777 0.292 0.781
0 0.0 0.458 0.016 0.452 0.04 0.447 0.071 0.448 0.088 0.454 0.096 0.465 0.159 0.525 0.173 0.562 0.179 0.598 0.178 0.612 0.174 0.637 0.166 0.663 0.14 0.7 0.126 0.714 0.09 0.74 0.065 0.749 0.036 0.75 0.0 0.74
0 0.0 0.771 0.001 0.74 0.036 0.751 0.041 0.765 0.046 0.804 0.045 0.832 0.035 0.873 0.023 0.899 0.013 0.915 0.001 0.929 0.0 0.922
0 0.189 0.999 0.093 0.999 0.076 0.985 0.062 0.961 0.054 0.939 0.047 0.906 0.047 0.88 0.052 0.83 0.06 0.802 0.074 0.769 0.089 0.747 0.117 0.721 0.138 0.712 0.152 0.71 0.16 0.704 0.195 0.703 0.216 0.742 0.234 0.761 0.252 0.774 0.273 0.78 0.277 0.805 0.277 0.836 0.273 0.865 0.266 0.896 0.253 0.929 0.239 0.953 0.225 0.971 0.207 0.988 0.189 0.999
0 0.488 0.999 0.332 0.999 0.327 0.996 0.309 0.968 0.3 0.947 0.296 0.93 0.293 0.904 0.293 0.878 0.299 0.832 0.31 0.8 0.325 0.771 0.346 0.757 0.372 0.73 0.393 0.725 0.425 0.725 0.442 0.73 0.466 0.746 0.485 0.764 0.508 0.792 0.521 0.813 0.528 0.834 0.533 0.857 0.532 0.885 0.526 0.918 0.516 0.949 0.502 0.98 0.488 0.999
0 0.675 0.999 0.615 0.998 0.606 0.986 0.597 0.966 0.576 0.929 0.571 0.934 0.551 0.943 0.546 0.942 0.546 0.925 0.56 0.924 0.572 0.918 0.556 0.886 0.546 0.853 0.544 0.826 0.549 0.798 0.557 0.774 0.565 0.759 0.604 0.72 0.629 0.712 0.652 0.712 0.671 0.717 0.687 0.725 0.712 0.745 0.725 0.76 0.738 0.78 0.749 0.811 0.755 0.838 0.758 0.87 0.753 0.907 0.745 0.936 0.726 0.973 0.703 0.999 0.675 0.999
0 0.95 1.0 0.876 1.0 0.844 0.984 0.815 0.959 0.792 0.927 0.784 0.911 0.773 0.879 0.766 0.828 0.767 0.802 0.77 0.786 0.814 0.781 0.847 0.768 0.863 0.755 0.878 0.736 0.894 0.702 0.912 0.707 0.927 0.715 0.953 0.737 0.971 0.761 0.983 0.783 0.999 0.828 1.0 0.92 0.999 0.932 0.99 0.956 0.981 0.971 0.965 0.989 0.95 1.
