0 0.228 0.459 0.207 0.452 0.178 0.452 0.152 0.433 0.141 0.42 0.131 0.401 0.121 0.375 0.117 0.353 0.121 0.306 0.125 0.289 0.134 0.269 0.167 0.232 0.187 0.218 0.21 0.209 0.235 0.21 0.25 0.215 0.28 0.234 0.294 0.249 0.303 0.267 0.313 0.29 0.317 0.314 0.315 0.352 0.299 0.37 0.286 0.392 0.28 0.41 0.274 0.437 0.256 0.449 0.228 0.459
0 0.416 0.332 0.392 0.328 0.359 0.332 0.344 0.321 0.326 0.304 0.314 0.285 0.305 0.241 0.305 0.214 0.309 0.196 0.336 0.14 0.347 0.126 0.358 0.117 0.377 0.107 0.402 0.101 0.421 0.104 0.437 0.112 0.452 0.123 0.466 0.138 0.481 0.167 0.489 0.206 0.49 0.224 0.487 0.243 0.468 0.291 0.457 0.306 0.44 0.321 0.416 0.332
0 0.547 0.292 0.532 0.284 0.517 0.272 0.503 0.254 0.492 0.229 0.487 0.188 0.49 0.161 0.496 0.138 0.508 0.111 0.516 0.101 0.524 0.092 0.55 0.075 0.563 0.07 0.585 0.069 0.601 0.071 0.618 0.078 0.64 0.096 0.651 0.111 0.66 0.134 0.666 0.157 0.668 0.175 0.668 0.197 0.663 0.222 0.651 0.253 0.643 0.267 0.635 0.278 0.622 0.288 0.612 0.292 0.589 0.285 0.574 0.284 0.547 0.292
0 0.749 0.409 0.725 0.406 0.698 0.391 0.696 0.386 0.678 0.366 0.654 0.328 0.647 0.296 0.648 0.268 0.654 0.243 0.662 0.223 0.673 0.204 0.693 0.181 0.702 0.174 0.726 0.163 0.742 0.159 0.765 0.161 0.781 0.167 0.799 0.179 0.817 0.198 0.826 0.212 0.833 0.229 0.84 0.254 0.844 0.281 0.842 0.305 0.838 0.323 0.827 0.351 0.812 0.376 0.78 0.4 0.749 0.409
0 0.349 0.579 0.332 0.573 0.318 0.562 0.297 0.537 0.287 0.518 0.28 0.495 0.275 0.467 0.274 0.44 0.279 0.413 0.287 0.392 0.297 0.374 0.311 0.356 0.325 0.345 0.354 0.334 0.38 0.328 0.402 0.329 0.416 0.333 0.433 0.343 0.447 0.358 0.461 0.379 0.468 0.395 0.476 0.422 0.48 0.448 0.478 0.47 0.474 0.488 0.468 0.506 0.458 0.525 0.443 0.544 0.424 0.563 0.401 0.574 0.375 0.574 0.349 0.579
0 0.577 0.552 0.555 0.547 0.535 0.537 0.513 0.517 0.498 0.5 0.486 0.473 0.48 0.45 0.476 0.424 0.476 0.4 0.479 0.38 0.487 0.353 0.497 0.334 0.51 0.317 0.521 0.308 0.549 0.292 0.569 0.285 0.585 0.284 0.606 0.291 0.627 0.302 0.647 0.32 0.658 0.333 0.672 0.356 0.679 0.377 0.683 0.397 0.684 0.423 0.681 0.449 0.672 0.476 0.661 0.498 0.645 0.522 0.625 0.538 0.595 0.549 0.577 0.552
0 0.777 0.687 0.75 0.683 0.728 0.672 0.711 0.66 0.672 0.596 0.669 0.578 0.666 0.547 0.666 0.521 0.67 0.5 0.676 0.482 0.695 0.449 0.711 0.431 0.729 0.419 0.766 0.405 0.783 0.406 0.8 0.413 0.827 0.43 0.843 0.448 0.856 0.473 0.866 0.501 0.871 0.521 0.875 0.554 0.872 0.577 0.865 0.605 0.858 0.622 0.84 0.65 0.831 0.662 0.813 0.674 0.792 0.684 0.777 0.687
0 0.188 0.739 0.169 0.737 0.141 0.726 0.121 0.713 0.106 0.699 0.094 0.68 0.08 0.642 0.077 0.617 0.076 0.592 0.088 0.538 0.096 0.52 0.112 0.496 0.134 0.473 0.16 0.457 0.18 0.452 0.204 0.452 0.223 0.456 0.238 0.465 0.26 0.482 0.277 0.501 0.292 0.531 0.298 0.55 0.301 0.57 0.301 0.595 0.297 0.623 0.281 0.657 0.273 0.686 0.265 0.697 0.241 0.72 0.223 0.732 0.21 0.737 0.188 0.739
0 0.378 0.88 0.36 0.879 0.344 0.873 0.32 0.853 0.298 0.828 0.288 0.81 0.278 0.779 0.272 0.748 0.27 0.712 0.276 0.674 0.282 0.654 0.3 0.621 0.324 0.594 0.342 0.582 0.359 0.576 0.38 0.574 0.406 0.575 0.425 0.582 0.442 0.596 0.469 0.628 0.481 0.647 0.489 0.669 0.494 0.688 0.496 0.756 0.491 0.784 0.48 0.811 0.452 0.849 0.44 0.86 0.418 0.873 0.403 0.877 0.378 0.88
0 0.618 0.87 0.598 0.868 0.568 0.856 0.551 0.846 0.534 0.83 0.508 0.787 0.498 0.752 0.495 0.722 0.494 0.688 0.498 0.659 0.51 0.633 0.523 0.609 0.536 0.594 0.553 0.582 0.585 0.569 0.597 0.566 0.619 0.569 0.647 0.581 0.664 0.592 0.678 0.607 0.708 0.655 0.716 0.68 0.719 0.701 0.719 0.728 0.715 0.763 0.706 0.789 0.689 0.825 0.679 0.838 0.654 0.856 0.631 0.867 0.618 0.8
