0 0.456 0.709 0.406 0.708 0.383 0.701 0.351 0.685 0.333 0.683 0.308 0.675 0.277 0.655 0.254 0.631 0.236 0.602 0.226 0.583 0.218 0.556 0.211 0.526 0.208 0.51 0.207 0.47 0.215 0.413 0.189 0.427 0.161 0.452 0.125 0.477 0.116 0.478 0.106 0.487 0.094 0.492 0.087 0.501 0.075 0.507 0.06 0.526 0.043 0.538 0.038 0.549 0.031 0.559 0.025 0.563 0.017 0.575 0.008 0.577 0.006 0.574 0.012 0.566 0.012 0.552 0.016 0.544 0.026 0.532 0.034 0.528 0.044 0.514 0.047 0.502 0.052 0.497 0.065 0.49 0.068 0.485 0.086 0.473 0.106 0.464 0.118 0.463 0.135 0.452 0.157 0.444 0.186 0.422 0.216 0.405 0.219 0.4 0.219 0.396 0.234 0.354 0.249 0.324 0.269 0.294 0.306 0.234 0.318 0.218 0.34 0.196 0.367 0.179 0.396 0.17 0.457 0.169 0.514 0.174 0.545 0.191 0.576 0.218 0.622 0.279 0.645 0.319 0.655 0.346 0.666 0.398 0.67 0.437 0.668 0.485 0.659 0.53 0.646 0.564 0.629 0.593 0.589 0.641 0.565 0.661 0.524 0.687 0.492 0.701 0.456 0.709
0 0.543 0.0 0.538 0.032 0.541 0.065 0.554 0.103 0.563 0.12 0.563 0.132 0.557 0.144 0.555 0.158 0.554 0.183 0.556 0.198 0.519 0.175 0.501 0.171 0.449 0.167 0.41 0.168 0.384 0.172 0.363 0.181 0.333 0.201 0.322 0.196 0.3 0.174 0.293 0.163 0.264 0.11 0.253 0.078 0.246 0.049 0.241 0.015 0.242 0.0
0 0.882 0.0 0.893 0.019 0.914 0.067 0.922 0.095 0.929 0.136 0.931 0.155 0.929 0.186 0.917 0.248 0.909 0.273 0.885 0.322 0.859 0.323 0.843 0.332 0.827 0.335 0.815 0.343 0.804 0.348 0.784 0.367 0.785 0.371 0.798 0.38 0.809 0.385 0.815 0.365 0.825 0.357 0.841 0.355 0.865 0.333 0.873 0.33 0.879 0.33 0.877 0.337 0.861 0.358 0.841 0.379 0.819 0.395 0.797 0.407 0.759 0.418 0.734 0.42 0.706 0.418 0.679 0.407 0.665 0.397 0.654 0.346 0.631 0.296 0.578 0.222 0.553 0.198 0.554 0.193 0.555 0.151 0.561 0.131 0.562 0.123 0.545 0.084 0.538 0.06 0.537 0.045 0.541 0.0
0 1.0 0.58 0.984 0.556 0.963 0.518 0.937 0.45 0.928 0.415 0.924 0.389 0.918 0.326 0.885 0.326 0.87 0.33 0.841 0.354 0.825 0.357 0.819 0.361 0.815 0.367 0.808 0.385 0.799 0.386 0.796 0.38 0.784 0.368 0.791 0.357 0.804 0.346 0.816 0.342 0.828 0.333 0.835 0.333 0.858 0.322 0.899 0.322 0.919 0.318 0.923 0.253 0.932 0.202 0.938 0.144 0.95 0.118 0.973 0.079 0.999 0.046 1.0 0.58
0 0.672 1.0 0.262 0.999 0.261 0.996 0.266 0.953 0.283 0.885 0.295 0.857 0.339 0.773 0.363 0.741 0.391 0.718 0.409 0.708 0.462 0.708 0.49 0.701 0.523 0.689 0.564 0.703 0.604 0.727 0.622 0.746 0.647 0.783 0.66 0.815 0.674 0.882 0.677 0.941 0.672 1.0
0 1.0 1.0 0.711 1.0 0.71 0.997 0.71 0.961 0.716 0.938 0.716 0.927 0.725 0.918 0.744 0.88 0.765 0.853 0.796 0.827 0.85 0.8 0.898 0.784 0.948 0.774 1.0 0.772 1.0 1.0
0 0.0 0.579 0.018 0.573 0.043 0.569 0.071 0.569 0.094 0.572 0.141 0.588 0.165 0.6 0.19 0.618 0.221 0.647 0.244 0.677 0.253 0.694 0.269 0.735 0.289 0.78 0.299 0.813 0.299 0.82 0.295 0.822 0.287 0.808 0.285 0.807 0.286 0.838 0.282 0.888 0.267 0.946 0.253 0.982 0.244 1.0 0.0 1.0
0 0.678 0.969 0.675 0.968 0.677 0.928 0.672 0.873 0.66 0.818 0.643 0.778 0.621 0.747 0.601 0.727 0.561 0.703 0.526 0.692 0.526 0.686 0.56 0.665 0.581 0.648 0.613 0.614 0.629 0.593 0.643 0.567 0.658 0.53 0.667 0.487 0.67 0.448 0.688 0.443 0.732 0.438 0.764 0.451 0.816 0.484 0.85 0.514 0.872 0.542 0.89 0.56 0.922 0.618 0.931 0.643 0.936 0.669 0.942 0.679 0.956 0.691 0.969 0.694 0.979 0.686 1.0 0.687 1.0 0.743 0.994 0.752 0.984 0.76 0.977 0.775 0.937 0.778 0.885 0.79 0.854 0.802 0.849 0.802 0.794 0.831 0.765 0.856 0.746 0.88 0.725 0.922 0.716 0.928 0.716 0.932 0.718 0.934 0.717 0.942 0.709 0.963 0.678 0.969
0 0.0 0.087 0.01 0.08 0.026 0.071 0.05 0.064 0.06 0.054 0.064 0.058 0.075 0.058 0.077 0.054 0.075 0.043 0.078 0.04 0.088 0.044 0.088 0.055 0.097 0.053 0.098 0.048 0.095 0.043 0.099 0.039 0.102 0.043 0.101 0.047 0.107 0.05 0.156 0.054 0.194 0.066 0.218 0.077 0.24 0.092 0.261 0.112 0.28 0.142 0.297 0.175 0.307 0.202 0.311 0.221 0.311 0.227 0.304 0.239 0.255 0.315 0.241 0.339 0.228 0.37 0.218 0.404 0.155 0.445 0.134 0.454 0.119 0.464 0.107 0.465 0.079 0.478 0.052 0.499 0.007 0.474 0.0 0.469 0.0 0.463
0 0.247 0.0 0.244 0.014 0.245 0.044 0.253 0.077 0.268 0.12 0.256 0.107 0.235 0.088 0.208 0.073 0.172 0.058 0.148 0.053 0.109 0.05 0.102 0.047 0.102 0.043 0.099 0.04 0.095 0.044 0.098 0.053 0.088 0.055 0.088 0.044 0.08 0.04 0.075 0.044 0.077 0.056 0.074 0.066 0.072 0.065 0.075 0.056 0.063 0.058 0.059 0.054 0.054 0.056 0.052 0.038 0.06 0.021 0.076 0.009 0.094 0.0
0 0.896 0.32 0.885 0.319 0.904 0.283 0.915 0.257 0.919 0.285 0.919 0.317 0.896 0.32
0 1.0 0.0 1.0 0.044 0.978 0.072 0.946 0.125 0.944 0.126 0.928 0.125 0.921 0.09 0.913 0.064 0.882 0.
