0 0.819 0.34 0.801 0.337 0.758 0.312 0.726 0.278 0.684 0.243 0.673 0.229 0.662 0.205 0.66 0.193 0.66 0.151 0.664 0.144 0.672 0.135 0.702 0.094 0.707 0.08 0.719 0.066 0.725 0.064 0.77 0.061 0.815 0.074 0.881 0.112 0.898 0.128 0.908 0.145 0.911 0.159 0.911 0.171 0.908 0.185 0.891 0.231 0.887 0.237 0.881 0.241 0.885 0.248 0.9 0.263 0.912 0.28 0.916 0.294 0.916 0.299 0.912 0.307 0.908 0.315 0.904 0.318 0.891 0.318 0.885 0.311 0.882 0.304 0.883 0.287 0.868 0.275 0.857 0.277 0.85 0.281 0.846 0.287 0.843 0.298 0.841 0.317 0.836 0.329 0.83 0.336 0.819 0.34
0 0.569 0.303 0.552 0.303 0.537 0.288 0.515 0.272 0.503 0.253 0.49 0.225 0.476 0.202 0.465 0.18 0.462 0.167 0.46 0.148 0.462 0.122 0.472 0.088 0.476 0.081 0.484 0.074 0.493 0.07 0.518 0.066 0.538 0.052 0.565 0.052 0.565 0.057 0.586 0.066 0.628 0.101 0.637 0.112 0.643 0.126 0.65 0.17 0.648 0.197 0.643 0.212 0.637 0.222 0.63 0.228 0.621 0.233 0.619 0.243 0.628 0.249 0.642 0.241 0.645 0.236 0.65 0.237 0.657 0.246 0.657 0.258 0.654 0.267 0.645 0.275 0.633 0.277 0.602 0.262 0.596 0.27 0.583 0.294 0.569 0.303
0 0.518 1.0 0.435 1.0 0.423 0.987 0.416 0.973 0.404 0.97 0.389 0.961 0.36 0.958 0.34 0.949 0.326 0.936 0.319 0.918 0.316 0.904 0.316 0.887 0.32 0.861 0.329 0.827 0.369 0.719 0.397 0.662 0.414 0.645 0.441 0.637 0.45 0.637 0.466 0.643 0.491 0.666 0.502 0.683 0.512 0.704 0.515 0.72 0.517 0.753 0.515 0.812 0.521 0.876 0.519 0.91 0.513 0.932 0.505 0.943 0.492 0.95 0.477 0.95 0.461 0.968 0.486 0.97 0.497 0.955 0.506 0.955 0.513 0.962 0.519 0.978 0.521 0.994 0.518 1.0
0 0.627 0.699 0.599 0.695 0.585 0.688 0.575 0.676 0.57 0.662 0.569 0.648 0.576 0.626 0.567 0.606 0.544 0.587 0.532 0.571 0.523 0.552 0.522 0.545 0.524 0.538 0.53 0.531 0.536 0.53 0.541 0.532 0.547 0.542 0.547 0.547 0.542 0.554 0.548 0.565 0.561 0.575 0.569 0.577 0.565 0.546 0.571 0.524 0.581 0.509 0.6 0.494 0.652 0.472 0.701 0.457 0.719 0.46 0.751 0.485 0.759 0.497 0.76 0.503 0.755 0.531 0.756 0.599 0.753 0.615 0.747 0.628 0.727 0.653 0.703 0.671 0.644 0.696 0.627 0.699
0 0.733 0.981 0.722 0.979 0.688 0.96 0.686 0.961 0.673 0.949 0.668 0.95 0.657 0.958 0.641 0.965 0.626 0.967 0.614 0.962 0.603 0.951 0.594 0.931 0.581 0.92 0.572 0.907 0.565 0.886 0.56 0.856 0.559 0.754 0.563 0.721 0.578 0.681 0.588 0.69 0.6 0.695 0.628 0.699 0.645 0.695 0.702 0.671 0.717 0.689 0.725 0.702 0.741 0.741 0.748 0.763 0.757 0.801 0.763 0.842 0.762 0.86 0.748 0.894 0.743 0.912 0.746 0.94 0.754 0.965 0.752 0.969 0.742 0.977 0.733 0.981
0 0.275 0.813 0.263 0.812 0.249 0.804 0.229 0.802 0.214 0.794 0.198 0.778 0.19 0.756 0.164 0.762 0.146 0.761 0.139 0.737 0.124 0.722 0.131 0.72 0.154 0.728 0.171 0.727 0.161 0.705 0.154 0.659 0.155 0.645 0.161 0.626 0.177 0.601 0.239 0.539 0.279 0.5 0.297 0.488 0.316 0.484 0.331 0.49 0.347 0.486 0.362 0.489 0.385 0.509 0.395 0.529 0.398 0.554 0.406 0.57 0.41 0.582 0.41 0.603 0.405 0.627 0.384 0.688 0.362 0.731 0.336 0.765 0.314 0.789 0.293 0.806 0.275 0.813
0 0.168 0.615 0.159 0.612 0.148 0.604 0.129 0.599 0.111 0.583 0.099 0.593 0.083 0.602 0.065 0.602 0.056 0.595 0.052 0.587 0.051 0.578 0.056 0.56 0.065 0.554 0.079 0.555 0.085 0.561 0.087 0.56 0.074 0.544 0.065 0.525 0.062 0.509 0.056 0.488 0.058 0.466 0.064 0.449 0.078 0.429 0.19 0.315 0.204 0.306 0.213 0.303 0.238 0.306 0.25 0.312 0.256 0.322 0.26 0.333 0.261 0.357 0.263 0.36 0.273 0.358 0.29 0.36 0.3 0.366 0.306 0.373 0.313 0.391 0.313 0.424 0.304 0.45 0.283 0.487 0.261 0.519 0.188 0.591 0.168 0.615
0 0.439 0.599 0.426 0.599 0.419 0.595 0.416 0.581 0.409 0.571 0.404 0.557 0.398 0.551 0.397 0.537 0.391 0.519 0.375 0.499 0.359 0.486 0.359 0.457 0.375 0.367 0.383 0.343 0.39 0.329 0.4 0.316 0.414 0.307 0.423 0.284 0.436 0.269 0.453 0.263 0.477 0.263 0.49 0.272 0.498 0.289 0.515 0.281 0.522 0.281 0.534 0.286 0.554 0.304 0.562 0.316 0.572 0.345 0.577 0.376 0.582 0.394 0.59 0.472 0.581 0.509 0.572 0.521 0.564 0.54 0.55 0.55 0.545 0.55 0.546 0.543 0.545 0.537 0.539 0.531 0.53 0.53 0.526 0.535 0.523 0.543 0.527 0.563 0.512 0.571 0.5 0.573 0.486 0.572 0.474 0.568 0.465 0.577 0.458 0.588 0.439 0.599
0 0.0 0.673 0.021 0.667 0.047 0.669 0.061 0.679 0.079 0.708 0.106 0.712 0.128 0.725 0.139 0.737 0.143 0.747 0.148 0.762 0.15 0.792 0.148 0.811 0.125 0.886 0.11 0.919 0.093 0.948 0.072 0.974 0.059 0.985 0.045 0.992 0.039 1.0 0.0 1.0
0 0.0 0.24 0.048 0.262 0.067 0.276 0.083 0.292 0.094 0.308 0.101 0.324 0.102 0.336 0.102 0.354 0.106 0.373 0.106 0.401 0.079 0.428 0.067 0.445 0.058 0.463 0.056 0.484 0.037 0.488 0.0 0.488
0 0.874 0.711 0.848 0.706 0.832 0.691 0.827 0.681 0.822 0.658 0.812 0.638 0.811 0.625 0.813 0.621 0.811 0.619 0.794 0.613 0.755 0.611 0.754 0.609 0.756 0.582 0.794 0.578 0.802 0.569 0.794 0.552 0.791 0.53 0.792 0.517 0.8 0.487 0.811 0.473 0.832 0.457 0.876 0.441 0.931 0.436 0.964 0.441 0.999 0.453 0.999 0.665 0.907 0.704 0.874 0.711
0 0.746 0.477 0.741 0.476 0.72 0.46 0.709 0.457 0.684 0.459 0.654 0.47 0.632 0.465 0.617 0.457 0.591 0.43 0.585 0.418 0.58 0.383 0.579 0.372 0.582 0.36 0.579 0.342 0.578 0.322 0.585 0.292 0.602 0.261 0.629 0.276 0.643 0.276 0.65 0.272 0.654 0.265 0.657 0.256 0.656 0.243 0.647 0.236 0.643 0.241 0.628 0.249 0.622 0.247 0.62 0.243 0.627 0.239 0.646 0.233 0.678 0.237 0.693 0.252 0.726 0.278 0.761 0.315 0.785 0.33 0.788 0.342 0.788 0.355 0.782 0.383 0.78 0.42 0.776 0.438 0.785 0.45 0.786 0.458 0.78 0.466 0.763 0.466 0.746 0.477
0 0.367 0.347 0.336 0.347 0.32 0.343 0.307 0.335 0.291 0.317 0.275 0.288 0.269 0.271 0.269 0.248 0.28 0.22 0.272 0.207 0.267 0.194 0.265 0.184 0.265 0.169 0.269 0.146 0.277 0.129 0.291 0.107 0.311 0.087 0.329 0.073 0.362 0.054 0.381 0.047 0.396 0.045 0.426 0.06 0.433 0.075 0.443 0.085 0.448 0.102 0.45 0.137 0.46 0.152 0.462 0.172 0.476 0.202 0.491 0.225 0.492 0.234 0.489 0.243 0.482 0.244 0.476 0.243 0.47 0.233 0.469 0.237 0.473 0.252 0.473 0.262 0.444 0.265 0.433 0.272 0.422 0.288 0.414 0.308 0.399 0.317 0.384 0.34 0.367 0.34
