0 0.247 0.789 0.2 0.787 0.175 0.776 0.154 0.759 0.138 0.735 0.128 0.707 0.129 0.684 0.14 0.645 0.158 0.612 0.184 0.584 0.221 0.562 0.262 0.553 0.316 0.545 0.338 0.549 0.356 0.56 0.369 0.574 0.376 0.593 0.371 0.633 0.361 0.666 0.341 0.702 0.303 0.752 0.286 0.767 0.247 0.789
0 0.254 0.554 0.235 0.552 0.206 0.538 0.193 0.521 0.184 0.498 0.181 0.483 0.181 0.466 0.192 0.443 0.214 0.417 0.24 0.39 0.25 0.381 0.278 0.367 0.3 0.363 0.317 0.363 0.342 0.371 0.352 0.378 0.362 0.389 0.375 0.412 0.382 0.429 0.388 0.454 0.386 0.486 0.374 0.517 0.353 0.542 0.339 0.55 0.33 0.546 0.307 0.545 0.254 0.554
0 0.213 0.419 0.202 0.418 0.187 0.413 0.176 0.397 0.167 0.371 0.161 0.316 0.161 0.286 0.164 0.256 0.174 0.214 0.179 0.202 0.198 0.172 0.214 0.158 0.229 0.15 0.262 0.149 0.285 0.17 0.3 0.202 0.305 0.232 0.305 0.264 0.303 0.283 0.294 0.315 0.282 0.339 0.26 0.376 0.242 0.388 0.213 0.419
0 0.512 0.715 0.489 0.713 0.465 0.699 0.456 0.689 0.441 0.668 0.428 0.644 0.406 0.574 0.403 0.554 0.402 0.538 0.405 0.519 0.409 0.513 0.423 0.497 0.434 0.489 0.451 0.482 0.496 0.486 0.537 0.501 0.549 0.509 0.562 0.523 0.577 0.545 0.585 0.568 0.59 0.588 0.591 0.604 0.588 0.637 0.573 0.666 0.553 0.691 0.512 0.715
0 0.358 0.259 0.336 0.243 0.325 0.228 0.315 0.205 0.312 0.189 0.313 0.159 0.32 0.138 0.335 0.115 0.347 0.105 0.359 0.098 0.381 0.094 0.406 0.094 0.428 0.101 0.491 0.133 0.506 0.148 0.513 0.16 0.516 0.183 0.518 0.186 0.518 0.201 0.506 0.225 0.459 0.219 0.417 0.224 0.379 0.241 0.37 0.246 0.358 0.259
0 0.405 0.398 0.384 0.396 0.369 0.39 0.35 0.373 0.341 0.358 0.337 0.348 0.335 0.338 0.335 0.319 0.338 0.296 0.348 0.274 0.367 0.25 0.377 0.242 0.414 0.225 0.444 0.22 0.511 0.226 0.525 0.233 0.542 0.249 0.549 0.266 0.55 0.279 0.548 0.29 0.527 0.299 0.492 0.323 0.475 0.345 0.462 0.375 0.431 0.391 0.416 0.397 0.405 0.398
0 0.544 0.505 0.513 0.492 0.484 0.486 0.478 0.479 0.471 0.464 0.465 0.443 0.46 0.413 0.46 0.387 0.465 0.365 0.477 0.34 0.489 0.326 0.504 0.313 0.535 0.294 0.564 0.286 0.586 0.284 0.612 0.284 0.625 0.288 0.635 0.309 0.64 0.344 0.627 0.352 0.616 0.373 0.596 0.459 0.574 0.484 0.544 0.505
0 0.666 0.636 0.652 0.635 0.631 0.625 0.613 0.605 0.598 0.573 0.591 0.527 0.591 0.494 0.593 0.475 0.615 0.376 0.624 0.355 0.634 0.345 0.661 0.336 0.677 0.342 0.695 0.367 0.729 0.442 0.741 0.477 0.747 0.511 0.744 0.562 0.726 0.601 0.704 0.625 0.666 0.636
0 0.845 0.634 0.814 0.631 0.786 0.62 0.763 0.601 0.747 0.564 0.746 0.546 0.749 0.511 0.762 0.483 0.774 0.467 0.793 0.448 0.814 0.435 0.849 0.427 0.926 0.428 0.942 0.435 0.961 0.449 0.978 0.473 0.98 0.494 0.973 0.513 0.962 0.527 0.947 0.541 0.936 0.555 0.906 0.598 0.889 0.615 0.869 0.626 0.845 0.634
0 0.682 0.347 0.668 0.337 0.649 0.336 0.641 0.332 0.637 0.322 0.635 0.311 0.624 0.288 0.611 0.284 0.587 0.284 0.569 0.255 0.562 0.237 0.557 0.207 0.559 0.173 0.569 0.151 0.586 0.13 0.606 0.124 0.635 0.124 0.648 0.128 0.665 0.138 0.678 0.15 0.694 0.17 0.724 0.23 0.734 0.275 0.733 0.29 0.709 0.311 0.693 0.33 0.682 0.347
0 0.779 0.463 0.735 0.46 0.725 0.43 0.697 0.37 0.681 0.346 0.694 0.327 0.718 0.302 0.736 0.286 0.762 0.27 0.795 0.258 0.811 0.255 0.834 0.255 0.857 0.262 0.879 0.281 0.891 0.305 0.895 0.321 0.896 0.349 0.894 0.365 0.885 0.392 0.872 0.412 0.858 0.426 0.833 0.43 0.81 0.438 0.794 0.448 0.779 0.463
0 0.883 0.287 0.86 0.264 0.845 0.257 0.814 0.256 0.784 0.262 0.779 0.26 0.756 0.248 0.733 0.225 0.721 0.199 0.715 0.15 0.716 0.122 0.729 0.095 0.744 0.078 0.759 0.069 0.785 0.067 0.805 0.07 0.814 0.074 0.842 0.097 0.863 0.131 0.876 0.16 0.893 0.221 0.902 0.218 0.906 0.226 0.906 0.237 0.9 0.241 0.899 0.266 0.894 0.277 0.883 0.28
