0 0.23 0.529 0.194 0.522 0.162 0.5 0.142 0.468 0.139 0.452 0.131 0.438 0.127 0.415 0.127 0.39 0.131 0.369 0.141 0.341 0.149 0.326 0.175 0.297 0.2 0.282 0.219 0.278 0.241 0.28 0.267 0.288 0.295 0.307 0.309 0.323 0.321 0.342 0.333 0.385 0.333 0.426 0.331 0.438 0.323 0.462 0.311 0.483 0.299 0.498 0.275 0.516 0.258 0.524 0.23 0.529
0 0.437 0.0 0.444 0.031 0.444 0.079 0.436 0.117 0.422 0.155 0.409 0.181 0.384 0.21 0.368 0.223 0.352 0.231 0.331 0.235 0.312 0.234 0.304 0.229 0.297 0.231 0.29 0.227 0.286 0.22 0.273 0.216 0.263 0.204 0.26 0.205 0.251 0.196 0.228 0.165 0.217 0.134 0.208 0.093 0.205 0.053 0.211 0.0
0 0.701 0.0 0.716 0.007 0.732 0.02 0.752 0.05 0.766 0.087 0.77 0.119 0.769 0.149 0.759 0.194 0.75 0.215 0.738 0.233 0.712 0.255 0.695 0.263 0.676 0.266 0.657 0.265 0.641 0.26 0.612 0.24 0.585 0.202 0.573 0.16 0.572 0.114 0.583 0.068 0.594 0.046 0.609 0.027 0.629 0.009 0.644 0.0
0 1.0 0.0 1.0 0.276 0.965 0.285 0.95 0.285 0.923 0.276 0.902 0.264 0.887 0.249 0.87 0.223 0.864 0.207 0.857 0.174 0.857 0.122 0.868 0.076 0.89 0.036 0.911 0.011 0.925 0.0
0 0.766 0.904 0.747 0.904 0.721 0.897 0.682 0.871 0.658 0.84 0.642 0.802 0.638 0.755 0.644 0.722 0.662 0.689 0.674 0.673 0.702 0.654 0.731 0.645 0.752 0.646 0.77 0.65 0.797 0.664 0.813 0.679 0.826 0.696 0.833 0.709 0.848 0.753 0.851 0.766 0.851 0.796 0.842 0.843 0.835 0.859 0.82 0.878 0.807 0.889 0.783 0.901 0.766 0.904
0 0.616 0.999 0.46 0.999 0.449 0.959 0.446 0.914 0.449 0.89 0.462 0.854 0.49 0.82 0.513 0.802 0.527 0.797 0.537 0.795 0.572 0.796 0.599 0.813 0.622 0.845 0.631 0.877 0.635 0.9 0.634 0.947 0.616 0.999
0 0.501 0.786 0.476 0.783 0.45 0.769 0.437 0.757 0.424 0.737 0.415 0.716 0.409 0.678 0.412 0.635 0.425 0.6 0.465 0.558 0.491 0.55 0.521 0.554 0.536 0.561 0.554 0.576 0.575 0.609 0.583 0.63 0.586 0.651 0.586 0.689 0.583 0.704 0.576 0.725 0.565 0.744 0.547 0.764 0.531 0.776 0.501 0.786
0 0.743 0.624 0.721 0.624 0.703 0.619 0.672 0.594 0.664 0.58 0.66 0.561 0.655 0.554 0.649 0.539 0.644 0.516 0.644 0.494 0.646 0.477 0.655 0.451 0.666 0.43 0.679 0.413 0.716 0.392 0.742 0.387 0.763 0.387 0.796 0.4 0.819 0.424 0.833 0.456 0.839 0.51 0.829 0.551 0.805 0.589 0.763 0.619 0.743 0.624
0 0.396 0.605 0.369 0.604 0.351 0.596 0.339 0.586 0.315 0.549 0.304 0.514 0.302 0.497 0.321 0.468 0.329 0.442 0.333 0.419 0.334 0.391 0.355 0.378 0.374 0.374 0.395 0.375 0.428 0.39 0.451 0.415 0.474 0.462 0.476 0.481 0.474 0.523 0.463 0.558 0.453 0.57 0.429 0.592 0.396 0.605
0 0.218 0.711 0.195 0.707 0.182 0.699 0.164 0.68 0.153 0.663 0.144 0.634 0.14 0.595 0.141 0.567 0.149 0.536 0.157 0.518 0.167 0.505 0.197 0.523 0.232 0.528 0.259 0.523 0.301 0.499 0.31 0.537 0.325 0.567 0.324 0.593 0.321 0.616 0.312 0.644 0.301 0.666 0.272 0.697 0.25 0.707 0.218 0.711
0 0.35 0.92 0.326 0.916 0.316 0.912 0.3 0.897 0.29 0.882 0.279 0.861 0.273 0.841 0.272 0.796 0.277 0.771 0.285 0.749 0.296 0.729 0.31 0.711 0.324 0.699 0.338 0.692 0.355 0.688 0.376 0.688 0.394 0.696 0.412 0.709 0.429 0.746 0.447 0.766 0.447 0.83 0.437 0.864 0.423 0.885 0.403 0.905 0.377 0.918 0.35 0.92
0 0.284 0.999 0.184 0.999 0.166 0.978 0.155 0.946 0.154 0.886 0.168 0.841 0.194 0.804 0.241 0.783 0.259 0.783 0.274 0.788 0.273 0.832 0.279 0.859 0.296 0.892 0.322 0.915 0.323 0.919 0.321 0.954 0.304 0.98 0.284 0.999
0 0.456 0.999 0.345 0.999 0.33 0.972 0.325 0.946 0.324 0.919 0.346 0.924 0.364 0.923 0.375 0.921 0.398 0.91 0.414 0.895 0.426 0.88 0.437 0.862 0.445 0.842 0.453 0.844 0.461 0.855 0.449 0.894 0.446 0.921 0.449 0.957 0.458 0.992 0.456 0.999
0 0.505 0.324 0.478 0.321 0.453 0.308 0.435 0.295 0.424 0.281 0.412 0.26 0.402 0.232 0.398 0.202 0.399 0.195 0.41 0.18 0.427 0.145 0.443 0.088 0.468 0.071 0.49 0.065 0.509 0.066 0.526 0.072 0.543 0.086 0.558 0.104 0.572 0.134 0.575 0.166 0.584 0.207 0.581 0.25 0.573 0.271 0.564 0.287 0.547 0.306 0.525 0.318 0.505 0.324
0 0.939 0.477 0.895 0.473 0.864 0.458 0.836 0.431 0.829 0.42 0.819 0.391 0.816 0.364 0.819 0.34 0.829 0.306 0.854 0.269 0.883 0.247 0.914 0.271 0.942 0.283 0.972 0.284 1.0 0.276 1.0 0.451 0.975 0.468 0.939 0.477
0 0.932 0.829 0.898 0.826 0.878 0.816 0.86 0.8 0.852 0.789 0.849 0.754 0.832 0.707 0.822 0.689 0.799 0.666 0.804 0.634 0.818 0.601 0.844 0.57 0.868 0.556 0.888 0.552 0.946 0.552 0.975 0.569 1.0 0.591 1.0 0.799 0.969 0.821 0.932 0.829
0 0.089 0.953 0.069 0.953 0.057 0.949 0.038 0.936 0.026 0.922 0.016 0.904 0.009 0.882 0.007 0.864 0.007 0.837 0.012 0.814 0.021 0.793 0.043 0.767 0.057 0.755 0.078 0.745 0.11 0.743 0.122 0.748 0.139 0.78 0.167 0.803 0.17 0.837 0.161 0.861 0.153 0.899 0.142 0.92 0.13 0.933 0.112 0.946 0.089 0.953
0 0.165 0.305 0.147 0.297 0.131 0.286 0.099 0.248 0.085 0.218 0.081 0.173 0.086 0.146 0.093 0.123 0.103 0.101 0.118 0.08 0.132 0.066 0.15 0.055 0.171 0.049 0.189 0.048 0.205 0.055 0.21 0.108 0.224 0.157 0.239 0.182 0.25 0.198 0.264 0.21 0.267 0.217 0.253 0.257 0.24 0.278 0.216 0.278 0.2 0.282 0.165 0.305
0 0.12 0.517 0.106 0.515 0.085 0.507 0.055 0.483 0.029 0.446 0.025 0.423 0.022 0.389 0.027 0.355 0.044 0.323 0.075 0.297 0.11 0.288 0.137 0.293 0.163 0.307 0.15 0.324 0.136 0.351 0.128 0.382 0.127 0.412 0.131 0.437 0.138 0.451 0.143 0.47 0.166 0.505 0.158 0.514 0.12 0.517
0 0.782 0.391 0.756 0.387 0.727 0.388 0.713 0.382 0.694 0.367 0.68 0.348 0.671 0.328 0.662 0.304 0.657 0.278 0.657 0.266 0.675 0.267 0.699 0.262 0.72 0.251 0.738 0.233 0.756 0.202 0.769 0.154 0.784 0.16 0.8 0.173 0.822 0.2 0.837 0.237 0.841 0.265 0.84 0.281 0.822 0.331 0.817 0.357 0.805 0.372 0.782 0.391
0 0.344 0.386 0.332 0.385 0.32 0.342 0.296 0.309 0.271 0.291 0.251 0.283 0.257 0.244 0.268 0.217 0.281 0.22 0.285 0.228 0.293 0.233 0.334 0.239 0.369 0.224 0.387 0.21 0.395 0.212 0.398 0.215 0.405 0.243 0.412 0.263 0.414 0.276 0.414 0.306 0.409 0.333 0.401 0.351 0.384 0.374 0.36 0.378 0.344 0.386
0 0.588 0.645 0.585 0.644 0.58 0.62 0.568 0.596 0.553 0.576 0.533 0.558 0.533 0.524 0.535 0.513 0.552 0.484 0.56 0.475 0.576 0.464 0.629 0.461 0.649 0.467 0.643 0.495 0.644 0.521 0.65 0.543 0.66 0.561 0.665 0.583 0.678 0.603 0.662 0.626 0.638 0.642 0.628 0.644 0.602 0.641 0.588 0.645
0 0.192 0.801 0.168 0.8 0.156 0.796 0.147 0.788 0.135 0.774 0.116 0.731 0.112 0.71 0.112 0.688 0.116 0.673 0.127 0.645 0.142 0.622 0.144 0.623 0.152 0.658 0.16 0.673 0.171 0.687 0.19 0.704 0.21 0.71 0.225 0.71 0.25 0.706 0.273 0.697 0.272 0.732 0.261 0.756 0.25 0.772 0.23 0.788 0.192 0.801
0 0.0 0.551 0.004 0.543 0.027 0.532 0.056 0.526 0.076 0.528 0.086 0.535 0.09 0.533 0.101 0.557 0.118 0.578 0.132 0.589 0.134 0.599 0.133 0.634 0.119 0.663 0.112 0.699 0.107 0.704 0.071 0.729 0.05 0.734 0.017 0.73 0.0 0.719
0 0.0 0.122 0.004 0.121 0.018 0.134 0.048 0.164 0.059 0.18 0.07 0.21 0.073 0.252 0.073 0.27 0.066 0.289 0.064 0.302 0.044 0.322 0.036 0.334 0.026 0.353 0.023 0.367 0.002 0.369 0.0 0.363
0 0.473 0.448 0.468 0.447 0.451 0.416 0.433 0.395 0.401 0.375 0.387 0.372 0.402 0.348 0.411 0.325 0.415 0.3 0.414 0.264 0.439 0.297 0.476 0.319 0.5 0.323 0.524 0.317 0.538 0.31 0.54 0.313 0.542 0.329 0.541 0.351 0.536 0.375 0.526 0.402 0.516 0.418 0.502 0.433 0.485 0.444 0.473 0.448
0 0.614 0.461 0.59 0.461 0.565 0.444 0.555 0.431 0.542 0.406 0.536 0.386 0.535 0.375 0.542 0.335 0.539 0.311 0.55 0.303 0.559 0.292 0.58 0.256 0.595 0.254 0.618 0.246 0.637 0.259 0.657 0.267 0.664 0.31 0.672 0.331 0.687 0.358 0.688 0.366 0.681 0.404 0.659 0.44 0.64 0.453 0.614 0.461
0 0.835 0.999 0.616 0.998 0.633 0.948 0.636 0.909 0.656 0.886 0.682 0.871 0.72 0.897 0.747 0.904 0.774 0.904 0.797 0.928 0.814 0.953 0.827 0.976 0.835 0.999
0 0.999 0.999 0.832 0.999 0.834 0.996 0.815 0.954 0.836 0.913 0.861 0.885 0.89 0.873 0.911 0.871 0.936 0.874 0.952 0.88 0.971 0.895 1.0 0.931 0.999 0.999
0 0.629 0.862 0.616 0.832 0.599 0.812 0.573 0.797 0.54 0.794 0.536 0.777 0.537 0.772 0.558 0.753 0.575 0.725 0.586 0.689 0.586 0.646 0.597 0.642 0.619 0.643 0.643 0.649 0.665 0.662 0.672 0.672 0.642 0.727 0.636 0.756 0.636 0.775 0.64 0.798 0.662 0.851 0.653 0.858 0.629 0.862
0 0.815 0.607 0.81 0.605 0.804 0.591 0.826 0.558 0.835 0.532 0.841 0.502 0.829 0.44 0.831 0.436 0.836 0.434 0.864 0.459 0.888 0.471 0.916 0.477 0.941 0.477 0.957 0.474 0.961 0.476 0.967 0.498 0.97 0.527 0.966 0.547 0.961 0.56 0.916 0.55 0.868 0.556 0.845 0.571 0.815 0.607
0 0.292 0.737 0.277 0.717 0.273 0.707 0.273 0.696 0.295 0.673 0.31 0.648 0.32 0.618 0.325 0.57 0.351 0.595 0.371 0.604 0.403 0.604 0.414 0.618 0.414 0.633 0.409 0.658 0.41 0.686 0.404 0.702 0.376 0.69 0.341 0.692 0.319 0.704 0.292 0.737
0 0.462 0.561 0.472 0.532 0.475 0.507 0.475 0.485 0.468 0.449 0.482 0.45 0.5 0.461 0.526 0.496 0.532 0.52 0.532 0.557 0.53 0.558 0.511 0.552 0.489 0.551 0.474 0.554 0.462 0.561
0 0.675 0.671 0.665 0.66 0.665 0.629 0.666 0.622 0.679 0.603 0.704 0.62 0.732 0.626 0.763 0.62 0.802 0.592 0.813 0.61 0.802 0.641 0.799 0.664 0.764 0.648 0.732 0.646 0.702 0.654 0.675 0.671
0 0.414 0.711 0.403 0.702 0.409 0.686 0.414 0.711
0 0.136 0.591 0.119 0.58 0.099 0.556 0.09 0.534 0.086 0.509 0.103 0.515 0.123 0.517 0.164 0.507 0.147 0.542 0.14 0.59 0.136 0.591
0 0.116 0.274 0.074 0.265 0.072 0.217 0.065 0.193 0.054 0.173 0.024 0.139 0.027 0.121 0.041 0.094 0.054 0.079 0.073 0.069 0.104 0.065 0.127 0.07 0.106 0.097 0.093 0.122 0.086 0.146 0.081 0.178 0.083 0.204 0.088 0.225 0.097 0.246 0.116 0.274
0 0.572 0.134 0.557 0.104 0.53 0.073 0.545 0.056 0.558 0.047 0.592 0.047 0.577 0.094 0.572 0.134
0 0.853 0.269 0.841 0.268 0.837 0.236 0.825 0.203 0.804 0.174 0.81 0.159 0.824 0.137 0.845 0.117 0.858 0.109 0.856 0.147 0.858 0.178 0.865 0.209 0.883 0.246 0.853 0.26
