0 0.256 0.702 0.202 0.7 0.19 0.696 0.176 0.687 0.162 0.674 0.15 0.656 0.142 0.633 0.137 0.602 0.136 0.578 0.14 0.557 0.165 0.493 0.176 0.476 0.188 0.465 0.222 0.449 0.269 0.446 0.282 0.45 0.303 0.461 0.314 0.472 0.326 0.489 0.341 0.525 0.345 0.544 0.345 0.596 0.341 0.614 0.329 0.642 0.318 0.659 0.298 0.679 0.277 0.695 0.256 0.702
0 0.591 0.727 0.556 0.726 0.534 0.721 0.509 0.712 0.487 0.694 0.472 0.676 0.458 0.645 0.453 0.629 0.449 0.598 0.449 0.579 0.455 0.542 0.462 0.524 0.481 0.489 0.494 0.474 0.52 0.456 0.536 0.44 0.564 0.422 0.58 0.417 0.598 0.418 0.612 0.424 0.638 0.443 0.658 0.466 0.666 0.478 0.674 0.496 0.679 0.517 0.687 0.537 0.69 0.558 0.69 0.572 0.687 0.59 0.688 0.641 0.683 0.659 0.675 0.677 0.664 0.692 0.651 0.702 0.616 0.72 0.591 0.727
0 0.789 0.71 0.764 0.71 0.752 0.707 0.73 0.696 0.718 0.685 0.706 0.67 0.698 0.653 0.694 0.634 0.691 0.609 0.694 0.559 0.693 0.518 0.696 0.5 0.701 0.484 0.709 0.469 0.742 0.429 0.756 0.42 0.772 0.415 0.807 0.42 0.819 0.426 0.838 0.444 0.847 0.456 0.859 0.481 0.869 0.512 0.871 0.529 0.87 0.553 0.863 0.578 0.861 0.606 0.852 0.638 0.844 0.66 0.832 0.681 0.819 0.696 0.805 0.706 0.789 0.71
0 0.855 0.474 0.848 0.458 0.835 0.44 0.822 0.429 0.804 0.419 0.789 0.415 0.769 0.415 0.752 0.422 0.742 0.43 0.735 0.428 0.727 0.409 0.712 0.394 0.711 0.376 0.716 0.356 0.732 0.33 0.739 0.325 0.747 0.313 0.754 0.307 0.764 0.294 0.774 0.286 0.784 0.283 0.806 0.282 0.818 0.284 0.828 0.29 0.844 0.31 0.855 0.328 0.864 0.35 0.872 0.392 0.873 0.429 0.87 0.446 0.864 0.463 0.855 0.474
0 0.688 0.549 0.683 0.521 0.676 0.506 0.675 0.497 0.658 0.468 0.63 0.436 0.606 0.42 0.596 0.417 0.576 0.417 0.562 0.424 0.569 0.404 0.608 0.364 0.623 0.358 0.645 0.361 0.658 0.368 0.668 0.376 0.676 0.389 0.699 0.386 0.711 0.387 0.714 0.39 0.731 0.413 0.738 0.432 0.711 0.467 0.699 0.488 0.695 0.501 0.692 0.526 0.694 0.546 0.688 0.549
0 0.322 0.481 0.303 0.46 0.256 0.445 0.244 0.434 0.234 0.423 0.224 0.402 0.22 0.383 0.219 0.36 0.221 0.342 0.226 0.326 0.234 0.311 0.248 0.296 0.262 0.286 0.282 0.251 0.308 0.223 0.32 0.216 0.332 0.213 0.347 0.214 0.376 0.22 0.388 0.227 0.399 0.238 0.408 0.25 0.416 0.267 0.426 0.323 0.428 0.367 0.426 0.384 0.403 0.384 0.38 0.397 0.367 0.412 0.361 0.423 0.334 0.455 0.322 0.481
0 0.416 0.651 0.398 0.65 0.384 0.644 0.368 0.63 0.357 0.613 0.347 0.582 0.341 0.524 0.333 0.502 0.322 0.485 0.323 0.473 0.331 0.46 0.335 0.449 0.355 0.43 0.372 0.404 0.383 0.394 0.395 0.387 0.408 0.384 0.422 0.384 0.434 0.376 0.446 0.372 0.484 0.37 0.505 0.377 0.517 0.386 0.537 0.398 0.55 0.413 0.559 0.431 0.541 0.438 0.532 0.444 0.519 0.46 0.498 0.468 0.48 0.488 0.461 0.531 0.449 0.572 0.449 0.601 0.455 0.627 0.437 0.644 0.416 0.651
0 0.54 0.402 0.504 0.376 0.488 0.37 0.473 0.369 0.46 0.373 0.444 0.373 0.426 0.38 0.426 0.323 0.422 0.306 0.418 0.277 0.411 0.259 0.405 0.248 0.419 0.226 0.43 0.215 0.442 0.208 0.455 0.205 0.47 0.206 0.482 0.21 0.496 0.218 0.519 0.218 0.535 0.222 0.558 0.24 0.571 0.255 0.581 0.276 0.586 0.295 0.587 0.318 0.584 0.336 0.579 0.352 0.566 0.378 0.553 0.394 0.54 0.402
0 0.629 0.35 0.606 0.346 0.584 0.332 0.585 0.294 0.575 0.263 0.557 0.239 0.542 0.227 0.533 0.223 0.533 0.196 0.543 0.165 0.561 0.141 0.578 0.13 0.591 0.127 0.608 0.128 0.622 0.134 0.636 0.145 0.646 0.156 0.658 0.174 0.68 0.224 0.685 0.24 0.688 0.257 0.687 0.277 0.684 0.293 0.677 0.312 0.666 0.329 0.654 0.34 0.642 0.346 0.629 0.35
0 0.558 0.428 0.542 0.403 0.555 0.392 0.572 0.367 0.58 0.349 0.584 0.33 0.598 0.342 0.615 0.348 0.634 0.348 0.651 0.342 0.666 0.328 0.678 0.311 0.685 0.292 0.689 0.27 0.703 0.28 0.72 0.297 0.728 0.309 0.736 0.325 0.727 0.336 0.719 0.351 0.714 0.367 0.711 0.388 0.696 0.384 0.678 0.388 0.666 0.374 0.649 0.364 0.636 0.36 0.618 0.362 0.604 0.368 0.588 0.381 0.567 0.407 0.558 0.42
