0 0.168 0.422 0.134 0.421 0.126 0.416 0.11 0.402 0.111 0.398 0.106 0.381 0.105 0.366 0.109 0.349 0.114 0.338 0.123 0.328 0.138 0.316 0.151 0.314 0.175 0.305 0.221 0.306 0.236 0.319 0.244 0.331 0.248 0.348 0.237 0.368 0.235 0.378 0.224 0.394 0.194 0.404 0.188 0.412 0.168 0.422
0 0.346 0.353 0.339 0.351 0.321 0.339 0.312 0.322 0.299 0.309 0.296 0.29 0.274 0.215 0.275 0.191 0.288 0.175 0.293 0.165 0.306 0.162 0.316 0.154 0.324 0.161 0.341 0.17 0.345 0.176 0.371 0.265 0.372 0.277 0.37 0.295 0.366 0.304 0.352 0.324 0.346 0.353
0 0.432 0.356 0.424 0.356 0.414 0.351 0.388 0.332 0.381 0.312 0.368 0.299 0.372 0.281 0.371 0.262 0.388 0.247 0.402 0.223 0.417 0.212 0.436 0.205 0.458 0.209 0.478 0.232 0.486 0.258 0.488 0.281 0.481 0.296 0.478 0.307 0.462 0.338 0.432 0.356
0 0.65 0.539 0.642 0.528 0.62 0.508 0.608 0.504 0.595 0.505 0.57 0.495 0.549 0.474 0.538 0.468 0.522 0.443 0.524 0.419 0.532 0.396 0.556 0.384 0.599 0.417 0.608 0.43 0.618 0.438 0.628 0.486 0.654 0.531 0.65 0.539
0 0.41 0.522 0.394 0.522 0.377 0.513 0.361 0.491 0.355 0.472 0.353 0.441 0.347 0.417 0.347 0.401 0.35 0.386 0.345 0.35 0.351 0.337 0.355 0.313 0.372 0.303 0.38 0.311 0.385 0.323 0.395 0.338 0.404 0.346 0.412 0.349 0.428 0.375 0.438 0.383 0.442 0.394 0.45 0.408 0.452 0.419 0.453 0.451 0.449 0.472 0.443 0.484 0.441 0.499 0.43 0.514 0.41 0.522
0 0.716 0.271 0.704 0.271 0.696 0.266 0.686 0.265 0.673 0.249 0.651 0.232 0.633 0.209 0.634 0.197 0.639 0.183 0.654 0.173 0.666 0.156 0.683 0.148 0.708 0.152 0.73 0.174 0.739 0.226 0.734 0.241 0.733 0.255 0.726 0.266 0.716 0.271
0 0.589 0.336 0.576 0.334 0.56 0.324 0.55 0.306 0.546 0.281 0.548 0.256 0.554 0.238 0.565 0.222 0.582 0.214 0.596 0.216 0.608 0.223 0.623 0.223 0.636 0.232 0.649 0.251 0.652 0.274 0.656 0.287 0.652 0.299 0.646 0.307 0.621 0.312 0.604 0.33 0.589 0.336
0 0.567 0.206 0.563 0.206 0.551 0.194 0.543 0.171 0.553 0.15 0.559 0.133 0.576 0.105 0.62 0.084 0.64 0.084 0.652 0.094 0.663 0.099 0.663 0.127 0.668 0.144 0.664 0.157 0.655 0.17 0.643 0.181 0.633 0.186 0.616 0.187 0.606 0.196 0.593 0.2 0.577 0.2 0.567 0.206
0 0.612 0.423 0.604 0.423 0.592 0.412 0.575 0.402 0.551 0.377 0.551 0.356 0.572 0.331 0.582 0.334 0.593 0.334 0.612 0.322 0.627 0.332 0.644 0.349 0.656 0.354 0.655 0.374 0.658 0.395 0.655 0.398 0.638 0.403 0.629 0.41 0.623 0.42 0.612 0.423
0 0.666 0.69 0.66 0.686 0.636 0.65 0.624 0.629 0.623 0.618 0.634 0.605 0.645 0.577 0.671 0.543 0.677 0.523 0.678 0.467 0.69 0.421 0.682 0.42 0.67 0.413 0.658 0.395 0.656 0.373 0.659 0.32 0.664 0.298 0.67 0.286 0.683 0.278 0.696 0.276 0.713 0.284 0.725 0.3 0.734 0.329 0.738 0.36 0.734 0.377 0.723 0.403 0.712 0.415 0.7 0.421 0.696 0.449 0.693 0.455 0.687 0.477 0.688 0.497 0.681 0.541 0.672 0.558 0.655 0.578 0.643 0.607 0.631 0.626 0.641 0.646 0.668 0.684 0.668 0.687 0.666 0.69
0 0.644 0.824 0.638 0.822 0.55 0.822 0.546 0.82 0.535 0.808 0.53 0.798 0.527 0.798 0.522 0.782 0.515 0.771 0.505 0.762 0.48 0.751 0.45 0.722 0.436 0.693 0.43 0.671 0.438 0.66 0.439 0.661 0.439 0.664 0.434 0.671 0.435 0.678 0.443 0.682 0.454 0.702 0.463 0.712 0.48 0.72 0.498 0.717 0.518 0.703 0.535 0.702 0.546 0.696 0.552 0.696 0.565 0.684 0.603 0.669 0.622 0.672 0.632 0.68 0.658 0.693 0.669 0.705 0.673 0.722 0.674 0.768 0.676 0.776 0.677 0.79 0.671 0.802 0.657 0.82 0.654 0.823 0.647 0.822 0.644 0.824
0 0.77 0.562 0.756 0.562 0.748 0.556 0.725 0.554 0.708 0.542 0.701 0.533 0.694 0.511 0.693 0.498 0.696 0.476 0.703 0.459 0.719 0.44 0.734 0.428 0.776 0.411 0.79 0.412 0.792 0.408 0.8 0.408 0.809 0.402 0.842 0.364 0.859 0.364 0.863 0.368 0.87 0.374 0.875 0.39 0.875 0.418 0.871 0.429 0.866 0.425 0.869 0.393 0.86 0.38 0.856 0.377 0.849 0.378 0.833 0.393 0.826 0.404 0.824 0.418 0.815 0.424 0.812 0.432 0.814 0.449 0.808 0.474 0.805 0.505 0.801 0.521 0.782 0.556 0.77 0.562
0 0.766 0.707 0.748 0.706 0.717 0.668 0.716 0.651 0.72 0.638 0.728 0.628 0.735 0.612 0.751 0.597 0.764 0.595 0.776 0.584 0.791 0.586 0.802 0.582 0.818 0.59 0.825 0.609 0.841 0.629 0.836 0.642 0.831 0.666 0.816 0.682 0.766 0.707
0 0.865 0.852 0.856 0.852 0.828 0.844 0.775 0.806 0.756 0.776 0.752 0.759 0.743 0.748 0.738 0.737 0.735 0.725 0.738 0.703 0.749 0.707 0.779 0.705 0.793 0.693 0.804 0.689 0.82 0.678 0.834 0.66 0.842 0.658 0.893 0.654 0.904 0.657 0.916 0.666 0.939 0.696 0.954 0.734 0.957 0.747 0.955 0.79 0.949 0.804 0.938 0.816 0.891 0.844 0.865 0.852
0 0.575 0.22 0.562 0.218 0.546 0.208 0.537 0.193 0.533 0.173 0.534 0.156 0.542 0.135 0.553 0.123 0.567 0.117 0.58 0.118 0.596 0.129 0.605 0.144 0.61 0.163 0.609 0.181 0.601 0.201 0.59 0.214 0.575 0.2
