0 0.139 0.997 0.009 0.997 0.008 0.969 0.018 0.93 0.04 0.901 0.085 0.906 0.101 0.887 0.118 0.882 0.138 0.902 0.147 0.933 0.149 0.962 0.139 0.997
0 0.085 0.906 0.04 0.896 0.049 0.853 0.063 0.825 0.097 0.812 0.124 0.818 0.146 0.839 0.141 0.903 0.109 0.887 0.085 0.906
0 0.062 0.745 0.025 0.732 0.006 0.691 0.006 0.651 0.04 0.564 0.076 0.545 0.106 0.553 0.132 0.595 0.131 0.641 0.095 0.72 0.062 0.745
0 0.146 0.83 0.103 0.812 0.07 0.816 0.056 0.786 0.058 0.747 0.095 0.724 0.122 0.777 0.138 0.792 0.163 0.797 0.146 0.83
0 0.123 0.578 0.088 0.55 0.049 0.561 0.041 0.53 0.046 0.49 0.058 0.472 0.088 0.49 0.138 0.461 0.15 0.488 0.152 0.519 0.142 0.558 0.123 0.578
0 0.103 0.479 0.069 0.479 0.052 0.461 0.042 0.42 0.048 0.392 0.054 0.383 0.085 0.394 0.132 0.378 0.142 0.398 0.14 0.431 0.122 0.469 0.103 0.479
0 0.098 0.39 0.057 0.387 0.037 0.357 0.031 0.3 0.045 0.247 0.097 0.24 0.129 0.271 0.143 0.324 0.143 0.35 0.12 0.386 0.098 0.39
0 0.109 0.24 0.08 0.236 0.068 0.196 0.063 0.127 0.076 0.098 0.124 0.109 0.15 0.149 0.147 0.179 0.123 0.194 0.109 0.24
0 0.194 0.244 0.181 0.24 0.158 0.194 0.145 0.185 0.155 0.136 0.183 0.105 0.223 0.12 0.243 0.177 0.207 0.2 0.194 0.244
0 0.172 0.34 0.155 0.34 0.142 0.328 0.127 0.277 0.114 0.257 0.111 0.22 0.126 0.191 0.157 0.191 0.194 0.253 0.209 0.317 0.188 0.322 0.172 0.34
0 0.267 0.343 0.219 0.326 0.207 0.312 0.195 0.241 0.199 0.213 0.209 0.195 0.243 0.179 0.274 0.215 0.302 0.216 0.307 0.278 0.302 0.276 0.284 0.325 0.267 0.343
0 0.19 0.469 0.165 0.468 0.153 0.455 0.143 0.426 0.143 0.391 0.156 0.358 0.184 0.322 0.227 0.325 0.238 0.345 0.236 0.385 0.204 0.434 0.19 0.469
0 0.256 0.595 0.214 0.567 0.2 0.535 0.193 0.466 0.2 0.441 0.216 0.417 0.24 0.41 0.262 0.422 0.306 0.509 0.291 0.57 0.256 0.595
0 0.186 0.692 0.17 0.691 0.15 0.67 0.135 0.619 0.148 0.524 0.175 0.501 0.194 0.506 0.211 0.56 0.243 0.588 0.243 0.609 0.229 0.63 0.222 0.662 0.186 0.692
0 0.168 0.795 0.136 0.795 0.115 0.773 0.094 0.73 0.128 0.652 0.141 0.652 0.172 0.689 0.206 0.686 0.198 0.766 0.168 0.795
0 0.19 0.988 0.166 0.987 0.152 0.974 0.14 0.903 0.151 0.819 0.166 0.793 0.195 0.78 0.23 0.805 0.246 0.83 0.248 0.847 0.22 0.86 0.197 0.887 0.188 0.95 0.2 0.986 0.19 0.98
