0 0.359 0.832 0.337 0.827 0.33 0.822 0.324 0.825 0.313 0.823 0.297 0.81 0.286 0.791 0.284 0.776 0.285 0.764 0.28 0.745 0.277 0.719 0.279 0.644 0.282 0.612 0.286 0.593 0.293 0.568 0.308 0.532 0.329 0.499 0.331 0.494 0.351 0.475 0.357 0.472 0.363 0.463 0.405 0.446 0.441 0.446 0.448 0.45 0.453 0.451 0.477 0.467 0.492 0.484 0.499 0.493 0.514 0.526 0.521 0.566 0.523 0.602 0.512 0.665 0.507 0.683 0.497 0.709 0.472 0.75 0.43 0.793 0.423 0.798 0.416 0.801 0.409 0.809 0.396 0.815 0.385 0.825 0.372 0.83 0.365 0.829 0.359 0.832
0 0.65 0.8 0.622 0.798 0.609 0.795 0.603 0.789 0.586 0.785 0.567 0.773 0.556 0.762 0.534 0.734 0.522 0.706 0.519 0.697 0.516 0.679 0.517 0.648 0.522 0.628 0.532 0.598 0.543 0.579 0.558 0.559 0.566 0.553 0.59 0.527 0.597 0.524 0.636 0.509 0.653 0.507 0.68 0.509 0.719 0.519 0.751 0.531 0.788 0.555 0.8 0.56 0.819 0.575 0.833 0.591 0.835 0.6 0.84 0.61 0.843 0.629 0.844 0.645 0.836 0.673 0.821 0.696 0.814 0.7 0.805 0.709 0.798 0.711 0.784 0.726 0.776 0.727 0.772 0.733 0.768 0.732 0.764 0.737 0.755 0.741 0.753 0.747 0.742 0.752 0.735 0.761 0.724 0.767 0.717 0.776 0.706 0.783 0.701 0.783 0.686 0.793 0.65 0.8
0 0.905 0.71 0.893 0.708 0.884 0.697 0.86 0.683 0.836 0.678 0.836 0.67 0.843 0.646 0.843 0.632 0.84 0.61 0.831 0.591 0.82 0.576 0.813 0.57 0.793 0.56 0.775 0.545 0.742 0.528 0.741 0.526 0.744 0.521 0.761 0.511 0.765 0.506 0.768 0.506 0.786 0.495 0.792 0.494 0.801 0.487 0.803 0.484 0.817 0.477 0.822 0.472 0.837 0.467 0.84 0.463 0.862 0.454 0.873 0.453 0.88 0.449 0.901 0.444 0.93 0.446 0.939 0.444 0.941 0.446 0.955 0.447 0.999 0.474 0.999 0.678 0.989 0.682 0.972 0.694 0.952 0.702 0.936 0.706 0.914 0.706 0.905 0.71
0 0.607 0.46 0.582 0.457 0.572 0.447 0.538 0.428 0.524 0.414 0.512 0.384 0.508 0.349 0.509 0.33 0.503 0.305 0.505 0.296 0.511 0.286 0.518 0.279 0.525 0.262 0.537 0.243 0.541 0.241 0.547 0.233 0.562 0.224 0.591 0.215 0.605 0.215 0.625 0.222 0.648 0.238 0.672 0.266 0.684 0.293 0.688 0.314 0.685 0.354 0.667 0.414 0.661 0.424 0.653 0.436 0.646 0.439 0.636 0.451 0.623 0.457 0.607 0.46
0 0.253 0.81 0.221 0.805 0.202 0.787 0.194 0.785 0.188 0.777 0.163 0.772 0.156 0.766 0.147 0.755 0.147 0.751 0.141 0.743 0.14 0.737 0.136 0.728 0.132 0.706 0.129 0.697 0.127 0.683 0.128 0.67 0.133 0.646 0.14 0.629 0.142 0.619 0.15 0.606 0.155 0.59 0.168 0.572 0.186 0.557 0.223 0.554 0.237 0.548 0.259 0.546 0.285 0.557 0.297 0.557 0.292 0.571 0.29 0.587 0.283 0.611 0.28 0.644 0.279 0.703 0.278 0.713 0.28 0.748 0.288 0.784 0.294 0.793 0.294 0.801 0.289 0.807 0.286 0.806 0.287 0.804 0.284 0.804 0.286 0.808 0.28 0.806 0.253 0.81
0 0.204 0.557 0.177 0.555 0.157 0.548 0.13 0.525 0.123 0.513 0.112 0.499 0.102 0.477 0.098 0.442 0.095 0.435 0.098 0.42 0.097 0.4 0.103 0.386 0.105 0.366 0.12 0.332 0.141 0.303 0.156 0.291 0.162 0.284 0.17 0.281 0.188 0.266 0.21 0.254 0.215 0.248 0.225 0.246 0.23 0.241 0.253 0.229 0.281 0.224 0.298 0.226 0.308 0.229 0.332 0.249 0.344 0.266 0.352 0.286 0.357 0.306 0.357 0.323 0.353 0.345 0.339 0.396 0.331 0.431 0.313 0.479 0.286 0.514 0.275 0.526 0.268 0.53 0.264 0.541 0.258 0.546 0.249 0.547 0.235 0.553 0.204 0.557
0 0.396 0.346 0.379 0.346 0.362 0.328 0.362 0.313 0.356 0.303 0.345 0.273 0.337 0.26 0.318 0.242 0.318 0.177 0.322 0.171 0.343 0.114 0.357 0.101 0.366 0.08 0.38 0.063 0.408 0.048 0.429 0.044 0.438 0.039 0.438 0.043 0.441 0.046 0.45 0.044 0.454 0.046 0.459 0.046 0.463 0.049 0.469 0.048 0.48 0.053 0.482 0.057 0.487 0.055 0.491 0.057 0.493 0.061 0.504 0.067 0.509 0.078 0.515 0.081 0.516 0.087 0.528 0.098 0.528 0.101 0.539 0.11 0.544 0.125 0.55 0.129 0.555 0.139 0.562 0.146 0.567 0.162 0.57 0.164 0.571 0.178 0.579 0.191 0.58 0.197 0.579 0.211 0.574 0.221 0.563 0.222 0.538 0.243 0.519 0.279 0.511 0.287 0.502 0.304 0.497 0.307 0.495 0.312 0.482 0.314 0.476 0.319 0.472 0.325 0.462 0.328 0.451 0.337 0.441 0.341 0.416 0.342 0.396 0.346
0 0.3 0.549 0.296 0.519 0.299 0.495 0.312 0.477 0.318 0.464 0.328 0.438 0.336 0.406 0.341 0.394 0.363 0.367 0.375 0.36 0.397 0.354 0.432 0.35 0.452 0.345 0.461 0.349 0.47 0.356 0.481 0.376 0.487 0.384 0.5 0.411 0.51 0.454 0.509 0.484 0.507 0.493 0.506 0.504 0.503 0.502 0.492 0.484 0.48 0.47 0.456 0.452 0.441 0.445 0.403 0.447 0.394 0.452 0.364 0.462 0.357 0.472 0.35 0.475 0.34 0.487 0.333 0.491 0.329 0.501 0.311 0.525 0.3 0.549
0 0.548 0.792 0.515 0.779 0.491 0.742 0.482 0.736 0.495 0.715 0.507 0.685 0.508 0.676 0.511 0.667 0.521 0.615 0.522 0.602 0.522 0.58 0.514 0.523 0.558 0.479 0.575 0.466 0.587 0.462 0.601 0.463 0.615 0.46 0.633 0.468 0.643 0.476 0.651 0.491 0.654 0.507 0.631 0.511 0.625 0.515 0.619 0.515 0.591 0.527 0.571 0.548 0.564 0.558 0.559 0.561 0.545 0.579 0.532 0.601 0.526 0.618 0.519 0.659 0.519 0.691 0.521 0.702 0.534 0.735 0.559 0.767 0.575 0.779 0.565 0.784 0.559 0.785 0.553 0.791 0.548 0.792
0 0.181 0.226 0.172 0.224 0.154 0.216 0.13 0.197 0.11 0.164 0.099 0.132 0.097 0.118 0.099 0.092 0.111 0.048 0.126 0.026 0.137 0.015 0.148 0.008 0.182 0.009 0.202 0.015 0.211 0.02 0.219 0.026 0.235 0.046 0.245 0.06 0.249 0.071 0.246 0.088 0.247 0.111 0.25 0.134 0.25 0.155 0.248 0.173 0.239 0.201 0.231 0.212 0.226 0.215 0.181 0.226
0 0.099 0.396 0.076 0.394 0.066 0.389 0.048 0.387 0.039 0.378 0.04 0.371 0.038 0.365 0.04 0.359 0.044 0.359 0.05 0.353 0.053 0.352 0.056 0.345 0.06 0.342 0.065 0.332 0.07 0.33 0.075 0.313 0.085 0.295 0.087 0.282 0.086 0.268 0.088 0.26 0.088 0.233 0.093 0.22 0.089 0.21 0.089 0.204 0.092 0.2 0.097 0.196 0.113 0.197 0.127 0.194 0.142 0.211 0.152 0.212 0.157 0.22 0.175 0.224 0.199 0.224 0.223 0.219 0.232 0.228 0.235 0.234 0.233 0.24 0.223 0.247 0.214 0.249 0.205 0.257 0.188 0.266 0.172 0.28 0.163 0.285 0.138 0.307 0.119 0.333 0.116 0.342 0.106 0.364 0.103 0.39 0.099 0.396
0 0.0 0.101 0.0 0.027 0.002 0.025 0.012 0.024 0.033 0.033 0.044 0.039 0.053 0.047 0.067 0.069 0.071 0.08 0.078 0.092 0.084 0.111 0.092 0.201 0.092 0.245 0.087 0.274 0.088 0.281 0.086 0.295 0.074 0.315 0.068 0.33 0.063 0.333 0.058 0.343 0.046 0.356 0.033 0.359 0.009 0.371 0.002 0.373 0.0 0.371
0 0.0 0.639 0.001 0.398 0.005 0.394 0.018 0.391 0.046 0.387 0.06 0.388 0.096 0.398 0.1 0.408 0.098 0.411 0.098 0.423 0.096 0.432 0.1 0.444 0.103 0.478 0.112 0.498 0.124 0.512 0.128 0.523 0.14 0.532 0.154 0.548 0.156 0.558 0.156 0.574 0.155 0.575 0.153 0.571 0.151 0.571 0.148 0.578 0.149 0.584 0.145 0.591 0.138 0.597 0.135 0.596 0.133 0.599 0.124 0.603 0.109 0.627 0.092 0.645 0.087 0.654 0.08 0.658 0.068 0.674 0.055 0.686 0.025 0.7 0.02 0.709 0.013 0.714 0.009 0.716 0.0 0.715
0 0.43 0.0 0.436 0.024 0.438 0.043 0.433 0.045 0.43 0.043 0.422 0.046 0.418 0.045 0.412 0.05 0.405 0.05 0.386 0.06 0.384 0.064 0.376 0.07 0.359 0.089 0.333 0.131 0.32 0.172 0.319 0.191 0.317 0.206 0.317 0.23 0.315 0.234 0.298 0.225 0.277 0.224 0.275 0.219 0.278 0.17 0.276 0.15 0.268 0.109 0.265 0.071 0.265 0.044 0.27 0.014 0.275 0.0
0 0.242 0.236 0.239 0.233 0.244 0.225 0.246 0.203 0.263 0.171 0.271 0.164 0.276 0.162 0.279 0.173 0.276 0.216 0.277 0.225 0.253 0.23 0.242 0.236
0 0.639 0.166 0.592 0.165 0.581 0.162 0.567 0.148 0.554 0.137 0.543 0.123 0.529 0.089 0.525 0.071 0.525 0.02 0.525 0.012 0.53 0.0 0.748 0.0 0.757 0.007 0.773 0.024 0.782 0.036 0.786 0.045 0.789 0.048 0.79 0.058 0.788 0.063 0.787 0.079 0.78 0.1 0.771 0.112 0.745 0.129 0.717 0.138 0.702 0.146 0.689 0.149 0.655 0.164 0.639 0.166
0 0.684 0.292 0.675 0.275 0.673 0.266 0.661 0.252 0.639 0.231 0.624 0.222 0.606 0.215 0.589 0.215 0.574 0.22 0.578 0.211 0.578 0.185 0.572 0.18 0.569 0.172 0.569 0.166 0.574 0.156 0.571 0.149 0.581 0.162 0.612 0.166 0.644 0.162 0.651 0.165 0.676 0.154 0.688 0.151 0.692 0.158 0.698 0.183 0.699 0.231 0.697 0.244 0.69 0.259 0.686 0.286 0.684 0.292
0 0.721 0.236 0.699 0.234 0.699 0.21 0.701 0.206 0.699 0.18 0.695 0.173 0.694 0.159 0.687 0.15 0.702 0.147 0.716 0.138 0.744 0.129 0.772 0.111 0.779 0.1 0.787 0.074 0.79 0.052 0.787 0.028 0.803 0.033 0.808 0.041 0.816 0.057 0.81 0.079 0.808 0.102 0.806 0.133 0.808 0.152 0.815 0.178 0.831 0.207 0.787 0.206 0.765 0.21 0.748 0.217 0.721 0.236
0 0.694 0.334 0.692 0.326 0.694 0.301 0.705 0.264 0.719 0.243 0.74 0.223 0.764 0.209 0.8 0.204 0.831 0.207 0.842 0.214 0.788 0.222 0.76 0.235 0.73 0.264 0.716 0.283 0.71 0.301 0.701 0.321 0.698 0.324 0.696 0.332 0.694 0.334
0 0.895 0.228 0.862 0.218 0.842 0.215 0.83 0.204 0.814 0.175 0.807 0.148 0.805 0.123 0.81 0.079 0.82 0.047 0.835 0.018 0.85 0.0 0.985 0.0 0.995 0.023 0.998 0.034 0.998 0.151 0.982 0.178 0.961 0.202 0.939 0.215 0.895 0.228
0 0.767 0.499 0.737 0.494 0.719 0.483 0.709 0.472 0.703 0.473 0.698 0.459 0.69 0.445 0.687 0.416 0.688 0.39 0.695 0.341 0.699 0.324 0.711 0.299 0.716 0.282 0.75 0.244 0.76 0.236 0.788 0.222 0.824 0.216 0.855 0.217 0.888 0.226 0.901 0.232 0.913 0.241 0.923 0.256 0.927 0.268 0.93 0.293 0.93 0.312 0.908 0.376 0.891 0.408 0.887 0.418 0.857 0.456 0.819 0.472 0.785 0.493 0.767 0.499
0 0.74 0.526 0.687 0.509 0.656 0.507 0.651 0.488 0.654 0.478 0.654 0.473 0.664 0.459 0.682 0.45 0.694 0.452 0.717 0.479 0.738 0.494 0.749 0.499 0.751 0.505 0.75 0.511 0.747 0.518 0.74 0.526
0 0.512 0.513 0.509 0.511 0.506 0.505 0.51 0.459 0.507 0.438 0.502 0.417 0.502 0.414 0.509 0.409 0.518 0.404 0.535 0.427 0.555 0.443 0.56 0.445 0.565 0.451 0.58 0.458 0.588 0.457 0.587 0.46 0.581 0.461 0.57 0.467 0.554 0.48 0.539 0.488 0.512 0.513
0 0.97 0.457 0.956 0.448 0.943 0.447 0.938 0.445 0.931 0.447 0.925 0.444 0.9 0.445 0.88 0.449 0.874 0.453 0.868 0.453 0.867 0.447 0.876 0.433 0.881 0.429 0.885 0.423 0.89 0.409 0.899 0.396 0.905 0.38 0.909 0.374 0.913 0.36 0.926 0.359 0.929 0.365 0.938 0.371 0.96 0.405 0.966 0.422 0.97 0.447 0.97 0.457
0 0.292 0.569 0.278 0.557 0.255 0.546 0.252 0.541 0.26 0.531 0.27 0.525 0.29 0.506 0.292 0.506 0.298 0.531 0.3 0.55 0.299 0.556 0.292 0.569
0 0.148 0.777 0.078 0.743 0.057 0.723 0.048 0.708 0.043 0.694 0.087 0.653 0.093 0.644 0.109 0.626 0.122 0.602 0.131 0.592 0.14 0.558 0.146 0.541 0.161 0.55 0.184 0.556 0.181 0.562 0.167 0.573 0.154 0.592 0.15 0.606 0.142 0.62 0.141 0.628 0.134 0.645 0.128 0.67 0.127 0.682 0.129 0.687 0.129 0.698 0.132 0.705 0.136 0.728 0.147 0.755 0.163 0.773 0.148 0.777
0 0.001 0.934 0.001 0.902 0.009 0.848 0.011 0.826 0.0 0.798 0.001 0.745 0.058 0.745 0.091 0.748 0.113 0.759 0.123 0.769 0.131 0.77 0.139 0.774 0.14 0.777 0.133 0.781 0.132 0.785 0.104 0.798 0.095 0.807 0.08 0.813 0.073 0.825 0.067 0.828 0.06 0.836 0.055 0.838 0.054 0.841 0.046 0.852 0.029 0.871 0.014 0.898 0.006 0.916 0.001 0.934
0 0.195 0.996 0.0 0.996 0.001 0.938 0.009 0.91 0.029 0.873 0.046 0.852 0.05 0.844 0.054 0.843 0.056 0.838 0.071 0.827 0.078 0.816 0.095 0.807 0.103 0.798 0.131 0.785 0.136 0.781 0.152 0.775 0.172 0.772 0.185 0.775 0.195 0.784 0.204 0.788 0.211 0.796 0.22 0.819 0.225 0.838 0.223 0.861 0.214 0.9 0.212 0.947 0.207 0.969 0.195 0.996
0 0.251 0.991 0.198 0.99 0.208 0.964 0.212 0.943 0.213 0.901 0.224 0.849 0.223 0.835 0.215 0.806 0.255 0.807 0.292 0.799 0.308 0.82 0.315 0.82 0.32 0.817 0.336 0.827 0.338 0.829 0.331 0.837 0.317 0.87 0.312 0.9 0.313 0.933 0.321 0.964 0.332 0.988 0.251 0.991
0 0.554 0.997 0.336 0.996 0.321 0.964 0.312 0.928 0.312 0.898 0.317 0.869 0.331 0.838 0.339 0.828 0.344 0.827 0.358 0.831 0.364 0.829 0.373 0.829 0.385 0.824 0.423 0.798 0.441 0.781 0.485 0.798 0.506 0.812 0.528 0.834 0.552 0.851 0.561 0.872 0.562 0.88 0.55 0.93 0.551 0.97 0.555 0.99 0.554 0.997
0 0.564 0.872 0.562 0.866 0.551 0.851 0.539 0.844 0.526 0.832 0.526 0.828 0.523 0.825 0.524 0.811 0.535 0.798 0.542 0.798 0.556 0.787 0.557 0.784 0.572 0.777 0.597 0.782 0.61 0.789 0.615 0.797 0.611 0.815 0.594 0.827 0.587 0.836 0.581 0.839 0.571 0.852 0.568 0.866 0.564 0.872
0 0.751 0.996 0.554 0.996 0.552 0.994 0.553 0.989 0.55 0.97 0.55 0.931 0.556 0.901 0.565 0.87 0.575 0.852 0.583 0.842 0.589 0.83 0.603 0.814 0.611 0.809 0.617 0.802 0.624 0.802 0.624 0.799 0.649 0.801 0.688 0.794 0.724 0.814 0.74 0.828 0.766 0.869 0.784 0.91 0.788 0.928 0.791 0.97 0.79 0.994 0.788 0.996 0.751 0.996
0 0.975 1.0 0.789 1.0 0.791 0.988 0.791 0.967 0.787 0.929 0.784 0.913 0.772 0.882 0.76 0.859 0.755 0.834 0.749 0.824 0.741 0.795 0.742 0.783 0.744 0.776 0.753 0.761 0.758 0.755 0.764 0.741 0.774 0.733 0.777 0.729 0.782 0.728 0.788 0.723 0.798 0.712 0.803 0.711 0.814 0.7 0.82 0.697 0.833 0.679 0.857 0.683 0.872 0.69 0.888 0.702 0.894 0.71 0.905 0.719 0.912 0.73 0.918 0.734 0.92 0.74 0.93 0.751 0.93 0.755 0.95 0.786 0.961 0.807 0.973 0.835 0.98 0.859 0.988 0.91 0.988 0.939 0.984 0.966 0.984 0.977 0.979 0.995 0.975 1.0
0 0.972 0.826 0.969 0.825 0.965 0.821 0.963 0.811 0.959 0.804 0.958 0.8 0.953 0.797 0.935 0.762 0.922 0.74 0.917 0.735 0.916 0.729 0.918 0.726 0.922 0.725 0.927 0.731 0.933 0.729 0.954 0.73 0.975 0.737 0.996 0.739 0.998 0.742 0.999 0.746 0.986 0.791 0.983 0.795 0.975 0.823 0.972 0.82
