0 0.673 0.882 0.657 0.881 0.64 0.875 0.63 0.868 0.613 0.845 0.601 0.816 0.598 0.798 0.595 0.77 0.596 0.739 0.601 0.711 0.617 0.642 0.639 0.581 0.653 0.551 0.657 0.535 0.661 0.49 0.66 0.426 0.662 0.391 0.666 0.353 0.673 0.319 0.674 0.301 0.677 0.287 0.689 0.258 0.706 0.228 0.716 0.217 0.721 0.198 0.742 0.191 0.758 0.202 0.775 0.21 0.787 0.211 0.797 0.218 0.795 0.257 0.805 0.287 0.806 0.313 0.803 0.381 0.791 0.493 0.77 0.639 0.767 0.675 0.761 0.723 0.753 0.756 0.736 0.809 0.721 0.844 0.711 0.858 0.698 0.871 0.684 0.879 0.673 0.882
0 0.366 0.914 0.358 0.914 0.349 0.907 0.34 0.904 0.333 0.896 0.318 0.888 0.308 0.879 0.299 0.865 0.29 0.841 0.28 0.796 0.265 0.685 0.244 0.579 0.235 0.517 0.224 0.43 0.224 0.397 0.228 0.363 0.238 0.333 0.249 0.31 0.261 0.295 0.277 0.284 0.306 0.279 0.319 0.281 0.336 0.287 0.351 0.298 0.364 0.316 0.373 0.337 0.383 0.383 0.383 0.447 0.375 0.585 0.375 0.646 0.376 0.688 0.381 0.745 0.391 0.805 0.391 0.844 0.384 0.896 0.375 0.909 0.366 0.914
0 0.114 0.965 0.107 0.965 0.103 0.961 0.069 0.958 0.07 0.953 0.065 0.948 0.065 0.942 0.061 0.937 0.06 0.942 0.058 0.943 0.057 0.938 0.055 0.882 0.054 0.748 0.049 0.71 0.052 0.57 0.042 0.447 0.042 0.419 0.046 0.379 0.052 0.341 0.061 0.311 0.067 0.297 0.088 0.27 0.1 0.261 0.122 0.254 0.153 0.253 0.174 0.265 0.189 0.278 0.205 0.301 0.222 0.337 0.228 0.357 0.225 0.392 0.225 0.444 0.228 0.482 0.225 0.512 0.216 0.554 0.199 0.682 0.173 0.8 0.16 0.886 0.156 0.901 0.145 0.927 0.132 0.94 0.124 0.951 0.123 0.957 0.114 0.965
0 0.463 0.77 0.458 0.77 0.432 0.73 0.422 0.718 0.416 0.715 0.41 0.689 0.41 0.639 0.416 0.604 0.429 0.564 0.456 0.5 0.536 0.344 0.552 0.318 0.64 0.159 0.657 0.131 0.685 0.103 0.709 0.09 0.735 0.087 0.764 0.102 0.775 0.115 0.78 0.125 0.788 0.151 0.79 0.19 0.787 0.21 0.775 0.21 0.742 0.191 0.736 0.193 0.734 0.197 0.725 0.196 0.722 0.198 0.717 0.215 0.708 0.227 0.69 0.256 0.676 0.291 0.672 0.325 0.667 0.344 0.664 0.363 0.659 0.447 0.616 0.506 0.588 0.55 0.561 0.604 0.534 0.671 0.521 0.695 0.502 0.718 0.493 0.727 0.482 0.75 0.47 0.765 0.463 0.77
0 0.378 0.687 0.375 0.683 0.372 0.574 0.379 0.472 0.378 0.408 0.381 0.393 0.381 0.376 0.375 0.345 0.368 0.325 0.359 0.308 0.341 0.288 0.342 0.27 0.357 0.215 0.373 0.18 0.385 0.165 0.397 0.151 0.415 0.139 0.426 0.137 0.449 0.138 0.462 0.145 0.478 0.157 0.487 0.169 0.5 0.196 0.507 0.222 0.51 0.246 0.51 0.33 0.503 0.35 0.5 0.371 0.49 0.393 0.488 0.404 0.455 0.493 0.448 0.508 0.446 0.515 0.446 0.528 0.43 0.564 0.41 0.624 0.387 0.673 0.378 0.687
0 0.397 0.847 0.391 0.846 0.391 0.808 0.381 0.742 0.38 0.715 0.389 0.702 0.399 0.695 0.409 0.678 0.412 0.697 0.417 0.715 0.422 0.717 0.438 0.737 0.46 0.77 0.473 0.762 0.484 0.746 0.496 0.725 0.522 0.692 0.535 0.669 0.557 0.677 0.583 0.694 0.589 0.7 0.597 0.714 0.598 0.72 0.595 0.751 0.597 0.794 0.59 0.805 0.58 0.813 0.554 0.826 0.522 0.836 0.397 0.847
0 0.518 0.294 0.514 0.294 0.511 0.291 0.508 0.229 0.498 0.191 0.486 0.167 0.479 0.158 0.453 0.138 0.53 0.14 0.554 0.145 0.57 0.153 0.577 0.159 0.592 0.186 0.597 0.207 0.6 0.208 0.6 0.232 0.588 0.249 0.576 0.273 0.546 0.282 0.518 0.294
0 0.23 0.358 0.227 0.357 0.219 0.33 0.202 0.295 0.204 0.291 0.214 0.288 0.228 0.287 0.255 0.298 0.24 0.327 0.23 0.358
0 0.793 0.768 0.766 0.766 0.752 0.76 0.761 0.722 0.768 0.677 0.771 0.637 0.782 0.553 0.787 0.555 0.804 0.613 0.834 0.689 0.836 0.698 0.834 0.704 0.841 0.711 0.847 0.743 0.845 0.75 0.831 0.759 0.809 0.766 0.793 0.768
0 0.923 0.381 0.909 0.325 0.897 0.297 0.884 0.276 0.867 0.257 0.844 0.242 0.827 0.24 0.797 0.248 0.795 0.241 0.798 0.219 0.794 0.214 0.787 0.211 0.788 0.2 0.823 0.194 0.845 0.194 0.88 0.202 0.898 0.21 0.906 0.218 0.93 0.246 0.945 0.279 0.946 0.307 0.941 0.336 0.926 0.377 0.923 0.381
0 0.461 0.483 0.46 0.48 0.461 0.471 0.469 0.456 0.47 0.449 0.478 0.444 0.481 0.43 0.495 0.423 0.474 0.468 0.461 0.483
0 0.93 0.878 0.919 0.872 0.901 0.87 0.893 0.863 0.883 0.864 0.877 0.859 0.871 0.848 0.858 0.808 0.841 0.714 0.836 0.703 0.835 0.694 0.818 0.648 0.803 0.613 0.784 0.547 0.784 0.535 0.792 0.484 0.805 0.358 0.804 0.301 0.802 0.283 0.795 0.26 0.795 0.254 0.799 0.248 0.809 0.243 0.826 0.239 0.844 0.242 0.863 0.253 0.877 0.266 0.889 0.283 0.902 0.307 0.912 0.334 0.922 0.379 0.931 0.471 0.945 0.545 0.953 0.641 0.967 0.75 0.967 0.797 0.962 0.833 0.958 0.844 0.945 0.862 0.942 0.87 0.936 0.875 0.93 0.87
