0 0.877 0.975 0.846 0.973 0.814 0.963 0.8 0.952 0.772 0.918 0.758 0.887 0.749 0.841 0.751 0.783 0.756 0.761 0.769 0.721 0.839 0.638 0.861 0.62 0.88 0.597 0.915 0.572 0.937 0.571 0.947 0.577 0.966 0.597 0.979 0.606 0.991 0.625 0.998 0.649 1.0 0.669 0.999 0.812 0.983 0.871 0.966 0.912 0.947 0.935 0.923 0.955 0.905 0.966 0.877 0.975
0 0.795 0.614 0.773 0.612 0.761 0.602 0.745 0.581 0.736 0.56 0.733 0.545 0.732 0.494 0.735 0.455 0.748 0.427 0.754 0.408 0.76 0.374 0.777 0.341 0.787 0.328 0.805 0.313 0.823 0.304 0.846 0.296 0.873 0.294 0.895 0.299 0.915 0.311 0.935 0.331 0.944 0.346 0.953 0.364 0.959 0.396 0.959 0.437 0.956 0.455 0.949 0.479 0.94 0.498 0.92 0.529 0.889 0.563 0.856 0.588 0.838 0.599 0.813 0.612 0.795 0.614
0 0.622 0.818 0.605 0.818 0.587 0.814 0.58 0.81 0.571 0.798 0.561 0.772 0.561 0.745 0.565 0.729 0.597 0.64 0.608 0.619 0.628 0.591 0.637 0.582 0.664 0.562 0.684 0.551 0.699 0.548 0.734 0.55 0.743 0.577 0.754 0.594 0.769 0.609 0.779 0.613 0.789 0.614 0.791 0.623 0.791 0.635 0.787 0.657 0.751 0.775 0.743 0.791 0.705 0.808 0.622 0.818
0 0.644 0.525 0.621 0.525 0.556 0.505 0.547 0.499 0.535 0.483 0.516 0.464 0.505 0.457 0.474 0.444 0.464 0.436 0.455 0.42 0.453 0.41 0.452 0.393 0.445 0.385 0.443 0.372 0.443 0.36 0.447 0.356 0.451 0.357 0.449 0.343 0.46 0.323 0.462 0.321 0.484 0.32 0.507 0.315 0.564 0.285 0.595 0.265 0.615 0.258 0.636 0.255 0.663 0.255 0.718 0.292 0.73 0.303 0.748 0.333 0.757 0.36 0.757 0.385 0.755 0.406 0.749 0.426 0.729 0.469 0.705 0.499 0.686 0.513 0.663 0.523 0.644 0.525
0 0.764 0.327 0.744 0.326 0.73 0.303 0.72 0.294 0.666 0.257 0.648 0.218 0.643 0.2 0.639 0.153 0.639 0.127 0.643 0.092 0.649 0.07 0.663 0.039 0.688 0.012 0.702 0.004 0.751 0.005 0.775 0.011 0.787 0.02 0.806 0.037 0.823 0.06 0.837 0.093 0.847 0.129 0.85 0.151 0.849 0.201 0.834 0.262 0.824 0.288 0.815 0.308 0.791 0.322 0.764 0.327
0 0.481 0.319 0.451 0.317 0.426 0.306 0.371 0.263 0.314 0.208 0.308 0.194 0.304 0.171 0.301 0.166 0.304 0.133 0.314 0.111 0.351 0.08 0.393 0.051 0.427 0.035 0.454 0.028 0.483 0.028 0.504 0.034 0.526 0.047 0.544 0.066 0.56 0.089 0.567 0.103 0.578 0.134 0.582 0.158 0.584 0.188 0.583 0.214 0.58 0.235 0.568 0.264 0.548 0.294 0.509 0.314 0.481 0.319
0 0.185 0.347 0.125 0.346 0.096 0.333 0.062 0.33 0.055 0.323 0.048 0.308 0.044 0.285 0.044 0.253 0.049 0.219 0.057 0.188 0.074 0.153 0.088 0.133 0.11 0.112 0.126 0.101 0.166 0.095 0.203 0.107 0.239 0.134 0.264 0.165 0.282 0.196 0.281 0.257 0.271 0.283 0.256 0.296 0.234 0.326 0.225 0.334 0.205 0.343 0.185 0.347
0 0.395 0.951 0.356 0.948 0.324 0.942 0.299 0.943 0.264 0.949 0.245 0.945 0.236 0.939 0.23 0.931 0.224 0.91 0.223 0.887 0.228 0.866 0.236 0.845 0.274 0.808 0.311 0.749 0.345 0.709 0.368 0.691 0.393 0.682 0.405 0.675 0.42 0.675 0.445 0.694 0.476 0.704 0.493 0.723 0.504 0.745 0.514 0.776 0.516 0.81 0.512 0.849 0.49 0.891 0.479 0.906 0.442 0.941 0.395 0.951
0 0.495 0.704 0.474 0.703 0.438 0.69 0.414 0.669 0.396 0.64 0.391 0.62 0.391 0.589 0.378 0.541 0.377 0.508 0.383 0.489 0.392 0.473 0.404 0.459 0.417 0.45 0.435 0.442 0.47 0.441 0.505 0.457 0.518 0.466 0.536 0.484 0.549 0.503 0.571 0.549 0.577 0.569 0.59 0.6 0.595 0.62 0.595 0.644 0.587 0.663 0.572 0.686 0.56 0.692 0.495 0.704
0 0.266 0.766 0.247 0.766 0.24 0.75 0.204 0.709 0.195 0.689 0.189 0.623 0.191 0.602 0.195 0.583 0.203 0.554 0.219 0.525 0.237 0.504 0.264 0.493 0.281 0.491 0.308 0.492 0.334 0.5 0.358 0.518 0.376 0.538 0.389 0.581 0.389 0.603 0.384 0.644 0.376 0.662 0.361 0.687 0.337 0.717 0.306 0.747 0.281 0.763 0.266 0.766
0 0.334 0.499 0.307 0.491 0.27 0.492 0.258 0.488 0.243 0.479 0.223 0.479 0.218 0.476 0.211 0.465 0.205 0.444 0.201 0.422 0.199 0.396 0.203 0.382 0.239 0.32 0.245 0.311 0.272 0.287 0.311 0.264 0.336 0.259 0.367 0.261 0.404 0.288 0.425 0.309 0.433 0.325 0.442 0.357 0.444 0.375 0.443 0.39 0.439 0.408 0.432 0.426 0.429 0.429 0.424 0.431 0.418 0.441 0.402 0.455 0.383 0.489 0.371 0.495 0.334 0.499
0 0.171 0.663 0.134 0.649 0.117 0.651 0.106 0.648 0.09 0.641 0.077 0.631 0.038 0.591 0.016 0.549 0.001 0.513 0.001 0.412 0.01 0.381 0.027 0.354 0.057 0.329 0.089 0.332 0.109 0.34 0.131 0.346 0.182 0.4 0.194 0.422 0.202 0.443 0.211 0.486 0.211 0.525 0.191 0.603 0.189 0.622 0.19 0.649 0.181 0.66 0.171 0.663
0 0.159 1.0 0.043 1.0 0.03 0.948 0.017 0.881 0.016 0.828 0.021 0.793 0.037 0.754 0.051 0.733 0.075 0.703 0.092 0.686 0.109 0.678 0.14 0.672 0.158 0.672 0.161 0.674 0.202 0.708 0.212 0.721 0.227 0.751 0.231 0.769 0.234 0.807 0.233 0.845 0.224 0.889 0.212 0.919 0.193 0.954 0.159 1.
