0 0.497 0.0 0.494 0.032 0.317 0.051 0.221 0.078 0.174 0.099 0.14 0.097 0.056 0.138 0.006 0.141 0.004 0.128 0.069 0.109 0.123 0.076 0.124 0.008 0.14 0.0
0 0.112 0.086 0.08 0.076 0.054 0.054 0.123 0.016 0.124 0.065 0.112 0.086
0 0.462 0.0 0.415 0.014 0.414 0.028 0.396 0.014 0.422 0.0
0 0.941 0.0 0.92 0.016 0.865 0.032 0.853 0.078 0.818 0.098 0.809 0.096 0.793 0.052 0.778 0.044 0.768 0.056 0.783 0.076 0.791 0.113 0.675 0.147 0.598 0.163 0.504 0.163 0.47 0.153 0.445 0.132 0.455 0.11 0.563 0.089 0.766 0.0
0 0.106 0.169 0.078 0.156 0.085 0.134 0.127 0.111 0.295 0.054 0.357 0.042 0.511 0.031 0.551 0.05 0.638 0.053 0.581 0.083 0.525 0.099 0.493 0.1 0.442 0.116 0.249 0.137 0.183 0.154 0.11 0.156 0.106 0.169
0 0.0 0.029 0.096 0.076 0.106 0.089 0.042 0.117 0.0 0.085
0 0.192 0.38 0.172 0.379 0.153 0.354 0.124 0.349 0.098 0.325 0.113 0.279 0.144 0.228 0.178 0.194 0.232 0.18 0.254 0.144 0.277 0.149 0.284 0.137 0.314 0.134 0.319 0.157 0.295 0.215 0.262 0.191 0.268 0.167 0.251 0.182 0.249 0.204 0.264 0.23 0.254 0.302 0.235 0.358 0.192 0.38
0 0.181 0.403 0.15 0.396 0.127 0.379 0.123 0.363 0.073 0.331 0.078 0.316 0.137 0.354 0.152 0.351 0.172 0.379 0.217 0.37 0.238 0.356 0.243 0.33 0.264 0.303 0.321 0.154 0.322 0.131 0.428 0.117 0.421 0.237 0.382 0.335 0.339 0.381 0.254 0.379 0.181 0.403
0 0.388 0.456 0.349 0.453 0.339 0.388 0.38 0.339 0.408 0.283 0.434 0.18 0.46 0.147 0.49 0.161 0.532 0.163 0.523 0.197 0.482 0.214 0.472 0.232 0.436 0.231 0.434 0.249 0.445 0.264 0.441 0.302 0.456 0.328 0.423 0.407 0.388 0.456
0 0.097 0.318 0.066 0.294 0.046 0.265 0.041 0.223 0.019 0.196 0.012 0.168 0.021 0.144 0.062 0.133 0.075 0.155 0.158 0.208 0.097 0.318
0 0.074 0.381 0.047 0.328 0.025 0.307 0.047 0.269 0.081 0.304 0.073 0.328 0.088 0.348 0.074 0.381
0 0.0 0.14 0.02 0.145 0.012 0.155 0.018 0.195 0.043 0.227 0.048 0.272 0.036 0.286 0.0 0.233
0 0.504 0.346 0.477 0.344 0.445 0.309 0.446 0.262 0.434 0.232 0.441 0.226 0.471 0.232 0.492 0.207 0.549 0.195 0.566 0.164 0.62 0.158 0.63 0.271 0.607 0.322 0.575 0.342 0.525 0.338 0.504 0.346
0 0.556 0.407 0.485 0.39 0.526 0.343 0.57 0.343 0.608 0.317 0.653 0.308 0.7 0.285 0.64 0.353 0.556 0.407
0 0.828 0.134 0.812 0.1 0.84 0.089 0.845 0.101 0.828 0.134
0 0.525 0.489 0.47 0.475 0.453 0.462 0.633 0.358 0.719 0.269 0.76 0.164 0.8 0.13 0.766 0.055 0.769 0.047 0.784 0.045 0.828 0.14 0.859 0.155 0.87 0.182 0.821 0.293 0.786 0.336 0.709 0.404 0.525 0.489
0 0.494 0.439 0.438 0.379 0.458 0.327 0.484 0.345 0.518 0.344 0.487 0.388 0.516 0.397 0.536 0.416 0.494 0.439
0 0.621 0.315 0.611 0.31 0.632 0.251 0.659 0.255 0.697 0.283 0.621 0.315
0 0.992 0.0 0.997 0.039 0.978 0.133 0.981 0.202 0.971 0.272 0.944 0.307 0.899 0.317 0.885 0.357 0.893 0.38 0.875 0.389 0.867 0.382 0.876 0.374 0.88 0.325 0.901 0.292 0.905 0.255 0.944 0.167 0.926 0.139 0.898 0.135 0.86 0.158 0.857 0.138 0.91 0.04 0.959 0.0
0 0.701 0.605 0.692 0.6 0.691 0.583 0.728 0.516 0.701 0.474 0.724 0.394 0.823 0.291 0.866 0.203 0.86 0.159 0.894 0.136 0.925 0.138 0.938 0.149 0.942 0.172 0.907 0.247 0.891 0.309 0.862 0.344 0.836 0.396 0.843 0.459 0.828 0.5 0.808 0.522 0.749 0.53 0.717 0.565 0.701 0.605
0 0.926 0.381 0.897 0.38 0.888 0.369 0.896 0.319 0.938 0.315 0.995 0.283 0.997 0.295 0.959 0.32 0.948 0.337 0.963 0.354 0.958 0.376 0.926 0.38
