0 0.396 0.736 0.385 0.736 0.335 0.711 0.305 0.679 0.3 0.665 0.311 0.623 0.345 0.575 0.354 0.543 0.377 0.505 0.475 0.376 0.565 0.234 0.671 0.108 0.711 0.084 0.743 0.079 0.777 0.084 0.808 0.108 0.829 0.15 0.833 0.19 0.823 0.244 0.808 0.275 0.697 0.423 0.609 0.52 0.509 0.649 0.468 0.688 0.396 0.736
0 0.171 0.75 0.129 0.746 0.086 0.717 0.049 0.675 0.038 0.646 0.036 0.606 0.055 0.529 0.081 0.484 0.189 0.359 0.278 0.232 0.399 0.076 0.455 0.039 0.471 0.037 0.485 0.043 0.521 0.089 0.527 0.128 0.521 0.175 0.495 0.236 0.373 0.459 0.362 0.493 0.311 0.567 0.258 0.682 0.226 0.724 0.171 0.75
0 0.944 0.0 0.962 0.03 0.98 0.036 0.996 0.054 0.996 0.97 0.957 0.983 0.879 0.946 0.845 0.873 0.8 0.836 0.792 0.76 0.795 0.675 0.814 0.55 0.828 0.41 0.851 0.267 0.859 0.106 0.876 0.056 0.923 0.0
0 0.965 0.996 0.199 0.996 0.174 0.954 0.17 0.885 0.179 0.85 0.193 0.821 0.219 0.792 0.257 0.77 0.287 0.762 0.525 0.77 0.747 0.821 0.82 0.848 0.847 0.875 0.882 0.947 0.95 0.981 0.965 0.996
0 0.43 0.434 0.415 0.416 0.409 0.393 0.453 0.321 0.489 0.243 0.516 0.272 0.524 0.292 0.488 0.354 0.43 0.434
0 0.769 0.821 0.742 0.816 0.676 0.691 0.667 0.66 0.662 0.602 0.641 0.522 0.639 0.485 0.679 0.45 0.762 0.334 0.773 0.327 0.779 0.335 0.778 0.561 0.79 0.682 0.774 0.74 0.774 0.769 0.785 0.797 0.782 0.814 0.769 0.821
0 0.548 0.249 0.498 0.238 0.522 0.177 0.528 0.129 0.545 0.107 0.592 0.074 0.75 0.0 0.915 0.002 0.914 0.011 0.876 0.056 0.86 0.092 0.856 0.163 0.847 0.175 0.834 0.178 0.828 0.14 0.819 0.12 0.792 0.09 0.758 0.078 0.727 0.078 0.698 0.087 0.654 0.122 0.548 0.249
0 0.746 0.0 0.735 0.01 0.672 0.035 0.524 0.081 0.513 0.078 0.507 0.063 0.482 0.034 0.441 0.04 0.392 0.073 0.332 0.156 0.261 0.183 0.221 0.182 0.191 0.153 0.121 0.155 0.113 0.148 0.096 0.105 0.093 0.084 0.11 0.073 0.126 0.043 0.167 0.022 0.182 0.002 0.353 0.0
0 0.051 0.524 0.021 0.522 0.001 0.501 0.0 0.133 0.024 0.082 0.07 0.058 0.092 0.083 0.092 0.097 0.112 0.167 0.132 0.356 0.132 0.419 0.123 0.434 0.09 0.466 0.051 0.524
0 0.0 0.51 0.005 0.508 0.023 0.524 0.055 0.526 0.041 0.557 0.035 0.588 0.036 0.65 0.062 0.703 0.089 0.728 0.108 0.737 0.119 0.758 0.111 0.834 0.088 0.9 0.061 0.93 0.0 0.953
0 0.153 0.389 0.145 0.379 0.141 0.352 0.146 0.297 0.156 0.26 0.177 0.221 0.219 0.199 0.263 0.199 0.277 0.208 0.282 0.221 0.276 0.234 0.217 0.31 0.197 0.347 0.17 0.379 0.153 0.38
