0 0.087 0.0 0.092 0.023 0.093 0.042 0.097 0.051 0.098 0.066 0.104 0.083 0.108 0.108 0.116 0.131 0.12 0.15 0.126 0.147 0.128 0.138 0.137 0.125 0.142 0.107 0.146 0.103 0.153 0.103 0.159 0.094 0.171 0.096 0.191 0.11 0.191 0.149 0.183 0.147 0.18 0.155 0.182 0.188 0.176 0.229 0.178 0.362 0.184 0.43 0.185 0.485 0.189 0.535 0.188 0.696 0.184 0.721 0.166 0.787 0.166 0.812 0.163 0.823 0.157 0.877 0.138 0.921 0.12 0.925 0.113 0.925 0.104 0.92 0.105 0.865 0.094 0.824 0.09 0.775 0.086 0.766 0.075 0.72 0.071 0.67 0.067 0.522 0.067 0.429 0.073 0.322 0.081 0.26 0.052 0.245 0.043 0.236 0.043 0.231 0.047 0.227 0.064 0.227 0.085 0.236 0.096 0.192 0.101 0.18 0.099 0.159 0.093 0.149 0.082 0.121 0.073 0.088 0.065 0.038 0.063 0.0
0 0.23 0.0 0.252 0.021 0.265 0.04 0.266 0.021 0.273 0.01 0.286 0.006 0.287 0.001 0.307 0.001 0.305 0.006 0.307 0.009 0.307 0.024 0.302 0.039 0.302 0.053 0.305 0.081 0.305 0.209 0.304 0.258 0.302 0.272 0.3 0.327 0.298 0.591 0.295 0.614 0.282 0.656 0.28 0.689 0.272 0.735 0.274 0.754 0.269 0.759 0.271 0.774 0.271 0.789 0.267 0.794 0.252 0.801 0.244 0.801 0.238 0.796 0.234 0.782 0.234 0.768 0.228 0.763 0.225 0.752 0.219 0.713 0.2 0.63 0.193 0.584 0.193 0.489 0.195 0.4 0.198 0.379 0.2 0.337 0.209 0.269 0.218 0.229 0.221 0.2 0.213 0.19 0.204 0.175 0.18 0.165 0.179 0.156 0.181 0.146 0.188 0.148 0.195 0.146 0.195 0.131 0.198 0.124 0.195 0.108 0.202 0.088 0.207 0.09 0.21 0.094 0.215 0.111 0.219 0.113 0.222 0.104 0.226 0.1 0.232 0.123 0.236 0.129 0.244 0.11 0.249 0.077 0.256 0.07 0.251 0.068 0.24 0.052 0.225 0.039 0.197 0.005 0.196 0.0
0 0.364 0.848 0.313 0.832 0.304 0.826 0.292 0.798 0.287 0.78 0.279 0.701 0.283 0.652 0.295 0.616 0.298 0.592 0.299 0.457 0.303 0.372 0.326 0.279 0.321 0.266 0.313 0.268 0.305 0.275 0.302 0.273 0.306 0.266 0.313 0.26 0.315 0.255 0.318 0.254 0.32 0.241 0.327 0.231 0.329 0.213 0.34 0.193 0.344 0.173 0.354 0.163 0.372 0.165 0.377 0.169 0.39 0.172 0.391 0.176 0.387 0.196 0.38 0.283 0.381 0.433 0.388 0.571 0.382 0.673 0.381 0.768 0.378 0.795 0.366 0.83 0.364 0.848
0 0.399 0.0 0.402 0.004 0.404 0.013 0.406 0.035 0.409 0.044 0.411 0.07 0.416 0.09 0.416 0.101 0.42 0.111 0.422 0.128 0.428 0.138 0.439 0.166 0.469 0.291 0.475 0.345 0.475 0.361 0.482 0.394 0.482 0.4 0.472 0.416 0.47 0.423 0.474 0.428 0.486 0.431 0.487 0.437 0.498 0.635 0.498 0.694 0.493 0.714 0.481 0.734 0.485 0.752 0.482 0.786 0.478 0.81 0.473 0.814 0.472 0.824 0.466 0.834 0.434 0.839 0.429 0.838 0.426 0.829 0.428 0.806 0.426 0.783 0.416 0.76 0.412 0.739 0.399 0.712 0.397 0.701 0.391 0.653 0.382 0.398 0.382 0.271 0.387 0.2 0.394 0.16 0.395 0.133 0.391 0.119 0.39 0.087 0.378 0.077 0.377 0.067 0.369 0.053 0.368 0.014 0.371 0.0
0 0.579 0.959 0.572 0.959 0.568 0.944 0.567 0.926 0.562 0.925 0.559 0.921 0.545 0.869 0.516 0.799 0.504 0.759 0.497 0.708 0.498 0.649 0.49 0.51 0.488 0.433 0.5 0.424 0.502 0.367 0.496 0.353 0.485 0.34 0.483 0.325 0.485 0.266 0.489 0.258 0.495 0.237 0.504 0.222 0.506 0.22 0.511 0.222 0.524 0.236 0.524 0.242 0.521 0.247 0.52 0.295 0.523 0.368 0.53 0.439 0.53 0.454 0.528 0.459 0.529 0.516 0.534 0.578 0.543 0.631 0.554 0.667 0.571 0.697 0.576 0.738 0.582 0.76 0.587 0.765 0.599 0.769 0.631 0.764 0.631 0.909 0.628 0.895 0.61 0.841 0.605 0.808 0.605 0.773 0.603 0.771 0.603 0.775 0.6 0.776 0.594 0.824 0.596 0.891 0.598 0.903 0.596 0.918 0.602 0.927 0.605 0.947 0.579 0.959
0 0.607 0.769 0.591 0.768 0.581 0.76 0.574 0.735 0.571 0.699 0.553 0.666 0.541 0.63 0.532 0.581 0.526 0.509 0.525 0.44 0.52 0.385 0.52 0.253 0.521 0.241 0.494 0.2 0.478 0.139 0.485 0.113 0.496 0.098 0.507 0.089 0.511 0.082 0.521 0.077 0.523 0.074 0.526 0.074 0.527 0.079 0.531 0.077 0.534 0.072 0.538 0.07 0.539 0.063 0.543 0.065 0.551 0.051 0.556 0.052 0.562 0.059 0.581 0.07 0.585 0.077 0.596 0.085 0.601 0.095 0.607 0.099 0.604 0.103 0.604 0.112 0.601 0.12 0.607 0.133 0.614 0.16 0.627 0.257 0.634 0.298 0.635 0.334 0.637 0.352 0.637 0.377 0.634 0.388 0.622 0.41 0.621 0.419 0.628 0.416 0.634 0.408 0.638 0.409 0.643 0.49 0.65 0.56 0.651 0.602 0.649 0.623 0.643 0.644 0.641 0.675 0.628 0.727 0.627 0.748 0.63 0.763 0.626 0.767 0.607 0.769
0 0.123 0.926 0.111 0.926 0.104 0.922 0.083 0.892 0.064 0.854 0.053 0.822 0.04 0.802 0.033 0.787 0.026 0.756 0.024 0.724 0.029 0.689 0.03 0.639 0.034 0.562 0.031 0.466 0.025 0.412 0.029 0.384 0.026 0.383 0.024 0.379 0.021 0.379 0.017 0.373 0.015 0.346 0.018 0.338 0.018 0.333 0.03 0.324 0.044 0.319 0.069 0.315 0.074 0.317 0.068 0.42 0.069 0.549 0.073 0.68 0.077 0.718 0.091 0.764 0.1 0.807 0.104 0.815 0.116 0.814 0.118 0.803 0.123 0.796 0.123 0.926
0 0.638 0.374 0.636 0.372 0.632 0.293 0.624 0.24 0.622 0.219 0.616 0.198 0.617 0.193 0.621 0.189 0.624 0.189 0.627 0.193 0.638 0.214 0.661 0.211 0.665 0.205 0.665 0.199 0.671 0.195 0.676 0.202 0.677 0.216 0.681 0.217 0.675 0.226 0.669 0.251 0.664 0.261 0.661 0.263 0.663 0.27 0.663 0.292 0.661 0.293 0.661 0.299 0.665 0.296 0.67 0.281 0.674 0.281 0.675 0.302 0.638 0.374
0 0.875 0.0 0.838 0.029 0.833 0.028 0.819 0.045 0.793 0.07 0.804 0.097 0.812 0.129 0.827 0.173 0.828 0.184 0.834 0.203 0.85 0.349 0.859 0.549 0.859 0.643 0.855 0.672 0.849 0.688 0.838 0.728 0.83 0.743 0.824 0.759 0.82 0.791 0.813 0.814 0.807 0.817 0.794 0.817 0.785 0.816 0.778 0.811 0.769 0.8 0.77 0.782 0.761 0.712 0.752 0.691 0.743 0.655 0.742 0.605 0.745 0.561 0.744 0.406 0.746 0.268 0.744 0.232 0.749 0.18 0.749 0.143 0.752 0.113 0.753 0.104 0.76 0.096 0.759 0.089 0.761 0.079 0.755 0.062 0.764 0.045 0.764 0.035 0.765 0.042 0.77 0.042 0.793 0.003 0.807 0.003 0.805 0.012 0.798 0.02 0.788 0.041 0.78 0.049 0.773 0.062 0.772 0.07 0.779 0.081 0.779 0.069 0.79 0.054 0.813 0.033 0.841 0.0
0 0.677 0.297 0.674 0.297 0.672 0.294 0.672 0.278 0.677 0.274 0.697 0.229 0.703 0.246 0.727 0.276 0.729 0.29 0.728 0.292 0.689 0.291 0.677 0.297
0 0.901 1.0 0.869 1.0 0.856 0.992 0.85 0.977 0.845 0.946 0.825 0.881 0.817 0.819 0.817 0.788 0.822 0.76 0.839 0.719 0.853 0.666 0.856 0.636 0.854 0.503 0.85 0.447 0.847 0.34 0.841 0.296 0.84 0.259 0.85 0.233 0.85 0.222 0.858 0.197 0.866 0.186 0.873 0.165 0.876 0.163 0.88 0.163 0.884 0.167 0.901 0.186 0.916 0.198 0.917 0.203 0.914 0.211 0.921 0.235 0.919 0.248 0.913 0.261 0.909 0.265 0.897 0.27 0.891 0.279 0.88 0.287 0.873 0.289 0.869 0.285 0.869 0.288 0.866 0.289 0.866 0.301 0.86 0.312 0.864 0.336 0.88 0.356 0.886 0.375 0.895 0.41 0.896 0.422 0.902 0.447 0.908 0.479 0.913 0.498 0.916 0.516 0.914 0.526 0.917 0.532 0.921 0.553 0.922 0.605 0.931 0.7 0.934 0.818 0.933 0.854 0.93 0.867 0.913 0.917 0.913 0.927 0.906 0.966 0.905 0.99 0.9 0.994 0.901 1.0
0 1.0 1.0 0.982 0.999 0.978 0.985 0.965 0.963 0.959 0.945 0.957 0.929 0.94 0.895 0.932 0.864 0.933 0.814 0.93 0.695 0.923 0.609 0.921 0.606 0.921 0.555 0.917 0.53 0.914 0.523 0.919 0.519 0.923 0.527 0.927 0.522 0.927 0.495 0.925 0.484 0.929 0.471 0.936 0.408 0.95 0.347 0.959 0.318 0.96 0.304 0.958 0.288 0.948 0.287 0.939 0.282 0.946 0.281 0.949 0.278 0.947 0.273 0.936 0.274 0.933 0.276 0.925 0.261 0.923 0.25 0.924 0.237 0.934 0.211 0.897 0.184 0.895 0.177 0.882 0.163 0.885 0.155 0.889 0.154 0.901 0.165 0.912 0.172 0.919 0.18 0.948 0.186 0.981 0.16 0.994 0.157 0.999 0.136 1.0 1.0
0 0.0 0.294 0.005 0.311 0.022 0.294 0.038 0.289 0.05 0.279 0.057 0.27 0.062 0.267 0.072 0.27 0.077 0.277 0.079 0.284 0.079 0.293 0.075 0.303 0.061 0.318 0.053 0.322 0.042 0.319 0.033 0.32 0.011 0.336 0.019 0.39 0.03 0.449 0.035 0.565 0.032 0.669 0.036 0.696 0.039 0.7 0.044 0.692 0.044 0.805 0.037 0.793 0.031 0.777 0.025 0.728 0.019 0.738 0.007 0.779 0.0 0.796
0 0.285 0.818 0.261 0.812 0.198 0.79 0.193 0.79 0.187 0.798 0.181 0.771 0.172 0.766 0.173 0.751 0.183 0.717 0.186 0.689 0.188 0.592 0.185 0.529 0.184 0.441 0.178 0.387 0.18 0.377 0.177 0.372 0.173 0.224 0.167 0.19 0.161 0.179 0.151 0.148 0.141 0.135 0.133 0.129 0.143 0.105 0.146 0.103 0.152 0.104 0.154 0.098 0.158 0.094 0.17 0.096 0.177 0.103 0.193 0.111 0.198 0.119 0.198 0.125 0.196 0.13 0.196 0.147 0.19 0.15 0.18 0.147 0.177 0.161 0.181 0.167 0.204 0.173 0.212 0.188 0.222 0.2 0.202 0.307 0.194 0.403 0.192 0.581 0.196 0.612 0.219 0.714 0.223 0.744 0.228 0.763 0.235 0.769 0.235 0.786 0.239 0.797 0.252 0.8 0.262 0.797 0.27 0.79 0.271 0.774 0.269 0.759 0.274 0.752 0.273 0.732 0.277 0.703 0.278 0.7 0.279 0.701 0.283 0.718 0.288 0.784 0.291 0.793 0.289 0.806 0.285 0.81
