0 0.448 0.714 0.431 0.713 0.399 0.705 0.378 0.691 0.362 0.672 0.352 0.648 0.342 0.602 0.341 0.589 0.347 0.544 0.357 0.525 0.382 0.488 0.408 0.464 0.429 0.454 0.442 0.45 0.465 0.45 0.5 0.456 0.512 0.463 0.524 0.474 0.535 0.491 0.547 0.517 0.552 0.545 0.552 0.565 0.547 0.59 0.525 0.646 0.512 0.669 0.497 0.689 0.476 0.706 0.448 0.714
0 0.296 0.643 0.272 0.64 0.26 0.633 0.248 0.622 0.24 0.61 0.232 0.593 0.227 0.574 0.226 0.551 0.229 0.533 0.234 0.517 0.242 0.502 0.251 0.49 0.264 0.48 0.283 0.471 0.306 0.468 0.322 0.472 0.342 0.484 0.355 0.5 0.362 0.514 0.35 0.537 0.342 0.576 0.341 0.6 0.345 0.623 0.336 0.631 0.324 0.638 0.296 0.643
0 0.524 0.472 0.507 0.458 0.486 0.45 0.447 0.447 0.437 0.423 0.433 0.402 0.434 0.382 0.437 0.366 0.453 0.328 0.466 0.312 0.489 0.294 0.501 0.288 0.514 0.284 0.538 0.288 0.55 0.294 0.561 0.305 0.576 0.329 0.581 0.345 0.583 0.362 0.581 0.394 0.566 0.433 0.548 0.457 0.524 0.472
0 0.211 0.528 0.187 0.525 0.175 0.518 0.164 0.508 0.149 0.489 0.141 0.473 0.136 0.457 0.134 0.44 0.136 0.411 0.135 0.38 0.138 0.364 0.145 0.345 0.157 0.328 0.168 0.317 0.19 0.306 0.203 0.303 0.226 0.306 0.238 0.313 0.25 0.324 0.28 0.364 0.287 0.382 0.29 0.404 0.29 0.442 0.283 0.469 0.266 0.478 0.247 0.495 0.235 0.512 0.23 0.526 0.211 0.528
0 0.378 0.448 0.36 0.447 0.346 0.441 0.333 0.43 0.324 0.419 0.312 0.391 0.308 0.367 0.302 0.341 0.302 0.312 0.312 0.281 0.33 0.257 0.344 0.248 0.356 0.244 0.37 0.243 0.39 0.246 0.404 0.252 0.417 0.263 0.426 0.275 0.434 0.29 0.447 0.337 0.447 0.341 0.439 0.357 0.435 0.376 0.435 0.409 0.433 0.412 0.424 0.424 0.411 0.434 0.39 0.445 0.378 0.448
0 0.15 0.338 0.141 0.311 0.141 0.278 0.151 0.247 0.169 0.223 0.192 0.21 0.217 0.21 0.24 0.223 0.258 0.247 0.265 0.266 0.268 0.287 0.267 0.311 0.26 0.336 0.249 0.322 0.236 0.311 0.222 0.305 0.204 0.304 0.178 0.313 0.162 0.324 0.15 0.338
0 0.621 0.538 0.609 0.537 0.598 0.532 0.581 0.516 0.568 0.493 0.56 0.451 0.56 0.443 0.577 0.41 0.581 0.394 0.59 0.387 0.613 0.38 0.63 0.382 0.647 0.394 0.668 0.426 0.676 0.461 0.674 0.483 0.665 0.507 0.655 0.518 0.639 0.53 0.621 0.538
0 0.596 0.363 0.583 0.362 0.579 0.336 0.572 0.319 0.563 0.306 0.543 0.288 0.523 0.282 0.522 0.272 0.523 0.252 0.527 0.236 0.549 0.2 0.566 0.187 0.591 0.182 0.603 0.183 0.614 0.188 0.648 0.214 0.661 0.236 0.667 0.268 0.664 0.297 0.65 0.328 0.634 0.345 0.621 0.35 0.609 0.359 0.596 0.363
0 0.428 0.272 0.408 0.253 0.386 0.244 0.374 0.242 0.375 0.216 0.37 0.19 0.364 0.175 0.365 0.169 0.371 0.15 0.382 0.135 0.393 0.126 0.402 0.122 0.421 0.121 0.44 0.131 0.452 0.145 0.461 0.161 0.468 0.183 0.468 0.208 0.462 0.23 0.443 0.261 0.428 0.272
0 0.303 0.304 0.286 0.296 0.271 0.282 0.266 0.271 0.259 0.247 0.243 0.227 0.243 0.216 0.249 0.182 0.263 0.146 0.275 0.132 0.285 0.125 0.3 0.12 0.314 0.12 0.333 0.128 0.348 0.144 0.362 0.17 0.37 0.193 0.373 0.209 0.374 0.226 0.371 0.241 0.356 0.243 0.34 0.25 0.328 0.26 0.312 0.281 0.303 0.30
