0 0.414 0.62 0.39 0.62 0.358 0.611 0.323 0.59 0.3 0.567 0.28 0.538 0.263 0.503 0.251 0.466 0.245 0.426 0.245 0.38 0.252 0.34 0.265 0.303 0.289 0.255 0.309 0.23 0.327 0.216 0.353 0.204 0.391 0.195 0.421 0.197 0.454 0.206 0.484 0.223 0.511 0.247 0.53 0.273 0.545 0.31 0.554 0.345 0.558 0.385 0.556 0.427 0.55 0.465 0.535 0.513 0.519 0.547 0.502 0.57 0.473 0.599 0.459 0.609 0.442 0.616 0.414 0.62
0 0.797 1.0 0.522 0.997 0.51 0.958 0.503 0.907 0.499 0.8 0.501 0.734 0.509 0.69 0.522 0.654 0.541 0.622 0.567 0.591 0.6 0.566 0.641 0.548 0.668 0.543 0.711 0.546 0.747 0.559 0.781 0.581 0.814 0.612 0.844 0.653 0.862 0.693 0.871 0.738 0.88 0.854 0.878 0.913 0.861 0.998 0.797 1.0
0 0.446 0.998 0.156 0.998 0.143 0.96 0.14 0.931 0.158 0.823 0.171 0.788 0.203 0.726 0.223 0.7 0.258 0.67 0.301 0.645 0.334 0.633 0.376 0.63 0.411 0.64 0.44 0.658 0.452 0.669 0.472 0.696 0.486 0.722 0.494 0.741 0.499 0.767 0.503 0.873 0.502 0.903 0.496 0.94 0.478 0.992 0.474 0.998 0.446 0.998
0 0.246 0.492 0.162 0.492 0.149 0.485 0.126 0.466 0.109 0.446 0.097 0.425 0.085 0.397 0.08 0.364 0.08 0.324 0.084 0.272 0.088 0.254 0.097 0.231 0.108 0.213 0.124 0.194 0.146 0.177 0.168 0.168 0.19 0.166 0.216 0.168 0.236 0.175 0.254 0.186 0.27 0.2 0.28 0.211 0.298 0.239 0.298 0.243 0.277 0.275 0.266 0.302 0.25 0.35 0.245 0.385 0.244 0.415 0.247 0.447 0.256 0.485 0.246 0.492
0 0.624 0.0 0.656 0.048 0.664 0.066 0.671 0.09 0.67 0.155 0.672 0.193 0.663 0.214 0.649 0.24 0.631 0.26 0.618 0.27 0.558 0.301 0.542 0.3 0.528 0.271 0.515 0.252 0.5 0.236 0.482 0.222 0.45 0.205 0.414 0.195 0.405 0.149 0.403 0.12 0.404 0.088 0.408 0.064 0.414 0.041 0.427 0.01 0.434 0.0
0 0.544 0.618 0.535 0.612 0.518 0.592 0.508 0.575 0.505 0.566 0.519 0.545 0.534 0.515 0.547 0.473 0.555 0.434 0.557 0.387 0.554 0.349 0.548 0.318 0.557 0.309 0.581 0.292 0.596 0.283 0.62 0.276 0.645 0.276 0.662 0.279 0.677 0.284 0.701 0.298 0.717 0.319 0.726 0.336 0.738 0.371 0.745 0.4 0.748 0.49 0.744 0.52 0.741 0.521 0.736 0.517 0.732 0.523 0.732 0.526 0.739 0.524 0.743 0.527 0.736 0.554 0.713 0.546 0.686 0.543 0.662 0.544 0.633 0.55 0.609 0.561 0.583 0.577 0.565 0.593 0.544 0.618
0 0.968 0.0 0.982 0.059 0.996 0.16 0.994 0.181 0.984 0.216 0.942 0.293 0.915 0.324 0.894 0.339 0.87 0.351 0.854 0.356 0.812 0.36 0.795 0.36 0.774 0.356 0.756 0.349 0.736 0.335 0.724 0.324 0.705 0.297 0.685 0.256 0.678 0.23 0.672 0.196 0.669 0.152 0.669 0.121 0.676 0.06 0.683 0.028 0.692 0.0
0 0.975 0.74 0.948 0.74 0.917 0.735 0.899 0.73 0.868 0.717 0.856 0.679 0.84 0.647 0.81 0.607 0.782 0.582 0.78 0.557 0.782 0.513 0.791 0.474 0.803 0.444 0.82 0.415 0.837 0.394 0.863 0.375 0.887 0.362 0.928 0.351 0.956 0.349 1.0 0.35 1.0 0.735 0.975 0.74
0 0.0 0.591 0.029 0.602 0.057 0.619 0.089 0.645 0.117 0.678 0.129 0.698 0.144 0.738 0.154 0.785 0.158 0.817 0.157 0.833 0.152 0.868 0.139 0.934 0.13 0.961 0.112 1.0 0.0 1.0
0 0.427 0.0 0.426 0.011 0.424 0.013 0.407 0.067 0.404 0.091 0.403 0.115 0.387 0.148 0.37 0.17 0.351 0.185 0.319 0.199 0.297 0.203 0.269 0.199 0.238 0.177 0.203 0.166 0.178 0.143 0.153 0.108 0.138 0.077 0.12 0.027 0.114 0.0
0 1.0 1.0 0.861 0.998 0.875 0.93 0.879 0.892 0.879 0.853 0.875 0.785 0.868 0.716 0.902 0.73 0.939 0.738 0.969 0.739 1.0 0.735 1.0 1.0
0 0.0 0.374 0.038 0.39 0.067 0.41 0.091 0.43 0.112 0.46 0.122 0.48 0.131 0.506 0.135 0.512 0.131 0.52 0.119 0.532 0.107 0.549 0.101 0.561 0.093 0.587 0.091 0.62 0.085 0.64 0.031 0.603 0.001 0.593 0.0 0.59
0 0.499 0.771 0.495 0.747 0.489 0.728 0.476 0.702 0.459 0.678 0.446 0.663 0.428 0.649 0.406 0.637 0.386 0.632 0.385 0.62 0.41 0.622 0.429 0.62 0.448 0.613 0.477 0.595 0.504 0.568 0.523 0.597 0.543 0.616 0.523 0.653 0.51 0.686 0.504 0.714 0.499 0.771
0 0.163 0.809 0.156 0.809 0.155 0.789 0.144 0.737 0.13 0.7 0.111 0.67 0.086 0.643 0.091 0.613 0.094 0.584 0.101 0.56 0.116 0.535 0.133 0.517 0.153 0.504 0.18 0.496 0.243 0.493 0.26 0.495 0.281 0.539 0.311 0.579 0.329 0.594 0.354 0.61 0.37 0.617 0.391 0.621 0.391 0.633 0.353 0.631 0.314 0.64 0.283 0.655 0.241 0.684 0.222 0.702 0.203 0.728 0.18 0.768 0.163 0.809
0 0.0 0.082 0.001 0.078 0.041 0.089 0.075 0.109 0.094 0.129 0.109 0.149 0.116 0.165 0.125 0.191 0.098 0.228 0.086 0.258 0.079 0.321 0.082 0.377 0.08 0.383 0.069 0.395 0.055 0.401 0.03 0.385 0.0 0.373
0 0.109 0.0 0.102 0.032 0.091 0.062 0.082 0.081 0.065 0.101 0.034 0.088 0.0 0.082
0 0.781 0.579 0.755 0.562 0.736 0.553 0.742 0.527 0.747 0.526 0.744 0.52 0.747 0.496 0.747 0.471 0.746 0.418 0.743 0.39 0.733 0.351 0.716 0.317 0.696 0.295 0.664 0.278 0.673 0.264 0.683 0.253 0.705 0.298 0.722 0.322 0.743 0.341 0.768 0.354 0.796 0.36 0.85 0.356 0.874 0.349 0.914 0.325 0.923 0.335 0.929 0.348 0.928 0.351 0.881 0.365 0.855 0.38 0.833 0.398 0.814 0.424 0.797 0.455 0.784 0.504 0.78 0.535 0.781 0.579
0 1.0 0.0 1.0 0.307 0.988 0.316 0.967 0.326 0.945 0.334 0.924 0.338 0.915 0.325 0.924 0.318 0.937 0.302 0.953 0.276 0.984 0.215 0.994 0.179 0.993 0.146 0.984 0.092 0.983 0.067 0.968 0.
