0 0.494 0.259 0.459 0.256 0.44 0.257 0.411 0.251 0.346 0.227 0.3 0.204 0.206 0.169 0.101 0.143 0.092 0.136 0.089 0.127 0.087 0.108 0.089 0.089 0.095 0.089 0.103 0.093 0.109 0.089 0.128 0.087 0.169 0.093 0.192 0.093 0.227 0.1 0.293 0.119 0.353 0.142 0.366 0.138 0.371 0.142 0.374 0.151 0.441 0.181 0.471 0.198 0.495 0.224 0.494 0.259
0 0.506 0.199 0.491 0.187 0.483 0.176 0.473 0.183 0.467 0.184 0.466 0.191 0.461 0.191 0.374 0.152 0.37 0.142 0.366 0.138 0.354 0.142 0.299 0.122 0.287 0.103 0.285 0.093 0.286 0.086 0.301 0.075 0.311 0.072 0.341 0.081 0.402 0.118 0.416 0.123 0.447 0.145 0.48 0.165 0.501 0.18 0.506 0.199
0 0.441 0.428 0.421 0.428 0.396 0.413 0.385 0.409 0.374 0.401 0.355 0.393 0.336 0.377 0.288 0.351 0.218 0.304 0.212 0.299 0.209 0.292 0.203 0.288 0.169 0.271 0.156 0.259 0.136 0.249 0.096 0.222 0.075 0.206 0.06 0.187 0.056 0.176 0.058 0.156 0.07 0.142 0.08 0.141 0.094 0.142 0.12 0.153 0.163 0.175 0.222 0.212 0.232 0.214 0.242 0.224 0.287 0.25 0.311 0.269 0.367 0.301 0.388 0.324 0.424 0.349 0.439 0.367 0.446 0.38 0.446 0.407 0.436 0.424 0.441 0.428
0 0.076 0.446 0.074 0.436 0.074 0.401 0.071 0.398 0.072 0.347 0.069 0.341 0.068 0.326 0.073 0.278 0.074 0.225 0.078 0.208 0.141 0.252 0.132 0.261 0.13 0.269 0.128 0.409 0.119 0.409 0.11 0.416 0.105 0.409 0.101 0.409 0.1 0.415 0.086 0.429 0.082 0.441 0.076 0.446
0 0.194 0.529 0.174 0.528 0.174 0.52 0.171 0.516 0.169 0.506 0.167 0.467 0.162 0.443 0.151 0.424 0.136 0.418 0.128 0.409 0.13 0.266 0.135 0.258 0.144 0.252 0.142 0.251 0.167 0.27 0.191 0.28 0.194 0.284 0.202 0.477 0.201 0.512 0.194 0.529
0 0.091 0.926 0.079 0.926 0.066 0.914 0.05 0.855 0.049 0.841 0.049 0.737 0.051 0.715 0.048 0.687 0.049 0.66 0.044 0.586 0.041 0.574 0.043 0.534 0.05 0.5 0.061 0.469 0.073 0.449 0.08 0.443 0.094 0.443 0.1 0.451 0.098 0.477 0.098 0.529 0.103 0.638 0.115 0.735 0.114 0.756 0.118 0.804 0.117 0.829 0.111 0.864 0.101 0.903 0.091 0.926
0 0.183 0.868 0.168 0.868 0.167 0.865 0.156 0.859 0.145 0.844 0.13 0.813 0.123 0.783 0.107 0.669 0.104 0.602 0.1 0.56 0.098 0.473 0.103 0.448 0.111 0.43 0.119 0.428 0.126 0.422 0.132 0.419 0.148 0.423 0.154 0.428 0.161 0.442 0.166 0.462 0.171 0.545 0.178 0.618 0.183 0.714 0.192 0.794 0.191 0.828 0.188 0.848 0.184 0.853 0.183 0.868
0 0.28 1.0 0.237 1.0 0.23 0.991 0.224 0.971 0.224 0.863 0.219 0.787 0.203 0.656 0.19 0.584 0.193 0.536 0.207 0.495 0.203 0.486 0.203 0.474 0.209 0.47 0.212 0.462 0.215 0.462 0.218 0.465 0.224 0.487 0.224 0.5 0.231 0.507 0.235 0.513 0.24 0.535 0.247 0.554 0.26 0.629 0.269 0.651 0.281 0.743 0.29 0.858 0.292 0.932 0.289 0.966 0.28 1.0
0 0.302 0.928 0.293 0.928 0.293 0.923 0.291 0.866 0.295 0.854 0.292 0.852 0.293 0.846 0.336 0.838 0.358 0.837 0.366 0.84 0.389 0.835 0.419 0.837 0.491 0.83 0.496 0.833 0.496 0.842 0.502 0.845 0.512 0.829 0.518 0.831 0.526 0.831 0.538 0.836 0.544 0.841 0.548 0.849 0.545 0.858 0.539 0.851 0.533 0.858 0.535 0.868 0.54 0.875 0.539 0.884 0.525 0.893 0.511 0.898 0.302 0.928
0 0.111 0.898 0.103 0.897 0.102 0.896 0.116 0.84 0.117 0.795 0.123 0.793 0.136 0.827 0.146 0.845 0.157 0.858 0.168 0.866 0.166 0.874 0.133 0.88 0.123 0.885 0.111 0.898
0 0.436 0.982 0.355 0.971 0.332 0.971 0.294 0.964 0.291 0.959 0.294 0.928 0.418 0.91 0.453 0.907 0.497 0.913 0.515 0.924 0.518 0.936 0.519 0.947 0.511 0.96 0.504 0.962 0.502 0.969 0.48 0.976 0.436 0.982
0 0.219 0.815 0.192 0.811 0.188 0.746 0.203 0.747 0.214 0.751 0.219 0.784 0.219 0.815
0 0.208 0.742 0.188 0.739 0.186 0.734 0.181 0.694 0.181 0.669 0.182 0.665 0.201 0.665 0.203 0.667 0.211 0.724 0.212 0.738 0.208 0.742
0 0.196 0.628 0.18 0.621 0.178 0.618 0.175 0.569 0.187 0.566 0.186 0.553 0.189 0.551 0.189 0.581 0.196 0.628
0 0.53 0.718 0.51 0.715 0.468 0.697 0.335 0.619 0.288 0.596 0.251 0.573 0.247 0.553 0.24 0.538 0.234 0.514 0.223 0.5 0.222 0.486 0.218 0.478 0.217 0.465 0.213 0.46 0.203 0.463 0.201 0.446 0.204 0.445 0.22 0.453 0.297 0.51 0.369 0.557 0.413 0.583 0.45 0.624 0.465 0.637 0.478 0.641 0.487 0.64 0.496 0.637 0.5 0.637 0.502 0.641 0.509 0.639 0.535 0.658 0.544 0.669 0.55 0.68 0.551 0.695 0.55 0.702 0.546 0.708 0.53 0.718
0 0.414 0.585 0.403 0.581 0.397 0.574 0.36 0.552 0.357 0.548 0.279 0.496 0.241 0.468 0.21 0.45 0.202 0.442 0.201 0.41 0.237 0.415 0.278 0.439 0.371 0.533 0.414 0.585
0 0.279 0.439 0.273 0.433 0.237 0.414 0.199 0.398 0.197 0.361 0.199 0.331 0.205 0.337 0.212 0.355 0.225 0.379 0.267 0.421 0.279 0.439
0 0.505 0.643 0.5 0.643 0.498 0.638 0.487 0.642 0.477 0.642 0.462 0.636 0.454 0.629 0.372 0.537 0.348 0.515 0.31 0.47 0.287 0.448 0.232 0.388 0.22 0.371 0.206 0.335 0.199 0.306 0.201 0.291 0.303 0.359 0.426 0.491 0.474 0.549 0.503 0.593 0.508 0.605 0.508 0.639 0.505 0.643
0 0.389 0.321 0.218 0.207 0.125 0.156 0.125 0.143 0.153 0.156 0.211 0.17 0.293 0.202 0.332 0.227 0.368 0.244 0.371 0.25 0.368 0.255 0.371 0.262 0.368 0.274 0.379 0.281 0.388 0.308 0.389 0.321
0 0.569 0.122 0.535 0.116 0.518 0.109 0.51 0.101 0.504 0.1 0.504 0.074 0.515 0.057 0.524 0.05 0.54 0.046 0.554 0.039 0.591 0.032 0.679 0.027 0.748 0.029 0.812 0.026 0.847 0.026 0.89 0.03 0.914 0.039 0.921 0.047 0.924 0.056 0.924 0.068 0.92 0.077 0.908 0.09 0.893 0.098 0.865 0.105 0.735 0.115 0.59 0.118 0.569 0.122
0 0.474 0.135 0.445 0.134 0.431 0.127 0.419 0.102 0.419 0.081 0.424 0.083 0.428 0.088 0.453 0.073 0.498 0.063 0.505 0.059 0.514 0.057 0.497 0.09 0.487 0.087 0.477 0.09 0.475 0.099 0.477 0.104 0.482 0.107 0.489 0.103 0.496 0.125 0.492 0.134 0.474 0.135
0 0.879 0.608 0.874 0.603 0.877 0.594 0.874 0.593 0.876 0.575 0.874 0.541 0.871 0.527 0.864 0.513 0.859 0.506 0.849 0.499 0.838 0.497 0.836 0.495 0.835 0.484 0.843 0.325 0.847 0.296 0.845 0.263 0.848 0.215 0.847 0.169 0.85 0.156 0.86 0.139 0.879 0.125 0.895 0.13 0.902 0.128 0.902 0.138 0.912 0.149 0.917 0.161 0.922 0.184 0.927 0.251 0.926 0.354 0.912 0.52 0.903 0.565 0.879 0.608
0 0.912 0.583 0.899 0.581 0.897 0.576 0.905 0.554 0.911 0.523 0.922 0.41 0.926 0.316 0.926 0.262 0.922 0.192 0.915 0.159 0.907 0.144 0.902 0.138 0.903 0.13 0.898 0.122 0.898 0.112 0.88 0.121 0.875 0.129 0.866 0.134 0.857 0.144 0.854 0.145 0.851 0.127 0.851 0.111 0.854 0.106 0.899 0.093 0.903 0.094 0.914 0.113 0.921 0.138 0.926 0.168 0.929 0.22 0.934 0.393 0.941 0.498 0.941 0.542 0.933 0.573 0.927 0.58 0.912 0.583
0 0.549 0.386 0.547 0.383 0.543 0.385 0.538 0.382 0.532 0.365 0.534 0.343 0.55 0.304 0.579 0.263 0.649 0.177 0.677 0.136 0.686 0.118 0.692 0.116 0.769 0.113 0.762 0.128 0.739 0.157 0.706 0.21 0.611 0.339 0.581 0.371 0.575 0.373 0.565 0.381 0.557 0.382 0.549 0.386
0 0.65 0.366 0.638 0.366 0.618 0.358 0.616 0.345 0.622 0.324 0.632 0.309 0.67 0.263 0.671 0.259 0.72 0.189 0.739 0.155 0.768 0.115 0.773 0.112 0.784 0.11 0.851 0.106 0.85 0.114 0.84 0.134 0.84 0.142 0.836 0.151 0.774 0.225 0.708 0.319 0.697 0.332 0.674 0.354 0.65 0.366
0 0.687 0.562 0.659 0.562 0.652 0.556 0.65 0.549 0.647 0.53 0.648 0.516 0.656 0.478 0.666 0.446 0.691 0.38 0.7 0.346 0.711 0.316 0.78 0.22 0.789 0.21 0.793 0.209 0.8 0.214 0.806 0.225 0.808 0.254 0.805 0.267 0.783 0.325 0.746 0.442 0.712 0.538 0.701 0.553 0.687 0.562
0 0.714 0.662 0.685 0.662 0.677 0.647 0.675 0.615 0.681 0.588 0.694 0.559 0.707 0.546 0.715 0.529 0.731 0.484 0.743 0.457 0.77 0.364 0.784 0.322 0.801 0.28 0.822 0.249 0.83 0.245 0.844 0.245 0.845 0.294 0.842 0.341 0.836 0.384 0.828 0.418 0.792 0.517 0.756 0.602 0.751 0.619 0.741 0.635 0.741 0.638 0.744 0.637 0.744 0.64 0.74 0.639 0.74 0.642 0.733 0.649 0.714 0.662
0 0.823 1.0 0.783 0.999 0.769 0.912 0.769 0.896 0.775 0.823 0.778 0.735 0.781 0.713 0.787 0.63 0.786 0.609 0.791 0.582 0.792 0.568 0.796 0.549 0.806 0.523 0.821 0.504 0.825 0.496 0.834 0.494 0.836 0.497 0.85 0.499 0.859 0.505 0.866 0.515 0.873 0.533 0.875 0.56 0.872 0.606 0.866 0.807 0.855 0.928 0.852 0.948 0.846 0.958 0.84 0.976 0.836 0.986 0.823 1.0
0 0.526 0.824 0.52 0.823 0.516 0.819 0.506 0.82 0.501 0.817 0.501 0.814 0.504 0.811 0.504 0.784 0.511 0.769 0.534 0.748 0.559 0.732 0.628 0.699 0.631 0.693 0.661 0.681 0.68 0.67 0.697 0.667 0.717 0.659 0.78 0.626 0.787 0.624 0.779 0.72 0.766 0.724 0.65 0.782 0.593 0.808 0.553 0.822 0.537 0.821 0.527 0.818 0.526 0.824
0 0.87 0.761 0.867 0.76 0.867 0.741 0.87 0.667 0.891 0.655 0.91 0.653 0.923 0.658 0.935 0.667 0.939 0.673 0.94 0.693 0.936 0.704 0.92 0.726 0.87 0.761
0 0.864 0.851 0.862 0.85 0.862 0.843 0.869 0.76 0.885 0.749 0.899 0.746 0.909 0.741 0.926 0.739 0.944 0.746 0.951 0.733 0.953 0.718 0.968 0.713 0.971 0.719 0.971 0.725 0.956 0.758 0.954 0.773 0.95 0.782 0.904 0.826 0.864 0.851
0 0.556 0.297 0.537 0.252 0.504 0.193 0.493 0.153 0.492 0.137 0.497 0.125 0.494 0.113 0.517 0.113 0.523 0.116 0.531 0.12 0.549 0.139 0.567 0.165 0.601 0.234 0.6 0.238 0.556 0.297
0 0.603 0.233 0.597 0.228 0.584 0.201 0.576 0.182 0.575 0.172 0.564 0.16 0.549 0.138 0.574 0.141 0.599 0.148 0.615 0.161 0.636 0.188 0.637 0.191 0.63 0.201 0.603 0.233
0 0.647 0.524 0.633 0.524 0.631 0.521 0.572 0.45 0.52 0.377 0.484 0.301 0.472 0.266 0.475 0.262 0.495 0.261 0.517 0.271 0.519 0.269 0.52 0.258 0.518 0.245 0.512 0.237 0.499 0.23 0.478 0.204 0.468 0.195 0.466 0.185 0.468 0.184 0.474 0.183 0.484 0.177 0.493 0.189 0.511 0.204 0.535 0.247 0.554 0.295 0.554 0.299 0.55 0.305 0.534 0.343 0.534 0.352 0.529 0.362 0.531 0.373 0.54 0.386 0.548 0.387 0.558 0.382 0.569 0.381 0.586 0.366 0.588 0.367 0.655 0.476 0.656 0.482 0.651 0.5 0.647 0.524
0 0.645 0.618 0.633 0.615 0.621 0.609 0.575 0.568 0.528 0.506 0.517 0.496 0.488 0.455 0.459 0.42 0.452 0.41 0.452 0.392 0.437 0.362 0.42 0.344 0.4 0.329 0.391 0.317 0.384 0.278 0.388 0.266 0.393 0.258 0.4 0.255 0.407 0.255 0.442 0.277 0.458 0.296 0.477 0.324 0.569 0.446 0.643 0.534 0.65 0.549 0.651 0.557 0.665 0.568 0.663 0.579 0.67 0.592 0.668 0.602 0.664 0.61 0.645 0.618
0 0.619 0.703 0.598 0.702 0.595 0.7 0.586 0.702 0.571 0.691 0.515 0.615 0.502 0.59 0.475 0.551 0.386 0.445 0.347 0.405 0.338 0.382 0.342 0.382 0.386 0.408 0.396 0.41 0.415 0.422 0.436 0.419 0.441 0.426 0.446 0.427 0.449 0.422 0.451 0.413 0.453 0.412 0.472 0.433 0.497 0.462 0.523 0.5 0.535 0.526 0.551 0.543 0.577 0.582 0.585 0.593 0.588 0.609 0.594 0.621 0.608 0.642 0.618 0.651 0.626 0.678 0.63 0.682 0.634 0.68 0.634 0.693 0.632 0.692 0.629 0.699 0.619 0.703
0 0.8 0.281 0.807 0.256 0.807 0.222 0.812 0.194 0.817 0.175 0.835 0.156 0.849 0.152 0.847 0.17 0.848 0.207 0.845 0.244 0.823 0.249 0.814 0.258 0.8 0.281
0 0.534 0.748 0.526 0.72 0.537 0.72 0.538 0.723 0.543 0.722 0.554 0.72 0.556 0.715 0.553 0.704 0.553 0.687 0.542 0.662 0.539 0.647 0.561 0.675 0.579 0.693 0.591 0.699 0.611 0.699 0.615 0.701 0.615 0.705 0.56 0.732 0.534 0.748
0 0.626 0.694 0.624 0.691 0.626 0.681 0.622 0.675 0.611 0.644 0.61 0.636 0.608 0.633 0.606 0.635 0.599 0.62 0.594 0.617 0.59 0.6 0.565 0.566 0.564 0.554 0.593 0.584 0.624 0.609 0.645 0.618 0.65 0.624 0.657 0.623 0.659 0.612 0.664 0.614 0.661 0.631 0.674 0.672 0.661 0.681 0.626 0.694
0 0.766 0.632 0.765 0.631 0.765 0.579 0.766 0.572 0.783 0.534 0.801 0.533 0.801 0.546 0.796 0.554 0.787 0.598 0.788 0.62 0.766 0.632
0 0.871 0.666 0.87 0.629 0.872 0.609 0.884 0.601 0.889 0.589 0.908 0.589 0.913 0.597 0.913 0.602 0.909 0.602 0.907 0.61 0.9 0.62 0.888 0.644 0.886 0.656 0.871 0.666
0 0.882 0.972 0.877 0.969 0.877 0.963 0.871 0.964 0.873 0.962 0.872 0.955 0.87 0.953 0.865 0.909 0.859 0.884 0.861 0.853 0.899 0.828 0.913 0.816 0.916 0.816 0.921 0.857 0.924 0.864 0.916 0.913 0.905 0.947 0.896 0.952 0.892 0.96 0.893 0.961 0.882 0.972
0 0.851 0.979 0.841 0.975 0.846 0.956 0.851 0.948 0.858 0.884 0.86 0.884 0.869 0.936 0.87 0.956 0.863 0.971 0.851 0.979
0 0.886 0.656 0.884 0.656 0.884 0.652 0.887 0.644 0.9 0.62 0.904 0.613 0.909 0.613 0.906 0.619 0.907 0.639 0.906 0.652 0.886 0.65
