0 0.554 0.998 0.51 0.997 0.498 0.984 0.486 0.959 0.459 0.859 0.45 0.812 0.446 0.748 0.452 0.688 0.458 0.666 0.47 0.639 0.481 0.623 0.496 0.611 0.535 0.603 0.558 0.608 0.558 0.591 0.564 0.579 0.57 0.58 0.574 0.585 0.569 0.605 0.613 0.586 0.625 0.585 0.642 0.591 0.657 0.603 0.668 0.618 0.685 0.654 0.693 0.685 0.698 0.72 0.698 0.763 0.697 0.794 0.689 0.845 0.665 0.931 0.657 0.95 0.644 0.97 0.631 0.982 0.607 0.994 0.597 0.994 0.571 0.985 0.554 0.998
0 0.487 0.998 0.25 0.996 0.256 0.928 0.262 0.894 0.27 0.869 0.283 0.847 0.297 0.838 0.32 0.838 0.331 0.83 0.349 0.825 0.373 0.825 0.384 0.812 0.396 0.808 0.408 0.81 0.421 0.819 0.439 0.839 0.451 0.858 0.466 0.893 0.482 0.947 0.487 0.973 0.489 0.997 0.487 0.998
0 0.25 0.999 0.052 0.999 0.043 0.966 0.043 0.942 0.047 0.905 0.057 0.866 0.066 0.846 0.084 0.818 0.101 0.801 0.125 0.783 0.151 0.769 0.181 0.763 0.21 0.768 0.227 0.778 0.242 0.794 0.251 0.809 0.261 0.844 0.262 0.884 0.252 0.953 0.25 0.999
0 0.0 0.557 0.02 0.56 0.037 0.569 0.066 0.605 0.081 0.645 0.089 0.703 0.086 0.762 0.071 0.83 0.044 0.888 0.014 0.938 0.0 0.956
0 0.077 0.826 0.074 0.826 0.073 0.822 0.085 0.763 0.089 0.71 0.081 0.65 0.071 0.614 0.088 0.592 0.11 0.572 0.133 0.561 0.148 0.595 0.16 0.615 0.174 0.629 0.199 0.645 0.233 0.651 0.236 0.681 0.237 0.724 0.234 0.757 0.229 0.778 0.204 0.766 0.189 0.763 0.151 0.769 0.116 0.789 0.091 0.81 0.077 0.826
0 0.232 0.65 0.201 0.647 0.18 0.636 0.159 0.615 0.145 0.591 0.134 0.561 0.124 0.514 0.121 0.441 0.122 0.422 0.129 0.396 0.138 0.376 0.15 0.361 0.162 0.351 0.185 0.344 0.208 0.322 0.235 0.312 0.251 0.31 0.278 0.321 0.297 0.345 0.32 0.397 0.337 0.443 0.341 0.461 0.343 0.485 0.341 0.508 0.331 0.546 0.321 0.57 0.301 0.606 0.272 0.635 0.249 0.647 0.232 0.65
0 0.071 0.613 0.057 0.591 0.038 0.57 0.007 0.556 0.002 0.53 0.005 0.484 0.005 0.45 0.009 0.429 0.021 0.404 0.041 0.38 0.057 0.368 0.077 0.388 0.096 0.399 0.113 0.399 0.131 0.391 0.122 0.424 0.121 0.453 0.123 0.502 0.133 0.56 0.107 0.574 0.071 0.613
0 0.0 0.135 0.003 0.116 0.012 0.088 0.041 0.033 0.053 0.02 0.072 0.018 0.095 0.0
0 0.32 0.837 0.305 0.816 0.29 0.787 0.283 0.761 0.279 0.732 0.279 0.7 0.282 0.674 0.301 0.605 0.326 0.556 0.338 0.545 0.361 0.544 0.38 0.532 0.392 0.53 0.415 0.537 0.431 0.55 0.448 0.581 0.454 0.608 0.467 0.642 0.457 0.667 0.449 0.696 0.444 0.762 0.43 0.773 0.41 0.783 0.395 0.806 0.383 0.812 0.374 0.823 0.348 0.824 0.331 0.829 0.32 0.837
0 0.262 0.89 0.262 0.852 0.257 0.828 0.26 0.823 0.28 0.809 0.297 0.804 0.319 0.837 0.297 0.838 0.284 0.846 0.272 0.865 0.262 0.89
0 0.0 0.955 0.023 0.925 0.056 0.866 0.046 0.909 0.043 0.942 0.044 0.972 0.052 0.999 0.0 0.999
0 0.31 0.368 0.287 0.33 0.274 0.319 0.254 0.31 0.26 0.308 0.259 0.302 0.252 0.303 0.248 0.294 0.245 0.302 0.252 0.308 0.234 0.31 0.247 0.289 0.256 0.258 0.259 0.254 0.256 0.188 0.277 0.174 0.296 0.168 0.31 0.168 0.326 0.177 0.335 0.192 0.32 0.212 0.311 0.228 0.296 0.298 0.296 0.321 0.302 0.347 0.31 0.362 0.31 0.368
0 0.316 0.0 0.323 0.028 0.325 0.048 0.31 0.098 0.308 0.127 0.299 0.146 0.282 0.169 0.257 0.185 0.256 0.184 0.25 0.152 0.238 0.111 0.231 0.093 0.212 0.063 0.187 0.033 0.165 0.017 0.134 0.0
0 0.095 0.0 0.073 0.018 0.053 0.02 0.043 0.03 0.012 0.088 0.0 0.135
0 0.397 0.475 0.371 0.47 0.345 0.449 0.336 0.435 0.323 0.393 0.303 0.35 0.295 0.314 0.296 0.297 0.302 0.267 0.314 0.222 0.34 0.188 0.361 0.174 0.409 0.173 0.443 0.188 0.46 0.207 0.47 0.224 0.482 0.256 0.486 0.277 0.487 0.318 0.48 0.333 0.458 0.352 0.451 0.367 0.443 0.399 0.437 0.441 0.433 0.456 0.42 0.469 0.397 0.475
0 0.557 0.607 0.541 0.603 0.516 0.605 0.471 0.6 0.456 0.584 0.437 0.547 0.433 0.518 0.437 0.463 0.436 0.457 0.441 0.454 0.44 0.439 0.445 0.424 0.447 0.389 0.459 0.356 0.476 0.335 0.509 0.323 0.539 0.325 0.557 0.333 0.587 0.359 0.618 0.406 0.625 0.423 0.633 0.462 0.633 0.479 0.621 0.545 0.612 0.576 0.601 0.59 0.573 0.603 0.57 0.602 0.574 0.593 0.574 0.585 0.563 0.579 0.558 0.588 0.557 0.607
0 0.477 0.0 0.496 0.038 0.505 0.07 0.509 0.091 0.513 0.15 0.508 0.173 0.494 0.185 0.484 0.206 0.472 0.225 0.459 0.206 0.443 0.188 0.413 0.174 0.368 0.172 0.352 0.178 0.336 0.193 0.329 0.184 0.314 0.141 0.311 0.115 0.311 0.096 0.327 0.043 0.339 0.023 0.351 0.01 0.355 0.0
0 0.62 0.41 0.585 0.358 0.559 0.336 0.525 0.324 0.491 0.327 0.484 0.265 0.473 0.229 0.487 0.202 0.501 0.185 0.523 0.172 0.553 0.164 0.576 0.164 0.587 0.169 0.609 0.201 0.624 0.212 0.632 0.23 0.648 0.252 0.652 0.27 0.652 0.287 0.639 0.361 0.631 0.388 0.62 0.4
