0 0.246 0.325 0.229 0.324 0.215 0.318 0.202 0.307 0.187 0.289 0.175 0.261 0.161 0.201 0.162 0.172 0.168 0.143 0.175 0.124 0.193 0.1 0.207 0.09 0.219 0.086 0.238 0.086 0.259 0.094 0.273 0.103 0.292 0.122 0.301 0.134 0.309 0.152 0.317 0.193 0.317 0.25 0.314 0.266 0.307 0.284 0.296 0.302 0.284 0.312 0.272 0.319 0.246 0.325
0 0.477 0.87 0.462 0.869 0.444 0.863 0.424 0.854 0.408 0.84 0.4 0.828 0.371 0.774 0.366 0.758 0.364 0.741 0.365 0.717 0.371 0.695 0.374 0.674 0.381 0.655 0.397 0.626 0.408 0.611 0.42 0.6 0.427 0.589 0.44 0.574 0.454 0.564 0.47 0.56 0.505 0.564 0.539 0.576 0.551 0.583 0.562 0.594 0.579 0.621 0.586 0.64 0.592 0.675 0.594 0.701 0.593 0.722 0.59 0.738 0.583 0.755 0.579 0.776 0.569 0.797 0.543 0.828 0.531 0.848 0.52 0.858 0.501 0.867 0.477 0.87
0 0.638 0.337 0.621 0.336 0.603 0.327 0.591 0.316 0.579 0.296 0.569 0.285 0.551 0.278 0.535 0.264 0.527 0.252 0.519 0.235 0.514 0.216 0.513 0.193 0.518 0.167 0.519 0.133 0.523 0.115 0.531 0.097 0.552 0.065 0.567 0.052 0.59 0.041 0.654 0.032 0.679 0.039 0.691 0.046 0.703 0.056 0.714 0.074 0.721 0.093 0.727 0.12 0.727 0.165 0.719 0.21 0.709 0.246 0.695 0.271 0.687 0.299 0.675 0.316 0.664 0.327 0.652 0.334 0.638 0.337
0 0.139 0.604 0.115 0.601 0.103 0.594 0.092 0.584 0.083 0.572 0.075 0.554 0.065 0.509 0.068 0.477 0.073 0.461 0.081 0.446 0.099 0.426 0.111 0.42 0.124 0.416 0.148 0.42 0.16 0.426 0.171 0.437 0.183 0.452 0.191 0.467 0.196 0.483 0.199 0.501 0.195 0.544 0.184 0.572 0.176 0.584 0.164 0.594 0.152 0.601 0.139 0.604
0 0.178 0.435 0.169 0.435 0.156 0.431 0.115 0.399 0.104 0.381 0.1 0.363 0.089 0.341 0.081 0.331 0.073 0.317 0.067 0.291 0.069 0.265 0.078 0.242 0.094 0.224 0.108 0.217 0.124 0.216 0.136 0.22 0.154 0.23 0.169 0.249 0.187 0.291 0.207 0.312 0.219 0.334 0.225 0.36 0.224 0.381 0.219 0.399 0.212 0.413 0.204 0.422 0.192 0.431 0.178 0.435
0 0.642 0.968 0.598 0.961 0.582 0.954 0.555 0.928 0.544 0.907 0.531 0.894 0.524 0.883 0.52 0.873 0.521 0.864 0.524 0.858 0.531 0.852 0.534 0.844 0.541 0.838 0.549 0.82 0.572 0.795 0.583 0.772 0.585 0.756 0.59 0.745 0.588 0.74 0.59 0.727 0.598 0.711 0.606 0.706 0.628 0.707 0.634 0.712 0.648 0.714 0.67 0.73 0.679 0.74 0.694 0.768 0.704 0.802 0.707 0.84 0.701 0.866 0.7 0.883 0.696 0.9 0.687 0.917 0.681 0.936 0.672 0.95 0.658 0.962 0.642 0.968
0 0.471 0.904 0.434 0.894 0.414 0.884 0.411 0.878 0.403 0.876 0.399 0.87 0.39 0.868 0.38 0.85 0.372 0.843 0.37 0.835 0.357 0.815 0.344 0.774 0.341 0.737 0.35 0.713 0.361 0.692 0.365 0.691 0.368 0.694 0.367 0.703 0.369 0.71 0.362 0.729 0.364 0.736 0.361 0.74 0.366 0.745 0.372 0.779 0.38 0.788 0.391 0.815 0.396 0.822 0.402 0.834 0.408 0.837 0.412 0.845 0.418 0.848 0.422 0.854 0.444 0.864 0.455 0.866 0.466 0.871 0.485 0.866 0.492 0.868 0.5 0.866 0.508 0.873 0.51 0.885 0.504 0.896 0.5 0.899 0.492 0.897 0.484 0.898 0.471 0.904
0 0.258 0.724 0.221 0.723 0.202 0.713 0.191 0.699 0.173 0.663 0.168 0.65 0.165 0.632 0.165 0.615 0.169 0.6 0.176 0.585 0.189 0.57 0.198 0.534 0.217 0.508 0.227 0.501 0.24 0.497 0.253 0.498 0.264 0.502 0.276 0.512 0.287 0.527 0.293 0.547 0.299 0.581 0.313 0.615 0.317 0.636 0.315 0.659 0.306 0.684 0.281 0.713 0.271 0.72 0.258 0.724
0 0.364 0.649 0.351 0.648 0.337 0.643 0.325 0.634 0.318 0.623 0.299 0.584 0.296 0.569 0.295 0.556 0.288 0.542 0.284 0.521 0.285 0.504 0.29 0.478 0.304 0.444 0.324 0.418 0.34 0.409 0.353 0.405 0.366 0.406 0.382 0.413 0.409 0.418 0.428 0.43 0.435 0.44 0.442 0.456 0.447 0.486 0.451 0.497 0.454 0.514 0.458 0.524 0.458 0.532 0.462 0.542 0.461 0.555 0.457 0.564 0.436 0.573 0.429 0.588 0.418 0.602 0.405 0.612 0.392 0.634 0.379 0.644 0.364 0.649
0 0.428 0.43 0.42 0.422 0.408 0.415 0.399 0.413 0.385 0.414 0.366 0.404 0.353 0.404 0.338 0.409 0.329 0.395 0.324 0.382 0.321 0.372 0.323 0.354 0.319 0.34 0.318 0.325 0.311 0.306 0.311 0.281 0.318 0.261 0.319 0.236 0.325 0.217 0.34 0.198 0.356 0.186 0.369 0.183 0.383 0.175 0.401 0.172 0.423 0.176 0.437 0.186 0.452 0.207 0.467 0.24 0.47 0.269 0.467 0.286 0.46 0.303 0.462 0.312 0.455 0.333 0.454 0.353 0.455 0.363 0.447 0.377 0.442 0.393 0.441 0.403 0.433 0.415 0.428 0.43
0 0.505 0.543 0.492 0.542 0.48 0.538 0.468 0.528 0.456 0.513 0.447 0.489 0.445 0.469 0.436 0.448 0.433 0.419 0.437 0.399 0.449 0.367 0.455 0.358 0.456 0.325 0.464 0.3 0.474 0.284 0.492 0.269 0.505 0.262 0.521 0.26 0.536 0.266 0.55 0.279 0.564 0.284 0.575 0.293 0.588 0.314 0.594 0.319 0.606 0.338 0.611 0.356 0.612 0.377 0.608 0.397 0.601 0.413 0.59 0.427 0.576 0.435 0.562 0.45 0.554 0.469 0.551 0.49 0.539 0.518 0.525 0.534 0.505 0.543
0 0.651 0.686 0.604 0.68 0.589 0.674 0.588 0.653 0.585 0.638 0.571 0.605 0.56 0.59 0.542 0.577 0.524 0.576 0.512 0.569 0.487 0.561 0.487 0.538 0.504 0.54 0.517 0.536 0.527 0.53 0.538 0.516 0.545 0.5 0.548 0.485 0.552 0.486 0.557 0.46 0.564 0.454 0.575 0.437 0.589 0.429 0.601 0.415 0.608 0.4 0.611 0.386 0.624 0.39 0.636 0.398 0.653 0.402 0.66 0.41 0.673 0.418 0.686 0.436 0.691 0.457 0.699 0.471 0.7 0.481 0.713 0.5 0.725 0.544 0.725 0.567 0.72 0.588 0.704 0.632 0.678 0.671 0.667 0.68 0.651 0.68
