0 0.228 0.777 0.206 0.777 0.194 0.773 0.142 0.746 0.119 0.73 0.107 0.712 0.097 0.687 0.097 0.648 0.092 0.639 0.092 0.632 0.1 0.622 0.112 0.616 0.128 0.6 0.144 0.59 0.165 0.583 0.183 0.583 0.207 0.59 0.239 0.61 0.265 0.64 0.285 0.684 0.298 0.698 0.307 0.702 0.332 0.704 0.36 0.7 0.398 0.682 0.415 0.678 0.435 0.678 0.442 0.676 0.477 0.672 0.475 0.679 0.472 0.684 0.409 0.693 0.326 0.73 0.297 0.736 0.263 0.763 0.248 0.772 0.228 0.777
0 0.533 0.839 0.514 0.834 0.494 0.815 0.483 0.799 0.469 0.765 0.466 0.746 0.466 0.726 0.469 0.702 0.475 0.672 0.488 0.643 0.5 0.624 0.504 0.609 0.516 0.586 0.519 0.571 0.53 0.547 0.533 0.528 0.538 0.524 0.541 0.524 0.545 0.525 0.548 0.533 0.549 0.568 0.55 0.58 0.554 0.59 0.568 0.616 0.59 0.65 0.6 0.676 0.604 0.696 0.605 0.732 0.603 0.753 0.596 0.781 0.582 0.808 0.57 0.823 0.553 0.837 0.535 0.835 0.533 0.839
0 0.715 0.89 0.69 0.888 0.666 0.878 0.652 0.866 0.648 0.848 0.646 0.786 0.656 0.691 0.654 0.652 0.637 0.521 0.634 0.514 0.624 0.508 0.615 0.497 0.61 0.484 0.607 0.466 0.607 0.445 0.61 0.421 0.608 0.386 0.616 0.368 0.634 0.352 0.639 0.35 0.668 0.352 0.683 0.363 0.691 0.375 0.697 0.391 0.701 0.422 0.7 0.453 0.691 0.488 0.678 0.512 0.659 0.525 0.659 0.548 0.661 0.551 0.661 0.616 0.665 0.654 0.665 0.689 0.655 0.782 0.654 0.855 0.656 0.864 0.667 0.874 0.691 0.884 0.714 0.886 0.715 0.89
0 0.818 0.774 0.799 0.772 0.787 0.763 0.773 0.746 0.759 0.712 0.754 0.682 0.753 0.661 0.757 0.635 0.765 0.621 0.766 0.604 0.762 0.592 0.761 0.57 0.757 0.558 0.758 0.55 0.753 0.516 0.758 0.519 0.761 0.541 0.781 0.607 0.786 0.613 0.816 0.628 0.829 0.64 0.848 0.667 0.861 0.7 0.863 0.726 0.859 0.741 0.846 0.763 0.841 0.768 0.818 0.774
0 0.77 0.517 0.761 0.514 0.753 0.504 0.742 0.488 0.736 0.473 0.733 0.459 0.732 0.413 0.735 0.393 0.743 0.375 0.755 0.36 0.772 0.35 0.795 0.362 0.811 0.38 0.819 0.402 0.821 0.433 0.813 0.471 0.803 0.494 0.792 0.508 0.77 0.517
0 0.629 0.293 0.613 0.292 0.597 0.286 0.589 0.278 0.575 0.256 0.535 0.242 0.532 0.239 0.532 0.232 0.534 0.226 0.535 0.232 0.543 0.232 0.57 0.224 0.58 0.21 0.59 0.202 0.602 0.197 0.63 0.191 0.663 0.196 0.677 0.201 0.686 0.208 0.7 0.228 0.702 0.238 0.701 0.247 0.694 0.264 0.687 0.274 0.672 0.284 0.647 0.291 0.629 0.293
0 0.6 0.198 0.591 0.194 0.574 0.17 0.567 0.155 0.555 0.115 0.542 0.096 0.532 0.086 0.528 0.084 0.482 0.078 0.428 0.1 0.407 0.102 0.388 0.093 0.375 0.082 0.369 0.072 0.366 0.059 0.364 0.044 0.365 0.036 0.376 0.022 0.385 0.016 0.389 0.0 0.389 0.016 0.37 0.033 0.365 0.042 0.369 0.061 0.378 0.081 0.386 0.088 0.402 0.096 0.426 0.096 0.476 0.072 0.526 0.072 0.546 0.078 0.577 0.092 0.598 0.094 0.612 0.098 0.642 0.115 0.652 0.128 0.656 0.141 0.657 0.169 0.659 0.173 0.658 0.188 0.652 0.194 0.632 0.191 0.6 0.198
0 0.234 0.294 0.216 0.294 0.206 0.285 0.189 0.261 0.182 0.242 0.18 0.215 0.183 0.195 0.19 0.177 0.206 0.157 0.224 0.148 0.245 0.149 0.256 0.153 0.278 0.17 0.324 0.198 0.343 0.202 0.373 0.204 0.387 0.199 0.428 0.166 0.439 0.16 0.454 0.16 0.476 0.166 0.485 0.166 0.499 0.123 0.502 0.102 0.503 0.102 0.501 0.129 0.495 0.15 0.486 0.168 0.483 0.17 0.456 0.166 0.438 0.168 0.426 0.175 0.38 0.216 0.336 0.232 0.313 0.257 0.288 0.269 0.272 0.288 0.254 0.288 0.234 0.294
0 0.276 0.428 0.246 0.428 0.228 0.424 0.203 0.412 0.194 0.403 0.183 0.377 0.18 0.352 0.187 0.331 0.197 0.316 0.221 0.296 0.235 0.29 0.26 0.284 0.28 0.287 0.3 0.293 0.316 0.302 0.332 0.316 0.348 0.336 0.359 0.34 0.37 0.349 0.392 0.354 0.412 0.355 0.456 0.344 0.477 0.343 0.49 0.34 0.503 0.33 0.521 0.31 0.527 0.292 0.524 0.276 0.506 0.263 0.492 0.262 0.486 0.264 0.483 0.261 0.485 0.257 0.498 0.256 0.51 0.259 0.523 0.269 0.529 0.277 0.53 0.292 0.527 0.307 0.522 0.315 0.513 0.323 0.504 0.338 0.483 0.348 0.447 0.352 0.416 0.362 0.384 0.362 0.362 0.357 0.354 0.358 0.336 0.39 0.32 0.409 0.295 0.424 0.276 0.428
0 0.308 0.699 0.292 0.691 0.281 0.677 0.254 0.614 0.234 0.604 0.226 0.598 0.217 0.579 0.211 0.558 0.205 0.525 0.205 0.511 0.209 0.49 0.224 0.466 0.246 0.45 0.263 0.448 0.28 0.456 0.297 0.479 0.306 0.505 0.309 0.529 0.306 0.564 0.294 0.589 0.278 0.608 0.276 0.616 0.275 0.634 0.278 0.647 0.292 0.679 0.298 0.69 0.308 0.69
