0 0.256 0.382 0.239 0.379 0.228 0.365 0.215 0.333 0.22 0.271 0.225 0.247 0.234 0.218 0.248 0.191 0.265 0.167 0.295 0.145 0.312 0.141 0.333 0.141 0.35 0.149 0.367 0.168 0.377 0.193 0.382 0.215 0.383 0.245 0.374 0.296 0.362 0.321 0.344 0.341 0.311 0.361 0.287 0.367 0.263 0.38 0.256 0.382
0 0.311 0.55 0.294 0.549 0.278 0.543 0.26 0.535 0.237 0.518 0.218 0.496 0.213 0.485 0.208 0.459 0.212 0.44 0.217 0.43 0.233 0.408 0.253 0.388 0.262 0.38 0.288 0.367 0.318 0.362 0.336 0.366 0.352 0.373 0.366 0.385 0.378 0.403 0.388 0.426 0.391 0.444 0.391 0.476 0.381 0.507 0.361 0.529 0.345 0.541 0.321 0.549 0.311 0.55
0 0.388 0.725 0.369 0.724 0.351 0.72 0.276 0.682 0.266 0.671 0.265 0.655 0.268 0.644 0.276 0.63 0.287 0.618 0.306 0.603 0.325 0.576 0.337 0.564 0.358 0.549 0.382 0.539 0.407 0.537 0.425 0.542 0.44 0.554 0.452 0.57 0.461 0.608 0.46 0.629 0.453 0.651 0.447 0.659 0.437 0.691 0.432 0.699 0.426 0.707 0.408 0.721 0.388 0.725
0 0.569 0.504 0.55 0.503 0.53 0.498 0.505 0.486 0.48 0.467 0.462 0.443 0.441 0.425 0.426 0.401 0.42 0.399 0.418 0.396 0.419 0.389 0.424 0.384 0.424 0.364 0.432 0.35 0.448 0.335 0.497 0.3 0.519 0.291 0.543 0.284 0.566 0.285 0.585 0.293 0.605 0.311 0.618 0.331 0.625 0.351 0.648 0.392 0.65 0.404 0.648 0.434 0.642 0.45 0.624 0.479 0.61 0.49 0.594 0.499 0.569 0.504
0 0.647 0.669 0.627 0.666 0.602 0.653 0.59 0.642 0.572 0.614 0.562 0.584 0.56 0.556 0.565 0.524 0.572 0.504 0.603 0.494 0.621 0.48 0.639 0.479 0.656 0.484 0.673 0.493 0.692 0.514 0.703 0.531 0.71 0.546 0.714 0.58 0.713 0.603 0.706 0.62 0.697 0.64 0.685 0.654 0.672 0.662 0.647 0.669
0 0.553 0.794 0.531 0.791 0.505 0.77 0.491 0.757 0.451 0.7 0.445 0.688 0.445 0.667 0.454 0.646 0.458 0.644 0.464 0.634 0.473 0.628 0.527 0.609 0.568 0.607 0.589 0.64 0.603 0.653 0.624 0.664 0.629 0.681 0.631 0.719 0.628 0.732 0.621 0.746 0.608 0.762 0.576 0.786 0.553 0.794
0 0.424 0.364 0.417 0.361 0.4 0.334 0.385 0.288 0.382 0.27 0.382 0.251 0.387 0.21 0.397 0.187 0.409 0.173 0.426 0.16 0.461 0.141 0.473 0.14 0.489 0.147 0.502 0.159 0.512 0.177 0.513 0.21 0.518 0.242 0.517 0.266 0.515 0.282 0.511 0.29 0.501 0.298 0.441 0.342 0.424 0.364
0 0.608 0.312 0.592 0.298 0.575 0.288 0.561 0.284 0.538 0.284 0.525 0.265 0.516 0.229 0.514 0.213 0.514 0.19 0.515 0.175 0.522 0.152 0.535 0.132 0.555 0.112 0.572 0.103 0.595 0.102 0.608 0.105 0.63 0.118 0.642 0.129 0.654 0.148 0.662 0.168 0.667 0.194 0.667 0.221 0.664 0.244 0.651 0.274 0.636 0.293 0.615 0.309 0.608 0.312
0 0.656 0.484 0.639 0.479 0.623 0.479 0.641 0.454 0.645 0.444 0.649 0.423 0.65 0.405 0.646 0.39 0.626 0.352 0.618 0.331 0.607 0.313 0.624 0.303 0.64 0.289 0.65 0.289 0.663 0.293 0.682 0.303 0.705 0.326 0.717 0.346 0.725 0.368 0.727 0.394 0.717 0.426 0.699 0.453 0.682 0.471 0.656 0.484
0 0.729 0.379 0.727 0.379 0.725 0.364 0.718 0.348 0.704 0.324 0.677 0.298 0.67 0.284 0.659 0.267 0.659 0.259 0.665 0.238 0.667 0.21 0.666 0.189 0.663 0.17 0.687 0.14 0.703 0.131 0.72 0.131 0.726 0.136 0.735 0.131 0.739 0.131 0.752 0.137 0.778 0.161 0.791 0.182 0.802 0.214 0.804 0.23 0.805 0.264 0.802 0.284 0.796 0.307 0.781 0.341 0.761 0.347 0.747 0.357 0.729 0.379
0 0.744 0.559 0.722 0.559 0.715 0.555 0.7 0.524 0.694 0.518 0.695 0.494 0.699 0.469 0.706 0.442 0.716 0.428 0.722 0.412 0.725 0.4 0.726 0.381 0.744 0.359 0.762 0.347 0.781 0.342 0.823 0.342 0.843 0.358 0.864 0.38 0.876 0.403 0.874 0.454 0.869 0.472 0.851 0.507 0.837 0.524 0.809 0.539 0.786 0.548 0.744 0.559
0 0.758 0.789 0.731 0.787 0.695 0.762 0.681 0.743 0.67 0.723 0.659 0.688 0.659 0.667 0.678 0.659 0.691 0.647 0.697 0.64 0.708 0.616 0.713 0.6 0.713 0.56 0.743 0.583 0.77 0.608 0.785 0.626 0.8 0.652 0.81 0.687 0.81 0.721 0.807 0.74 0.805 0.75 0.797 0.767 0.78 0.782 0.758 0.789
0 0.538 0.607 0.517 0.606 0.478 0.588 0.458 0.575 0.429 0.534 0.421 0.515 0.42 0.481 0.424 0.429 0.43 0.41 0.438 0.422 0.462 0.443 0.483 0.47 0.521 0.495 0.556 0.505 0.56 0.547 0.56 0.582 0.55 0.601 0.538 0.60
