0 0.55 0.963 0.509 0.963 0.46 0.955 0.412 0.952 0.318 0.958 0.286 0.963 0.257 0.962 0.234 0.956 0.215 0.945 0.195 0.921 0.188 0.891 0.191 0.845 0.204 0.816 0.23 0.792 0.25 0.783 0.273 0.779 0.291 0.779 0.318 0.783 0.391 0.801 0.471 0.825 0.536 0.837 0.563 0.849 0.583 0.866 0.597 0.866 0.6 0.869 0.601 0.887 0.607 0.892 0.607 0.901 0.603 0.913 0.604 0.935 0.601 0.938 0.584 0.95 0.575 0.949 0.564 0.96 0.55 0.963
0 0.371 0.793 0.348 0.791 0.294 0.779 0.284 0.664 0.258 0.548 0.257 0.494 0.26 0.475 0.266 0.456 0.278 0.432 0.29 0.416 0.302 0.406 0.319 0.399 0.349 0.399 0.364 0.406 0.384 0.422 0.394 0.437 0.404 0.46 0.414 0.5 0.414 0.556 0.397 0.641 0.385 0.777 0.382 0.786 0.371 0.793
0 0.509 0.759 0.499 0.759 0.493 0.75 0.48 0.737 0.472 0.725 0.466 0.695 0.466 0.603 0.463 0.532 0.449 0.387 0.447 0.31 0.453 0.264 0.457 0.248 0.466 0.229 0.477 0.215 0.486 0.207 0.506 0.196 0.518 0.196 0.542 0.206 0.553 0.215 0.567 0.235 0.575 0.255 0.585 0.292 0.585 0.376 0.576 0.456 0.565 0.528 0.561 0.611 0.553 0.707 0.543 0.737 0.537 0.748 0.533 0.751 0.526 0.751 0.509 0.759
0 0.641 0.905 0.635 0.904 0.63 0.893 0.617 0.89 0.613 0.886 0.6 0.822 0.599 0.716 0.601 0.67 0.594 0.594 0.586 0.539 0.585 0.513 0.58 0.488 0.578 0.428 0.58 0.394 0.586 0.361 0.596 0.331 0.607 0.308 0.621 0.29 0.628 0.284 0.653 0.273 0.674 0.268 0.69 0.272 0.713 0.283 0.732 0.307 0.741 0.326 0.749 0.357 0.752 0.388 0.752 0.427 0.746 0.484 0.722 0.62 0.716 0.681 0.714 0.747 0.701 0.834 0.689 0.863 0.68 0.875 0.672 0.883 0.661 0.888 0.656 0.893 0.648 0.894 0.641 0.905
0 0.888 0.913 0.878 0.905 0.862 0.902 0.854 0.899 0.848 0.893 0.842 0.87 0.828 0.849 0.818 0.823 0.815 0.81 0.815 0.74 0.819 0.664 0.819 0.518 0.811 0.424 0.798 0.343 0.793 0.304 0.79 0.256 0.79 0.216 0.795 0.181 0.802 0.159 0.815 0.133 0.83 0.112 0.846 0.097 0.862 0.086 0.883 0.079 0.899 0.079 0.921 0.084 0.937 0.092 0.965 0.118 0.978 0.137 0.982 0.159 0.985 0.304 0.984 0.346 0.976 0.43 0.975 0.539 0.976 0.608 0.974 0.645 0.96 0.798 0.947 0.849 0.93 0.882 0.921 0.892 0.915 0.893 0.9 0.906 0.888 0.913
0 0.451 0.275 0.421 0.27 0.392 0.26 0.343 0.251 0.238 0.242 0.22 0.243 0.15 0.221 0.138 0.207 0.132 0.163 0.137 0.152 0.154 0.13 0.172 0.118 0.196 0.111 0.269 0.096 0.352 0.086 0.457 0.064 0.489 0.064 0.509 0.07 0.524 0.077 0.549 0.099 0.566 0.126 0.565 0.146 0.568 0.201 0.563 0.224 0.56 0.225 0.545 0.208 0.523 0.198 0.503 0.198 0.482 0.21 0.469 0.225 0.456 0.251 0.454 0.268 0.451 0.275
0 0.755 0.257 0.709 0.253 0.685 0.255 0.648 0.254 0.618 0.244 0.591 0.222 0.573 0.196 0.566 0.172 0.565 0.143 0.566 0.129 0.581 0.092 0.592 0.078 0.606 0.067 0.643 0.057 0.667 0.057 0.718 0.066 0.768 0.066 0.853 0.052 0.883 0.05 0.917 0.052 0.95 0.062 0.969 0.073 0.983 0.09 0.983 0.103 0.972 0.116 0.957 0.109 0.951 0.101 0.939 0.092 0.911 0.08 0.878 0.08 0.86 0.087 0.845 0.098 0.821 0.123 0.807 0.148 0.8 0.165 0.791 0.201 0.788 0.251 0.755 0.257
0 0.896 0.996 0.752 0.996 0.738 0.972 0.728 0.944 0.722 0.911 0.721 0.875 0.733 0.807 0.734 0.775 0.721 0.658 0.72 0.641 0.726 0.589 0.743 0.503 0.748 0.464 0.751 0.432 0.753 0.428 0.765 0.425 0.767 0.427 0.771 0.455 0.779 0.461 0.782 0.46 0.789 0.485 0.804 0.616 0.817 0.66 0.815 0.787 0.818 0.818 0.828 0.848 0.842 0.869 0.847 0.881 0.848 0.892 0.851 0.896 0.865 0.902 0.877 0.901 0.883 0.909 0.892 0.913 0.898 0.912 0.904 0.904 0.909 0.905 0.911 0.925 0.91 0.957 0.904 0.979 0.896 0.996
0 0.432 0.433 0.396 0.429 0.391 0.425 0.378 0.406 0.349 0.396 0.337 0.394 0.304 0.401 0.227 0.365 0.201 0.356 0.136 0.317 0.115 0.293 0.11 0.292 0.105 0.277 0.105 0.257 0.111 0.25 0.117 0.249 0.129 0.235 0.148 0.223 0.156 0.222 0.252 0.253 0.318 0.265 0.353 0.27 0.426 0.269 0.45 0.274 0.451 0.282 0.448 0.327 0.451 0.355 0.45 0.385 0.453 0.429 0.446 0.433 0.432 0.433
0 0.206 0.815 0.203 0.814 0.198 0.79 0.193 0.732 0.187 0.693 0.175 0.591 0.172 0.538 0.169 0.506 0.164 0.442 0.163 0.39 0.166 0.348 0.169 0.337 0.217 0.36 0.244 0.368 0.267 0.384 0.297 0.398 0.302 0.403 0.299 0.408 0.289 0.415 0.266 0.451 0.258 0.481 0.256 0.508 0.26 0.564 0.274 0.615 0.284 0.67 0.291 0.747 0.288 0.76 0.289 0.777 0.263 0.779 0.235 0.789 0.206 0.815
0 0.519 0.833 0.469 0.825 0.428 0.812 0.419 0.752 0.403 0.68 0.4 0.658 0.403 0.63 0.402 0.616 0.411 0.581 0.415 0.553 0.415 0.504 0.407 0.466 0.391 0.429 0.419 0.433 0.453 0.432 0.462 0.503 0.468 0.569 0.468 0.618 0.466 0.639 0.467 0.698 0.473 0.722 0.484 0.743 0.494 0.75 0.5 0.757 0.511 0.759 0.517 0.816 0.519 0.819 0.519 0.833
0 0.762 0.388 0.751 0.388 0.748 0.357 0.742 0.33 0.734 0.311 0.724 0.295 0.714 0.283 0.702 0.276 0.676 0.268 0.667 0.268 0.647 0.275 0.632 0.281 0.62 0.29 0.608 0.306 0.596 0.329 0.583 0.375 0.585 0.314 0.583 0.294 0.577 0.26 0.59 0.255 0.635 0.25 0.658 0.254 0.697 0.254 0.707 0.25 0.742 0.252 0.744 0.254 0.788 0.251 0.794 0.318 0.802 0.372 0.791 0.378 0.762 0.388
0 0.61 0.872 0.588 0.872 0.58 0.867 0.572 0.857 0.561 0.849 0.518 0.832 0.516 0.801 0.517 0.758 0.524 0.751 0.534 0.75 0.54 0.741 0.554 0.704 0.561 0.673 0.564 0.646 0.563 0.641 0.561 0.647 0.559 0.64 0.563 0.554 0.567 0.514 0.573 0.474 0.579 0.474 0.581 0.482 0.586 0.543 0.596 0.612 0.601 0.672 0.599 0.734 0.6 0.812 0.603 0.836 0.608 0.854 0.61 0.872
0 0.817 0.657 0.811 0.646 0.802 0.609 0.787 0.475 0.78 0.45 0.77 0.431 0.769 0.419 0.769 0.4 0.776 0.388 0.779 0.383 0.801 0.374 0.804 0.377 0.806 0.389 0.818 0.492 0.819 0.628 0.817 0.657
0 0.984 0.983 0.912 0.983 0.913 0.979 0.908 0.972 0.91 0.951 0.908 0.933 0.91 0.898 0.914 0.893 0.919 0.894 0.927 0.888 0.943 0.861 0.954 0.826 0.962 0.79 0.976 0.628 0.976 0.525 0.978 0.495 0.99 0.541 0.993 0.568 0.993 0.758 0.991 0.776 0.987 0.945 0.984 0.98
