0 0.894 0.347 0.815 0.299 0.734 0.223 0.758 0.186 0.818 0.139 0.838 0.149 0.845 0.169 0.892 0.191 0.901 0.215 0.922 0.226 0.925 0.248 0.958 0.277 0.894 0.347
0 0.636 0.408 0.516 0.319 0.531 0.3 0.561 0.294 0.62 0.233 0.635 0.241 0.638 0.268 0.657 0.278 0.695 0.272 0.715 0.302 0.636 0.408
0 0.943 0.831 0.874 0.826 0.866 0.818 0.855 0.768 0.831 0.734 0.836 0.708 0.827 0.7 0.825 0.665 0.849 0.628 0.834 0.593 0.846 0.593 0.866 0.623 0.882 0.615 0.877 0.601 0.889 0.606 0.918 0.658 0.905 0.678 0.92 0.698 0.936 0.693 0.955 0.711 0.95 0.766 0.93 0.783 0.943 0.831
0 0.623 0.15 0.566 0.149 0.571 0.077 0.589 0.067 0.585 0.046 0.644 0.073 0.672 0.064 0.694 0.073 0.694 0.09 0.621 0.127 0.623 0.15
0 0.302 0.119 0.262 0.117 0.257 0.097 0.244 0.098 0.236 0.115 0.15 0.113 0.146 0.099 0.172 0.082 0.158 0.063 0.182 0.015 0.197 0.016 0.212 0.036 0.274 0.018 0.318 0.066 0.318 0.114 0.302 0.119
0 0.445 0.274 0.375 0.266 0.303 0.235 0.29 0.216 0.269 0.21 0.294 0.18 0.332 0.168 0.35 0.186 0.399 0.175 0.434 0.194 0.459 0.194 0.469 0.205 0.445 0.274
0 0.395 0.397 0.246 0.316 0.261 0.302 0.286 0.301 0.291 0.286 0.31 0.274 0.334 0.292 0.369 0.295 0.382 0.313 0.399 0.313 0.418 0.335 0.438 0.341 0.395 0.397
0 0.368 0.698 0.26 0.686 0.257 0.59 0.243 0.552 0.238 0.49 0.244 0.469 0.321 0.472 0.375 0.509 0.395 0.601 0.371 0.625 0.361 0.667 0.368 0.698
0 0.224 0.617 0.116 0.607 0.131 0.543 0.136 0.438 0.146 0.419 0.16 0.438 0.183 0.435 0.195 0.417 0.211 0.42 0.224 0.617
0 0.495 0.81 0.424 0.801 0.403 0.624 0.447 0.572 0.509 0.576 0.531 0.586 0.537 0.659 0.526 0.675 0.503 0.677 0.493 0.7 0.502 0.789 0.495 0.81
0 0.649 0.795 0.532 0.777 0.555 0.733 0.54 0.717 0.555 0.658 0.544 0.625 0.555 0.601 0.59 0.609 0.6 0.594 0.616 0.593 0.642 0.621 0.641 0.646 0.629 0.657 0.648 0.668 0.638 0.705 0.649 0.795
0 0.702 0.821 0.689 0.82 0.687 0.806 0.668 0.789 0.669 0.763 0.68 0.75 0.669 0.728 0.677 0.701 0.668 0.678 0.677 0.648 0.665 0.623 0.673 0.587 0.689 0.587 0.699 0.605 0.716 0.611 0.721 0.637 0.737 0.631 0.78 0.803 0.702 0.821
0 0.179 0.86 0.16 0.858 0.154 0.836 0.135 0.825 0.119 0.83 0.101 0.853 0.035 0.849 0.033 0.805 0.047 0.792 0.036 0.779 0.038 0.755 0.054 0.742 0.042 0.719 0.058 0.694 0.06 0.658 0.08 0.627 0.094 0.628 0.09 0.692 0.061 0.742 0.053 0.799 0.127 0.795 0.179 0.811 0.179 0.86
0 0.854 0.498 0.777 0.46 0.821 0.38 0.86 0.407 0.86 0.393 0.888 0.407 0.854 0.49
