0 0.0 0.014 0.031 0.011 0.066 0.02 0.096 0.035 0.124 0.056 0.141 0.076 0.17 0.101 0.181 0.114 0.196 0.142 0.203 0.169 0.195 0.21 0.191 0.252 0.192 0.27 0.19 0.283 0.183 0.297 0.165 0.317 0.133 0.334 0.105 0.343 0.081 0.347 0.037 0.345 0.0 0.332
0 0.329 0.0 0.327 0.025 0.32 0.048 0.309 0.068 0.295 0.086 0.28 0.1 0.271 0.106 0.239 0.118 0.218 0.121 0.203 0.119 0.188 0.113 0.145 0.081 0.119 0.049 0.106 0.023 0.096 0.0
0 0.501 0.335 0.48 0.333 0.46 0.325 0.436 0.306 0.422 0.29 0.407 0.266 0.399 0.246 0.382 0.2 0.372 0.162 0.37 0.144 0.372 0.115 0.377 0.097 0.389 0.069 0.417 0.032 0.446 0.013 0.469 0.01 0.493 0.014 0.527 0.024 0.55 0.038 0.572 0.058 0.592 0.084 0.604 0.108 0.612 0.137 0.613 0.169 0.605 0.211 0.595 0.235 0.572 0.273 0.572 0.277 0.582 0.295 0.581 0.3 0.576 0.304 0.565 0.286 0.554 0.301 0.535 0.321 0.517 0.332 0.501 0.335
0 0.373 0.423 0.362 0.419 0.345 0.399 0.328 0.383 0.308 0.373 0.293 0.368 0.285 0.327 0.282 0.323 0.276 0.325 0.276 0.328 0.279 0.354 0.284 0.366 0.239 0.361 0.211 0.367 0.209 0.362 0.2 0.336 0.194 0.298 0.192 0.269 0.194 0.217 0.198 0.188 0.204 0.167 0.215 0.147 0.232 0.127 0.25 0.117 0.273 0.109 0.313 0.109 0.342 0.124 0.357 0.138 0.371 0.158 0.382 0.199 0.397 0.243 0.42 0.287 0.422 0.308 0.419 0.348 0.403 0.363 0.389 0.382 0.381 0.396 0.373 0.423
0 0.494 0.0 0.503 0.009 0.504 0.016 0.467 0.01 0.447 0.012 0.423 0.027 0.402 0.051 0.388 0.071 0.373 0.109 0.37 0.135 0.371 0.158 0.353 0.134 0.341 0.123 0.318 0.11 0.301 0.107 0.298 0.101 0.297 0.104 0.296 0.086 0.307 0.071 0.319 0.049 0.325 0.029 0.33 0.0
0 0.793 0.0 0.794 0.028 0.791 0.046 0.781 0.07 0.763 0.096 0.745 0.113 0.73 0.122 0.713 0.128 0.69 0.132 0.666 0.132 0.646 0.127 0.619 0.115 0.601 0.102 0.578 0.065 0.551 0.038 0.548 0.029 0.548 0.0
0 1.0 0.0 1.0 0.201 0.976 0.228 0.952 0.247 0.92 0.262 0.88 0.273 0.857 0.271 0.836 0.265 0.82 0.257 0.804 0.247 0.786 0.223 0.77 0.18 0.766 0.129 0.771 0.101 0.789 0.056 0.82 0.0
0 0.0 0.377 0.023 0.366 0.042 0.36 0.076 0.358 0.106 0.365 0.128 0.374 0.154 0.387 0.172 0.402 0.153 0.442 0.141 0.491 0.129 0.597 0.13 0.621 0.135 0.64 0.121 0.648 0.077 0.664 0.046 0.662 0.0 0.642
0 0.255 0.731 0.239 0.729 0.224 0.719 0.197 0.711 0.163 0.689 0.154 0.677 0.146 0.651 0.139 0.642 0.132 0.629 0.129 0.616 0.129 0.598 0.143 0.478 0.151 0.447 0.167 0.41 0.187 0.384 0.212 0.366 0.24 0.361 0.284 0.366 0.279 0.354 0.276 0.336 0.277 0.33 0.275 0.327 0.276 0.325 0.281 0.323 0.285 0.326 0.293 0.368 0.313 0.375 0.336 0.39 0.384 0.444 0.39 0.456 0.395 0.475 0.399 0.525 0.392 0.561 0.383 0.588 0.365 0.623 0.349 0.649 0.301 0.709 0.291 0.719 0.272 0.729 0.255 0.731
0 0.48 0.645 0.46 0.644 0.438 0.637 0.419 0.624 0.403 0.602 0.399 0.59 0.397 0.574 0.402 0.556 0.396 0.477 0.39 0.454 0.373 0.429 0.376 0.411 0.383 0.392 0.402 0.364 0.424 0.345 0.458 0.334 0.492 0.336 0.536 0.345 0.562 0.355 0.586 0.373 0.597 0.388 0.604 0.406 0.605 0.455 0.612 0.504 0.612 0.519 0.609 0.531 0.602 0.548 0.552 0.605 0.538 0.618 0.518 0.632 0.501 0.64 0.48 0.645
0 0.646 0.429 0.638 0.423 0.625 0.409 0.607 0.38 0.591 0.343 0.583 0.311 0.582 0.26 0.597 0.232 0.604 0.214 0.614 0.165 0.633 0.147 0.662 0.132 0.688 0.133 0.705 0.131 0.724 0.125 0.745 0.115 0.752 0.121 0.764 0.124 0.769 0.173 0.773 0.192 0.789 0.229 0.805 0.247 0.804 0.273 0.8 0.305 0.794 0.332 0.785 0.361 0.776 0.382 0.76 0.382 0.746 0.377 0.728 0.375 0.707 0.377 0.697 0.38 0.667 0.403 0.646 0.429
0 0.0 0.74 0.024 0.705 0.056 0.676 0.087 0.659 0.121 0.647 0.137 0.639 0.146 0.648 0.154 0.675 0.164 0.689 0.195 0.709 0.219 0.716 0.237 0.727 0.25 0.731 0.254 0.742 0.259 0.762 0.249 0.797 0.242 0.826 0.24 0.855 0.241 0.891 0.228 0.919 0.215 0.939 0.197 0.963 0.174 0.985 0.149 1.0 0.03 1.0 0.0 0.961
0 0.418 0.999 0.333 0.999 0.301 0.987 0.283 0.972 0.264 0.947 0.249 0.913 0.241 0.879 0.24 0.849 0.243 0.82 0.253 0.78 0.267 0.749 0.285 0.722 0.303 0.706 0.331 0.671 0.355 0.649 0.372 0.64 0.39 0.641 0.424 0.657 0.453 0.667 0.468 0.686 0.477 0.693 0.483 0.7 0.489 0.714 0.496 0.742 0.497 0.832 0.493 0.882 0.49 0.89 0.475 0.9 0.471 0.905 0.476 0.916 0.487 0.908 0.483 0.926 0.471 0.956 0.455 0.979 0.432 0.998 0.418 0.999
0 0.714 0.723 0.705 0.717 0.703 0.711 0.708 0.699 0.707 0.696 0.669 0.685 0.641 0.667 0.626 0.649 0.613 0.625 0.606 0.596 0.605 0.563 0.607 0.545 0.62 0.497 0.637 0.448 0.652 0.42 0.664 0.406 0.693 0.382 0.709 0.376 0.737 0.375 0.761 0.382 0.778 0.382 0.795 0.393 0.808 0.412 0.84 0.476 0.849 0.498 0.855 0.52 0.859 0.544 0.86 0.579 0.857 0.602 0.851 0.624 0.845 0.639 0.833 0.658 0.822 0.669 0.795 0.689 0.781 0.696 0.746 0.702 0.719 0.7 0.716 0.709 0.717 0.721 0.714 0.723
0 0.956 0.575 0.924 0.574 0.903 0.567 0.887 0.557 0.865 0.531 0.856 0.517 0.838 0.471 0.826 0.393 0.828 0.36 0.832 0.347 0.841 0.332 0.864 0.306 0.892 0.281 0.917 0.265 0.935 0.258 0.947 0.257 0.967 0.261 0.991 0.274 0.998 0.279 1.0 0.283 0.998 0.562 0.993 0.566 0.978 0.571 0.956 0.575
0 0.703 1.0 0.544 1.0 0.525 0.973 0.513 0.951 0.505 0.927 0.5 0.9 0.497 0.9 0.48 0.914 0.476 0.913 0.472 0.908 0.474 0.902 0.489 0.892 0.496 0.883 0.495 0.856 0.498 0.78 0.5 0.76 0.504 0.742 0.519 0.707 0.541 0.679 0.563 0.665 0.579 0.661 0.61 0.661 0.629 0.666 0.667 0.684 0.7 0.708 0.706 0.719 0.722 0.729 0.741 0.756 0.75 0.781 0.757 0.83 0.767 0.875 0.768 0.909 0.761 0.933 0.749 0.955 0.73 0.977 0.703 1.0
0 1.0 0.999 0.821 0.999 0.801 0.973 0.786 0.941 0.775 0.905 0.771 0.878 0.772 0.85 0.777 0.813 0.789 0.779 0.8 0.753 0.823 0.72 0.838 0.708 0.852 0.703 0.888 0.711 0.907 0.712 0.935 0.721 0.957 0.735 0.97 0.746 0.98 0.758 0.986 0.771 0.999 0.818 1.0 0.999
0 0.993 0.776 0.97 0.744 0.957 0.734 0.93 0.718 0.859 0.702 0.845 0.704 0.828 0.713 0.815 0.675 0.83 0.661 0.847 0.636 0.872 0.616 0.888 0.607 0.914 0.604 0.945 0.611 0.96 0.618 0.994 0.64 0.999 0.646 0.999 0.762 0.997 0.773 0.993 0.776
0 0.77 0.858 0.763 0.857 0.761 0.851 0.747 0.77 0.736 0.747 0.717 0.723 0.717 0.706 0.719 0.7 0.744 0.703 0.781 0.696 0.814 0.676 0.823 0.695 0.828 0.714 0.802 0.75 0.788 0.78 0.777 0.812 0.77 0.858
0 0.172 0.401 0.153 0.386 0.125 0.372 0.099 0.363 0.069 0.358 0.069 0.347 0.098 0.343 0.143 0.329 0.17 0.31 0.182 0.297 0.19 0.281 0.192 0.281 0.2 0.334 0.211 0.366 0.191 0.38 0.172 0.401
0 0.506 0.734 0.494 0.723 0.478 0.695 0.468 0.686 0.456 0.669 0.445 0.663 0.445 0.641 0.468 0.646 0.496 0.642 0.521 0.631 0.552 0.607 0.582 0.634 0.602 0.645 0.602 0.66 0.565 0.664 0.554 0.669 0.538 0.681 0.523 0.7 0.506 0.734
0 0.587 0.371 0.559 0.354 0.512 0.339 0.51 0.334 0.534 0.322 0.566 0.285 0.568 0.292 0.576 0.305 0.582 0.301 0.59 0.355 0.589 0.369 0.587 0.371
0 0.824 0.402 0.803 0.398 0.787 0.385 0.781 0.375 0.798 0.315 0.803 0.282 0.804 0.247 0.833 0.263 0.859 0.271 0.882 0.272 0.901 0.266 0.91 0.267 0.87 0.298 0.836 0.337 0.827 0.362 0.825 0.377 0.826 0.401 0.824 0.402
0 1.0 0.281 0.967 0.263 0.936 0.257 0.955 0.245 0.994 0.208 1.0 0.222 1.0 0.281
0 0.837 0.471 0.803 0.405 0.803 0.402 0.826 0.404 0.837 0.471
0 0.608 0.644 0.597 0.643 0.582 0.636 0.56 0.615 0.553 0.605 0.599 0.552 0.608 0.536 0.611 0.519 0.609 0.476 0.605 0.453 0.605 0.415 0.601 0.398 0.592 0.375 0.599 0.377 0.606 0.39 0.646 0.43 0.635 0.455 0.622 0.492 0.607 0.547 0.605 0.566 0.606 0.596 0.612 0.625 0.621 0.641 0.618 0.643 0.608 0.64
