0 0.313 0.0 0.329 0.031 0.336 0.051 0.35 0.107 0.356 0.137 0.359 0.16 0.359 0.197 0.357 0.226 0.352 0.252 0.336 0.293 0.321 0.319 0.306 0.337 0.288 0.352 0.255 0.371 0.23 0.38 0.218 0.381 0.194 0.379 0.161 0.367 0.143 0.359 0.127 0.347 0.103 0.324 0.074 0.289 0.061 0.264 0.05 0.235 0.043 0.214 0.039 0.188 0.037 0.145 0.04 0.119 0.049 0.081 0.059 0.053 0.076 0.022 0.092 0.0
0 0.201 0.962 0.167 0.956 0.115 0.936 0.094 0.919 0.069 0.886 0.052 0.851 0.043 0.817 0.036 0.754 0.036 0.722 0.042 0.69 0.053 0.657 0.081 0.603 0.104 0.574 0.148 0.541 0.186 0.52 0.205 0.513 0.225 0.511 0.245 0.514 0.278 0.524 0.308 0.539 0.335 0.563 0.363 0.6 0.374 0.622 0.392 0.675 0.395 0.7 0.393 0.735 0.385 0.77 0.363 0.832 0.349 0.861 0.331 0.886 0.3 0.919 0.272 0.94 0.249 0.953 0.227 0.96 0.201 0.962
0 0.456 0.502 0.423 0.499 0.4 0.49 0.375 0.472 0.35 0.45 0.337 0.432 0.331 0.412 0.329 0.353 0.332 0.317 0.338 0.293 0.365 0.229 0.385 0.195 0.422 0.149 0.447 0.128 0.482 0.109 0.508 0.105 0.545 0.109 0.579 0.122 0.601 0.137 0.619 0.158 0.632 0.181 0.647 0.219 0.653 0.247 0.657 0.283 0.656 0.312 0.652 0.336 0.647 0.356 0.631 0.394 0.611 0.429 0.597 0.446 0.571 0.469 0.551 0.481 0.514 0.497 0.495 0.501 0.456 0.502
0 0.669 1.0 0.617 1.0 0.609 0.994 0.596 0.978 0.566 0.956 0.55 0.938 0.531 0.903 0.518 0.871 0.513 0.849 0.508 0.822 0.504 0.753 0.508 0.722 0.516 0.689 0.523 0.668 0.541 0.638 0.57 0.609 0.588 0.599 0.604 0.597 0.62 0.603 0.638 0.604 0.656 0.612 0.674 0.625 0.712 0.672 0.728 0.705 0.738 0.739 0.741 0.77 0.741 0.825 0.738 0.854 0.73 0.892 0.72 0.922 0.709 0.945 0.669 1.0
0 0.946 0.754 0.918 0.754 0.89 0.749 0.846 0.728 0.818 0.701 0.797 0.672 0.786 0.647 0.778 0.622 0.772 0.545 0.776 0.516 0.785 0.49 0.808 0.444 0.819 0.43 0.843 0.412 0.882 0.395 0.894 0.392 0.917 0.392 0.939 0.397 0.968 0.408 1.0 0.429 1.0 0.734 0.967 0.75 0.946 0.754
0 0.876 0.992 0.844 0.992 0.797 0.981 0.776 0.968 0.759 0.956 0.744 0.94 0.727 0.918 0.725 0.909 0.735 0.864 0.741 0.821 0.741 0.771 0.734 0.727 0.728 0.708 0.715 0.685 0.711 0.671 0.724 0.671 0.756 0.661 0.791 0.66 0.819 0.7 0.847 0.726 0.884 0.746 0.929 0.753 0.933 0.76 0.949 0.796 0.96 0.841 0.961 0.861 0.953 0.905 0.939 0.938 0.928 0.955 0.898 0.982 0.876 0.992
0 0.464 0.999 0.376 0.998 0.372 0.992 0.358 0.986 0.339 0.97 0.317 0.942 0.303 0.918 0.348 0.863 0.358 0.843 0.373 0.806 0.389 0.753 0.393 0.732 0.395 0.694 0.389 0.664 0.432 0.68 0.463 0.697 0.489 0.721 0.498 0.734 0.504 0.75 0.505 0.793 0.509 0.822 0.517 0.862 0.529 0.897 0.53 0.914 0.515 0.949 0.5 0.974 0.477 0.993 0.464 0.999
0 0.086 0.596 0.062 0.574 0.038 0.534 0.026 0.507 0.018 0.478 0.016 0.461 0.016 0.434 0.024 0.384 0.038 0.352 0.06 0.314 0.073 0.301 0.08 0.297 0.108 0.33 0.138 0.357 0.156 0.367 0.199 0.381 0.23 0.381 0.255 0.373 0.276 0.36 0.281 0.363 0.301 0.414 0.307 0.442 0.299 0.476 0.299 0.534 0.268 0.52 0.246 0.515 0.224 0.513 0.196 0.518 0.167 0.534 0.152 0.539 0.131 0.552 0.105 0.573 0.086 0.596
0 0.464 0.68 0.431 0.679 0.39 0.665 0.374 0.621 0.364 0.601 0.333 0.56 0.312 0.542 0.299 0.533 0.298 0.484 0.303 0.455 0.314 0.428 0.33 0.409 0.342 0.441 0.384 0.478 0.403 0.49 0.418 0.497 0.442 0.502 0.497 0.5 0.55 0.482 0.557 0.509 0.56 0.554 0.569 0.566 0.573 0.576 0.572 0.595 0.569 0.606 0.557 0.622 0.535 0.636 0.494 0.674 0.464 0.68
0 0.691 0.644 0.662 0.616 0.643 0.607 0.618 0.603 0.602 0.593 0.585 0.569 0.563 0.528 0.554 0.506 0.55 0.487 0.551 0.48 0.575 0.464 0.606 0.434 0.619 0.414 0.635 0.384 0.649 0.348 0.654 0.323 0.656 0.306 0.654 0.246 0.676 0.247 0.694 0.251 0.718 0.268 0.734 0.284 0.755 0.313 0.767 0.339 0.779 0.38 0.783 0.405 0.786 0.463 0.784 0.483 0.766 0.549 0.751 0.577 0.724 0.611 0.711 0.631 0.7 0.641 0.691 0.644
0 0.83 0.42 0.809 0.413 0.792 0.401 0.781 0.389 0.767 0.34 0.76 0.323 0.747 0.302 0.745 0.295 0.746 0.248 0.751 0.215 0.775 0.147 0.782 0.135 0.803 0.109 0.824 0.091 0.85 0.076 0.868 0.071 0.908 0.069 0.937 0.08 0.954 0.092 0.973 0.114 0.986 0.141 0.993 0.164 0.998 0.192 0.998 0.256 0.993 0.29 0.987 0.315 0.975 0.341 0.963 0.361 0.951 0.376 0.937 0.389 0.928 0.393 0.894 0.393 0.882 0.396 0.851 0.408 0.83 0.42
0 0.737 0.0 0.749 0.011 0.76 0.029 0.774 0.062 0.777 0.076 0.774 0.125 0.765 0.171 0.75 0.207 0.739 0.224 0.72 0.242 0.702 0.251 0.683 0.247 0.653 0.245 0.642 0.207 0.631 0.18 0.619 0.159 0.6 0.137 0.579 0.121 0.566 0.115 0.535 0.107 0.514 0.105 0.511 0.102 0.492 0.067 0.494 0.055 0.503 0.043 0.51 0.038 0.534 0.031 0.549 0.009 0.558 0.0
0 0.184 0.994 0.161 0.994 0.149 0.991 0.111 0.965 0.098 0.949 0.082 0.924 0.068 0.885 0.09 0.914 0.104 0.927 0.136 0.945 0.173 0.958 0.201 0.963 0.222 0.96 0.256 0.95 0.247 0.961 0.229 0.975 0.207 0.987 0.184 0.994
0 0.329 0.357 0.312 0.341 0.31 0.335 0.328 0.306 0.336 0.282 0.35 0.252 0.357 0.225 0.359 0.193 0.358 0.16 0.355 0.136 0.339 0.058 0.359 0.042 0.383 0.029 0.401 0.023 0.421 0.023 0.441 0.027 0.453 0.031 0.47 0.042 0.496 0.072 0.512 0.104 0.483 0.109 0.444 0.13 0.424 0.147 0.384 0.197 0.364 0.231 0.339 0.29 0.333 0.314 0.329 0.35
