0 0.085 0.0 0.085 0.015 0.089 0.032 0.098 0.057 0.105 0.066 0.105 0.074 0.082 0.081 0.055 0.095 0.026 0.123 0.008 0.153 0.0 0.151
0 0.0 0.178 0.008 0.152 0.021 0.129 0.035 0.112 0.055 0.094 0.082 0.08 0.098 0.076 0.112 0.075 0.132 0.08 0.15 0.09 0.179 0.115 0.199 0.139 0.211 0.16 0.221 0.185 0.227 0.212 0.229 0.256 0.224 0.291 0.218 0.306 0.187 0.311 0.162 0.323 0.145 0.338 0.127 0.36 0.09 0.36 0.076 0.354 0.055 0.338 0.028 0.308 0.01 0.273 0.0 0.238
0 0.0 0.286 0.018 0.29 0.029 0.309 0.041 0.324 0.074 0.353 0.098 0.365 0.12 0.371 0.111 0.392 0.106 0.409 0.105 0.443 0.11 0.473 0.104 0.496 0.096 0.515 0.083 0.521 0.069 0.531 0.041 0.566 0.021 0.569 0.015 0.563 0.008 0.57 0.004 0.57 0.001 0.569 0.0 0.565
0 0.226 0.582 0.205 0.579 0.185 0.571 0.158 0.551 0.145 0.537 0.128 0.513 0.117 0.493 0.109 0.465 0.105 0.438 0.106 0.412 0.112 0.386 0.123 0.367 0.143 0.34 0.158 0.326 0.172 0.318 0.186 0.312 0.206 0.306 0.234 0.308 0.256 0.314 0.279 0.329 0.304 0.352 0.317 0.367 0.331 0.393 0.341 0.421 0.346 0.45 0.346 0.468 0.342 0.495 0.336 0.512 0.33 0.524 0.313 0.537 0.282 0.546 0.262 0.558 0.249 0.568 0.247 0.57 0.248 0.573 0.245 0.577 0.226 0.582
0 0.0 0.626 0.015 0.601 0.069 0.531 0.081 0.522 0.092 0.517 0.118 0.515 0.132 0.518 0.145 0.536 0.161 0.552 0.198 0.577 0.206 0.593 0.213 0.613 0.216 0.639 0.211 0.676 0.201 0.707 0.168 0.771 0.15 0.787 0.127 0.795 0.109 0.798 0.083 0.798 0.062 0.794 0.04 0.783 0.026 0.773 0.008 0.753 0.0 0.739
0 0.0 0.741 0.017 0.763 0.039 0.783 0.067 0.796 0.099 0.8 0.105 0.84 0.104 0.869 0.1 0.893 0.092 0.916 0.076 0.947 0.054 0.976 0.03 0.998 0.0 1.0
0 0.285 1.0 0.126 1.0 0.11 0.964 0.101 0.929 0.1 0.895 0.103 0.876 0.11 0.856 0.124 0.831 0.142 0.807 0.152 0.798 0.16 0.798 0.186 0.761 0.209 0.746 0.229 0.744 0.248 0.773 0.264 0.789 0.285 0.804 0.312 0.816 0.316 0.825 0.324 0.855 0.326 0.872 0.327 0.902 0.321 0.934 0.309 0.96 0.285 1.0
0 0.343 0.82 0.329 0.82 0.3 0.811 0.275 0.798 0.258 0.784 0.241 0.764 0.228 0.743 0.222 0.724 0.218 0.698 0.218 0.673 0.224 0.641 0.235 0.615 0.248 0.593 0.263 0.574 0.285 0.553 0.309 0.539 0.334 0.532 0.353 0.532 0.37 0.536 0.401 0.564 0.426 0.59 0.437 0.616 0.442 0.64 0.444 0.662 0.444 0.689 0.438 0.724 0.43 0.746 0.414 0.774 0.398 0.793 0.374 0.811 0.358 0.817 0.343 0.82
0 0.457 0.6 0.443 0.6 0.431 0.594 0.37 0.538 0.365 0.529 0.358 0.509 0.354 0.469 0.357 0.443 0.364 0.411 0.373 0.388 0.388 0.362 0.408 0.338 0.424 0.327 0.442 0.319 0.465 0.317 0.481 0.322 0.5 0.334 0.521 0.353 0.543 0.381 0.556 0.404 0.565 0.425 0.569 0.447 0.569 0.467 0.566 0.49 0.559 0.509 0.55 0.528 0.536 0.549 0.521 0.564 0.495 0.583 0.473 0.595 0.457 0.6
0 0.574 0.853 0.554 0.853 0.538 0.848 0.522 0.838 0.504 0.82 0.489 0.794 0.475 0.761 0.465 0.728 0.46 0.696 0.461 0.669 0.467 0.642 0.477 0.616 0.491 0.592 0.501 0.58 0.53 0.556 0.563 0.547 0.584 0.549 0.607 0.556 0.623 0.565 0.641 0.583 0.654 0.601 0.663 0.621 0.669 0.643 0.674 0.675 0.674 0.705 0.67 0.736 0.662 0.767 0.65 0.793 0.639 0.811 0.619 0.832 0.599 0.845 0.574 0.853
0 0.522 0.998 0.353 0.998 0.347 0.975 0.343 0.949 0.344 0.903 0.354 0.854 0.37 0.814 0.392 0.798 0.413 0.778 0.445 0.769 0.469 0.77 0.481 0.774 0.494 0.803 0.507 0.823 0.52 0.836 0.536 0.848 0.54 0.866 0.542 0.903 0.54 0.936 0.532 0.97 0.522 0.998
0 0.72 0.999 0.577 0.999 0.57 0.972 0.569 0.934 0.575 0.886 0.583 0.851 0.608 0.838 0.624 0.826 0.64 0.808 0.652 0.789 0.683 0.792 0.7 0.797 0.724 0.813 0.75 0.836 0.778 0.871 0.797 0.905 0.802 0.922 0.805 0.946 0.803 0.971 0.796 0.998 0.794 0.999 0.72 0.999
0 0.794 0.838 0.78 0.836 0.767 0.83 0.727 0.79 0.693 0.732 0.685 0.704 0.684 0.676 0.687 0.654 0.693 0.629 0.702 0.607 0.713 0.592 0.735 0.58 0.757 0.562 0.763 0.559 0.783 0.56 0.796 0.564 0.845 0.593 0.864 0.608 0.879 0.624 0.89 0.641 0.898 0.66 0.903 0.685 0.903 0.707 0.899 0.733 0.889 0.761 0.877 0.783 0.854 0.808 0.833 0.824 0.813 0.833 0.794 0.838
0 0.999 1.0 0.825 0.999 0.809 0.96 0.802 0.924 0.801 0.885 0.806 0.861 0.813 0.848 0.829 0.827 0.851 0.811 0.877 0.784 0.902 0.783 0.924 0.788 0.959 0.807 0.983 0.828 1.0 0.849 0.999 1.0
0 0.362 0.365 0.337 0.363 0.322 0.359 0.301 0.348 0.284 0.332 0.267 0.309 0.256 0.289 0.247 0.256 0.244 0.234 0.244 0.2 0.248 0.179 0.256 0.151 0.271 0.121 0.285 0.1 0.298 0.088 0.319 0.076 0.342 0.07 0.356 0.07 0.38 0.077 0.4 0.091 0.415 0.108 0.43 0.137 0.443 0.166 0.45 0.196 0.454 0.225 0.454 0.253 0.451 0.278 0.446 0.299 0.436 0.317 0.433 0.322 0.408 0.338 0.39 0.357 0.362 0.365
0 0.576 0.375 0.551 0.373 0.531 0.364 0.517 0.349 0.512 0.34 0.498 0.304 0.488 0.262 0.485 0.236 0.485 0.193 0.488 0.173 0.494 0.158 0.502 0.142 0.515 0.127 0.528 0.117 0.547 0.106 0.561 0.101 0.583 0.098 0.607 0.102 0.629 0.111 0.651 0.124 0.667 0.142 0.672 0.155 0.677 0.175 0.678 0.2 0.683 0.234 0.684 0.273 0.681 0.29 0.675 0.304 0.667 0.318 0.653 0.333 0.596 0.371 0.576 0.375
0 0.69 0.596 0.67 0.594 0.651 0.589 0.627 0.568 0.601 0.553 0.588 0.531 0.577 0.504 0.574 0.485 0.573 0.454 0.579 0.42 0.585 0.407 0.598 0.387 0.613 0.368 0.634 0.35 0.652 0.339 0.678 0.329 0.695 0.328 0.719 0.333 0.73 0.338 0.753 0.357 0.766 0.373 0.779 0.396 0.79 0.422 0.795 0.449 0.796 0.47 0.793 0.491 0.787 0.516 0.775 0.539 0.763 0.556 0.746 0.572 0.726 0.585 0.712 0.592 0.69 0.59
