0 0.49 0.0 0.491 0.01 0.468 0.013 0.45 0.018 0.413 0.034 0.376 0.063 0.363 0.079 0.35 0.097 0.341 0.121 0.337 0.138 0.337 0.156 0.344 0.184 0.341 0.187 0.333 0.188 0.29 0.171 0.252 0.16 0.222 0.155 0.19 0.154 0.177 0.137 0.171 0.122 0.166 0.1 0.165 0.079 0.168 0.063 0.183 0.032 0.193 0.018 0.209 0.0
0 0.493 0.271 0.458 0.268 0.425 0.257 0.397 0.243 0.371 0.223 0.356 0.206 0.342 0.176 0.337 0.155 0.341 0.12 0.349 0.096 0.375 0.063 0.408 0.037 0.425 0.027 0.458 0.015 0.488 0.01 0.532 0.008 0.569 0.011 0.612 0.022 0.642 0.034 0.667 0.05 0.678 0.063 0.697 0.088 0.703 0.105 0.705 0.13 0.7 0.161 0.686 0.192 0.674 0.207 0.632 0.239 0.612 0.249 0.565 0.265 0.544 0.268 0.493 0.271
0 0.758 0.0 0.738 0.016 0.718 0.028 0.689 0.037 0.656 0.041 0.62 0.025 0.592 0.016 0.567 0.01 0.523 0.008 0.509 0.0
0 0.699 0.094 0.678 0.064 0.655 0.041 0.69 0.037 0.714 0.061 0.715 0.064 0.703 0.081 0.703 0.09 0.699 0.094
0 0.972 0.0 0.954 0.032 0.935 0.052 0.91 0.037 0.885 0.027 0.842 0.017 0.818 0.017 0.794 0.02 0.772 0.026 0.747 0.038 0.734 0.02 0.758 0.0
0 1.0 0.0 0.999 0.028 0.976 0.044 0.954 0.053 0.94 0.047 0.959 0.023 0.971 0.0
0 0.993 0.127 0.962 0.078 0.935 0.051 0.939 0.047 0.962 0.057 0.974 0.066 0.982 0.076 0.992 0.1 0.993 0.127
0 0.895 0.286 0.864 0.258 0.837 0.244 0.801 0.237 0.776 0.237 0.75 0.24 0.716 0.203 0.697 0.17 0.704 0.129 0.703 0.11 0.697 0.092 0.698 0.086 0.717 0.061 0.742 0.04 0.77 0.027 0.798 0.019 0.82 0.017 0.849 0.018 0.884 0.026 0.92 0.042 0.94 0.055 0.96 0.076 0.969 0.093 0.993 0.122 1.0 0.135 1.0 0.211 0.985 0.238 0.967 0.255 0.945 0.27 0.921 0.28 0.895 0.286
0 0.389 0.374 0.38 0.349 0.365 0.326 0.343 0.308 0.326 0.297 0.308 0.288 0.275 0.277 0.234 0.27 0.188 0.267 0.12 0.272 0.11 0.243 0.111 0.208 0.125 0.186 0.147 0.17 0.17 0.158 0.201 0.153 0.243 0.157 0.286 0.168 0.323 0.183 0.353 0.2 0.356 0.207 0.372 0.224 0.403 0.247 0.426 0.259 0.441 0.276 0.454 0.3 0.417 0.334 0.389 0.374
0 0.659 0.317 0.643 0.296 0.626 0.285 0.611 0.278 0.569 0.271 0.547 0.27 0.508 0.273 0.489 0.278 0.454 0.299 0.441 0.276 0.427 0.259 0.46 0.269 0.481 0.272 0.549 0.268 0.592 0.256 0.644 0.232 0.663 0.252 0.678 0.278 0.667 0.294 0.659 0.317
0 0.807 0.506 0.786 0.504 0.747 0.491 0.722 0.473 0.699 0.448 0.674 0.41 0.674 0.365 0.669 0.343 0.66 0.316 0.67 0.289 0.678 0.278 0.693 0.266 0.712 0.255 0.736 0.244 0.755 0.239 0.783 0.236 0.81 0.237 0.839 0.244 0.859 0.254 0.875 0.266 0.898 0.292 0.91 0.312 0.923 0.352 0.926 0.366 0.927 0.399 0.923 0.417 0.917 0.436 0.9 0.461 0.881 0.473 0.863 0.491 0.854 0.496 0.83 0.504 0.807 0.506
0 0.901 0.46 0.917 0.432 0.927 0.399 0.942 0.389 0.961 0.38 0.999 0.371 1.0 0.438 0.949 0.444 0.918 0.453 0.901 0.46
0 0.999 0.624 0.958 0.618 0.935 0.612 0.911 0.603 0.888 0.589 0.862 0.566 0.853 0.548 0.849 0.53 0.849 0.519 0.86 0.494 0.873 0.48 0.892 0.465 0.912 0.455 0.935 0.448 0.958 0.443 0.998 0.439 1.0 0.439 0.999 0.624
0 0.0 0.326 0.001 0.315 0.015 0.307 0.053 0.289 0.09 0.279 0.124 0.272 0.169 0.267 0.197 0.267 0.24 0.27 0.271 0.275 0.31 0.288 0.343 0.307 0.368 0.328 0.381 0.349 0.387 0.372 0.396 0.375 0.394 0.38 0.387 0.381 0.386 0.402 0.376 0.427 0.367 0.441 0.356 0.453 0.342 0.463 0.317 0.476 0.288 0.487 0.255 0.496 0.214 0.502 0.193 0.503 0.121 0.502 0.091 0.498 0.053 0.489 0.032 0.483 0.0 0.467
0 0.526 0.579 0.503 0.578 0.486 0.574 0.468 0.575 0.456 0.573 0.437 0.564 0.422 0.56 0.395 0.543 0.377 0.524 0.369 0.508 0.362 0.477 0.362 0.446 0.38 0.418 0.387 0.394 0.387 0.375 0.416 0.334 0.443 0.307 0.471 0.288 0.497 0.276 0.519 0.271 0.562 0.27 0.601 0.276 0.624 0.283 0.639 0.292 0.653 0.307 0.665 0.328 0.673 0.357 0.675 0.38 0.674 0.413 0.669 0.444 0.657 0.479 0.643 0.507 0.622 0.535 0.602 0.552 0.577 0.567 0.553 0.576 0.526 0.579
0 0.636 0.518 0.659 0.475 0.675 0.411 0.7 0.447 0.719 0.468 0.732 0.479 0.73 0.491 0.729 0.492 0.7 0.494 0.675 0.5 0.636 0.518
0 0.836 0.602 0.834 0.6 0.84 0.567 0.836 0.546 0.822 0.525 0.801 0.51 0.789 0.504 0.812 0.505 0.828 0.503 0.86 0.493 0.849 0.521 0.851 0.54 0.856 0.554 0.864 0.567 0.884 0.587 0.86 0.593 0.836 0.602
0 0.205 0.706 0.172 0.703 0.148 0.697 0.119 0.684 0.096 0.667 0.08 0.648 0.072 0.629 0.068 0.608 0.07 0.584 0.079 0.563 0.095 0.541 0.119 0.52 0.142 0.508 0.154 0.503 0.209 0.502 0.265 0.493 0.289 0.5 0.312 0.512 0.332 0.528 0.348 0.546 0.357 0.563 0.36 0.581 0.353 0.625 0.329 0.66 0.318 0.67 0.294 0.685 0.253 0.701 0.233 0.704 0.205 0.706
0 0.467 0.728 0.447 0.727 0.43 0.722 0.389 0.706 0.36 0.683 0.337 0.651 0.353 0.624 0.359 0.607 0.36 0.584 0.354 0.557 0.333 0.529 0.345 0.512 0.365 0.499 0.376 0.521 0.389 0.537 0.408 0.552 0.43 0.563 0.464 0.573 0.482 0.573 0.511 0.578 0.537 0.578 0.54 0.581 0.545 0.605 0.533 0.64 0.535 0.675 0.521 0.695 0.501 0.714 0.483 0.725 0.467 0.728
0 0.653 0.743 0.624 0.743 0.598 0.739 0.574 0.73 0.553 0.712 0.541 0.693 0.534 0.669 0.533 0.64 0.543 0.608 0.568 0.571 0.602 0.552 0.615 0.54 0.632 0.521 0.649 0.511 0.677 0.5 0.708 0.493 0.739 0.492 0.764 0.496 0.788 0.503 0.803 0.511 0.824 0.527 0.833 0.539 0.839 0.559 0.84 0.579 0.837 0.594 0.828 0.617 0.817 0.638 0.798 0.663 0.759 0.699 0.731 0.716 0.704 0.73 0.683 0.737 0.653 0.743
0 0.907 0.824 0.877 0.821 0.833 0.807 0.804 0.786 0.773 0.761 0.76 0.743 0.755 0.726 0.753 0.702 0.787 0.674 0.816 0.638 0.834 0.601 0.84 0.571 0.867 0.571 0.878 0.583 0.898 0.596 0.934 0.611 0.953 0.617 1.0 0.624 1.0 0.8 0.98 0.811 0.963 0.817 0.937 0.822 0.907 0.824
0 0.282 0.882 0.226 0.88 0.194 0.875 0.153 0.865 0.133 0.859 0.118 0.851 0.099 0.837 0.087 0.824 0.079 0.81 0.074 0.794 0.075 0.775 0.082 0.758 0.097 0.737 0.106 0.729 0.126 0.713 0.155 0.7 0.189 0.704 0.223 0.704 0.251 0.701 0.294 0.685 0.316 0.688 0.365 0.699 0.408 0.713 0.436 0.729 0.456 0.748 0.468 0.771 0.468 0.797 0.462 0.814 0.443 0.838 0.414 0.856 0.38 0.867 0.331 0.878 0.282 0.882
0 0.605 0.843 0.57 0.842 0.54 0.835 0.514 0.824 0.49 0.809 0.469 0.784 0.463 0.761 0.464 0.742 0.47 0.728 0.489 0.721 0.505 0.71 0.534 0.676 0.545 0.7 0.554 0.712 0.569 0.726 0.597 0.738 0.624 0.742 0.653 0.743 0.683 0.736 0.715 0.724 0.751 0.704 0.754 0.726 0.765 0.748 0.765 0.754 0.758 0.774 0.741 0.794 0.713 0.814 0.682 0.829 0.646 0.839 0.605 0.843
0 0.841 0.81 0.818 0.806 0.79 0.796 0.764 0.781 0.758 0.773 0.766 0.752 0.809 0.79 0.841 0.8
