0 0.378 0.972 0.345 0.97 0.335 0.965 0.326 0.958 0.321 0.95 0.295 0.934 0.278 0.913 0.271 0.894 0.263 0.861 0.262 0.825 0.265 0.786 0.27 0.766 0.298 0.716 0.348 0.715 0.369 0.728 0.386 0.735 0.4 0.749 0.405 0.752 0.42 0.773 0.443 0.811 0.452 0.836 0.459 0.86 0.461 0.878 0.461 0.899 0.455 0.92 0.438 0.947 0.416 0.968 0.411 0.97 0.391 0.97 0.383 0.968 0.378 0.972
0 0.499 0.985 0.479 0.981 0.466 0.97 0.448 0.934 0.447 0.929 0.454 0.92 0.457 0.9 0.46 0.891 0.46 0.877 0.456 0.866 0.454 0.842 0.442 0.812 0.447 0.802 0.461 0.746 0.477 0.715 0.496 0.69 0.495 0.688 0.501 0.682 0.509 0.678 0.517 0.666 0.546 0.654 0.564 0.651 0.573 0.653 0.605 0.669 0.621 0.694 0.632 0.724 0.636 0.777 0.636 0.803 0.635 0.828 0.631 0.854 0.622 0.891 0.61 0.907 0.592 0.926 0.569 0.956 0.555 0.969 0.499 0.985
0 0.197 0.719 0.189 0.718 0.163 0.705 0.149 0.691 0.132 0.666 0.128 0.634 0.129 0.6 0.133 0.566 0.145 0.534 0.161 0.513 0.18 0.499 0.189 0.494 0.232 0.482 0.308 0.481 0.323 0.487 0.327 0.494 0.327 0.506 0.307 0.528 0.308 0.541 0.303 0.558 0.305 0.57 0.303 0.593 0.294 0.618 0.288 0.626 0.288 0.644 0.291 0.65 0.29 0.659 0.292 0.661 0.278 0.679 0.245 0.702 0.219 0.714 0.197 0.719
0 0.395 0.733 0.39 0.73 0.38 0.73 0.361 0.719 0.342 0.713 0.316 0.713 0.312 0.704 0.304 0.694 0.299 0.681 0.296 0.665 0.289 0.646 0.289 0.628 0.296 0.611 0.302 0.587 0.309 0.531 0.315 0.517 0.32 0.511 0.327 0.511 0.332 0.507 0.345 0.501 0.383 0.504 0.399 0.51 0.409 0.511 0.436 0.537 0.454 0.565 0.457 0.577 0.461 0.643 0.457 0.674 0.449 0.701 0.441 0.715 0.433 0.722 0.422 0.729 0.411 0.729 0.395 0.733
0 0.345 0.487 0.337 0.481 0.291 0.48 0.273 0.478 0.236 0.48 0.229 0.475 0.227 0.476 0.225 0.458 0.225 0.432 0.236 0.387 0.246 0.362 0.27 0.338 0.299 0.321 0.321 0.313 0.349 0.318 0.365 0.334 0.367 0.333 0.38 0.356 0.379 0.416 0.373 0.452 0.359 0.472 0.349 0.484 0.345 0.487
0 0.503 0.674 0.497 0.673 0.477 0.664 0.465 0.651 0.461 0.642 0.461 0.622 0.458 0.609 0.458 0.568 0.456 0.561 0.466 0.526 0.488 0.482 0.498 0.466 0.512 0.451 0.523 0.444 0.527 0.437 0.531 0.434 0.552 0.433 0.576 0.435 0.585 0.445 0.585 0.455 0.593 0.476 0.596 0.499 0.601 0.501 0.605 0.509 0.607 0.56 0.604 0.578 0.593 0.602 0.579 0.625 0.565 0.643 0.559 0.645 0.551 0.654 0.539 0.654 0.503 0.674
0 0.685 0.742 0.655 0.741 0.647 0.737 0.64 0.728 0.635 0.716 0.634 0.709 0.621 0.676 0.614 0.645 0.612 0.615 0.614 0.532 0.619 0.522 0.62 0.511 0.628 0.493 0.637 0.482 0.648 0.462 0.673 0.452 0.679 0.452 0.682 0.455 0.711 0.457 0.727 0.464 0.748 0.48 0.771 0.503 0.783 0.538 0.787 0.573 0.789 0.615 0.787 0.65 0.785 0.66 0.78 0.672 0.759 0.703 0.727 0.723 0.696 0.735 0.685 0.742
0 0.438 0.489 0.41 0.488 0.382 0.476 0.368 0.465 0.366 0.461 0.373 0.449 0.378 0.418 0.377 0.408 0.377 0.394 0.38 0.383 0.38 0.362 0.377 0.353 0.373 0.348 0.374 0.344 0.378 0.34 0.388 0.333 0.399 0.32 0.418 0.304 0.43 0.29 0.44 0.284 0.451 0.273 0.466 0.268 0.499 0.268 0.508 0.273 0.529 0.277 0.536 0.323 0.536 0.358 0.53 0.384 0.529 0.395 0.521 0.422 0.513 0.433 0.505 0.45 0.482 0.478 0.476 0.481 0.469 0.481 0.438 0.489
0 0.556 0.398 0.539 0.397 0.533 0.391 0.531 0.385 0.531 0.376 0.536 0.369 0.534 0.358 0.537 0.35 0.537 0.317 0.532 0.308 0.533 0.292 0.532 0.289 0.527 0.282 0.51 0.272 0.47 0.27 0.465 0.268 0.457 0.27 0.456 0.261 0.461 0.251 0.466 0.248 0.47 0.243 0.491 0.226 0.526 0.213 0.541 0.211 0.548 0.211 0.569 0.223 0.583 0.239 0.588 0.249 0.589 0.266 0.588 0.357 0.586 0.376 0.584 0.383 0.58 0.388 0.569 0.395 0.556 0.398
0 0.825 0.502 0.819 0.502 0.795 0.491 0.773 0.474 0.734 0.436 0.719 0.425 0.703 0.404 0.693 0.38 0.693 0.371 0.702 0.352 0.718 0.335 0.722 0.332 0.762 0.33 0.798 0.32 0.861 0.325 0.88 0.331 0.889 0.339 0.893 0.345 0.903 0.376 0.905 0.432 0.903 0.438 0.89 0.469 0.884 0.479 0.853 0.494 0.825 0.502
0 0.378 0.319 0.339 0.318 0.318 0.309 0.302 0.294 0.298 0.289 0.291 0.268 0.29 0.244 0.293 0.225 0.297 0.214 0.308 0.198 0.348 0.154 0.362 0.145 0.363 0.14 0.387 0.133 0.425 0.13 0.45 0.155 0.462 0.173 0.473 0.239 0.459 0.254 0.455 0.274 0.447 0.276 0.426 0.295 0.401 0.312 0.378 0.31
