0 0.658 0.787 0.603 0.769 0.579 0.748 0.559 0.712 0.532 0.626 0.545 0.583 0.552 0.546 0.556 0.483 0.554 0.428 0.566 0.406 0.59 0.381 0.637 0.359 0.653 0.361 0.674 0.376 0.697 0.399 0.721 0.433 0.748 0.489 0.763 0.553 0.767 0.584 0.764 0.652 0.746 0.706 0.707 0.765 0.683 0.782 0.658 0.787
0 0.447 0.715 0.436 0.715 0.387 0.684 0.349 0.679 0.317 0.625 0.305 0.583 0.298 0.544 0.293 0.489 0.297 0.43 0.308 0.389 0.345 0.298 0.368 0.272 0.379 0.266 0.405 0.258 0.437 0.259 0.458 0.265 0.479 0.279 0.502 0.302 0.523 0.332 0.54 0.37 0.55 0.411 0.557 0.468 0.557 0.511 0.55 0.561 0.54 0.603 0.501 0.673 0.471 0.703 0.447 0.715
0 0.736 0.459 0.696 0.4 0.656 0.362 0.643 0.358 0.635 0.364 0.61 0.367 0.637 0.325 0.653 0.278 0.661 0.205 0.651 0.144 0.66 0.147 0.657 0.138 0.659 0.132 0.653 0.125 0.666 0.112 0.695 0.108 0.718 0.122 0.738 0.145 0.754 0.177 0.749 0.223 0.752 0.283 0.757 0.319 0.768 0.362 0.753 0.416 0.736 0.459
0 0.957 0.0 0.979 0.026 0.999 0.071 0.997 0.257 0.979 0.302 0.925 0.387 0.887 0.406 0.879 0.415 0.828 0.421 0.81 0.413 0.792 0.396 0.766 0.351 0.754 0.302 0.749 0.223 0.758 0.161 0.784 0.082 0.815 0.027 0.843 0.0
0 0.836 0.0 0.793 0.062 0.77 0.119 0.752 0.128 0.707 0.117 0.672 0.083 0.686 0.068 0.712 0.023 0.718 0.0
0 0.307 0.386 0.294 0.376 0.293 0.37 0.292 0.35 0.299 0.343 0.297 0.331 0.293 0.326 0.304 0.311 0.297 0.281 0.298 0.262 0.295 0.259 0.293 0.245 0.289 0.245 0.286 0.253 0.289 0.28 0.284 0.283 0.276 0.235 0.259 0.175 0.228 0.133 0.235 0.111 0.255 0.082 0.283 0.058 0.32 0.044 0.338 0.046 0.338 0.042 0.362 0.076 0.383 0.091 0.439 0.105 0.454 0.148 0.456 0.262 0.403 0.258 0.366 0.273 0.336 0.315 0.307 0.386
0 0.185 0.623 0.129 0.606 0.106 0.585 0.084 0.551 0.064 0.508 0.053 0.467 0.037 0.362 0.036 0.324 0.042 0.274 0.055 0.229 0.069 0.198 0.085 0.173 0.121 0.133 0.167 0.113 0.207 0.121 0.247 0.155 0.266 0.196 0.284 0.285 0.289 0.277 0.286 0.248 0.289 0.243 0.296 0.248 0.299 0.268 0.297 0.279 0.304 0.304 0.303 0.312 0.295 0.32 0.299 0.342 0.292 0.35 0.297 0.453 0.295 0.484 0.284 0.531 0.266 0.57 0.244 0.597 0.218 0.615 0.185 0.623
0 0.553 0.383 0.545 0.382 0.527 0.338 0.502 0.3 0.456 0.259 0.454 0.164 0.459 0.12 0.471 0.077 0.495 0.043 0.505 0.012 0.519 0.053 0.535 0.082 0.573 0.116 0.614 0.123 0.65 0.106 0.652 0.124 0.662 0.118 0.661 0.251 0.642 0.315 0.609 0.367 0.588 0.379 0.553 0.383
0 0.719 0.0 0.711 0.026 0.684 0.075 0.649 0.107 0.614 0.125 0.582 0.123 0.55 0.102 0.525 0.065 0.51 0.027 0.504 0.0
0 0.505 0.0 0.498 0.036 0.48 0.07 0.465 0.086 0.434 0.103 0.394 0.1 0.367 0.082 0.339 0.039 0.323 0.0
0 0.311 0.0 0.302 0.033 0.288 0.056 0.24 0.1 0.216 0.11 0.157 0.104 0.107 0.082 0.084 0.058 0.053 0.0
0 0.506 0.999 0.209 0.999 0.204 0.956 0.205 0.929 0.211 0.882 0.225 0.826 0.245 0.778 0.271 0.735 0.296 0.708 0.325 0.689 0.353 0.68 0.383 0.683 0.42 0.705 0.443 0.726 0.469 0.761 0.493 0.808 0.517 0.88 0.529 0.947 0.532 0.998 0.506 0.999
0 0.908 0.834 0.849 0.795 0.799 0.783 0.781 0.748 0.762 0.694 0.759 0.677 0.766 0.638 0.768 0.589 0.758 0.523 0.777 0.477 0.813 0.435 0.833 0.424 0.877 0.418 0.896 0.423 0.923 0.44 0.949 0.465 0.966 0.49 0.982 0.526 0.998 0.577 0.999 0.714 0.99 0.751 0.972 0.788 0.955 0.809 0.908 0.834
0 0.967 0.998 0.73 0.998 0.719 0.961 0.702 0.929 0.703 0.914 0.716 0.855 0.734 0.823 0.75 0.805 0.787 0.786 0.838 0.79 0.892 0.82 0.926 0.861 0.953 0.922 0.967 0.99
