0 0.378 0.703 0.34 0.701 0.312 0.69 0.296 0.676 0.283 0.661 0.275 0.646 0.268 0.622 0.263 0.59 0.267 0.541 0.272 0.525 0.28 0.51 0.292 0.495 0.306 0.473 0.317 0.462 0.329 0.456 0.365 0.446 0.387 0.447 0.411 0.456 0.423 0.463 0.435 0.473 0.443 0.485 0.451 0.503 0.458 0.526 0.463 0.556 0.463 0.59 0.46 0.615 0.452 0.645 0.444 0.662 0.429 0.681 0.411 0.694 0.398 0.7 0.378 0.703
0 0.298 0.488 0.284 0.472 0.274 0.451 0.269 0.433 0.265 0.396 0.265 0.375 0.269 0.351 0.278 0.329 0.291 0.307 0.3 0.296 0.313 0.287 0.348 0.274 0.366 0.275 0.39 0.281 0.408 0.291 0.423 0.306 0.433 0.323 0.441 0.341 0.449 0.371 0.45 0.392 0.449 0.408 0.44 0.43 0.435 0.45 0.427 0.466 0.41 0.454 0.392 0.447 0.379 0.444 0.364 0.445 0.323 0.46 0.307 0.473 0.298 0.488
0 0.531 0.587 0.517 0.587 0.505 0.583 0.476 0.565 0.462 0.551 0.458 0.521 0.45 0.498 0.442 0.484 0.441 0.454 0.439 0.454 0.445 0.423 0.451 0.406 0.46 0.391 0.472 0.376 0.486 0.365 0.497 0.359 0.513 0.354 0.553 0.356 0.571 0.364 0.582 0.373 0.593 0.385 0.603 0.404 0.61 0.427 0.615 0.453 0.614 0.48 0.608 0.514 0.602 0.533 0.592 0.551 0.583 0.562 0.564 0.577 0.547 0.584 0.531 0.587
0 0.724 0.562 0.708 0.56 0.691 0.555 0.674 0.543 0.663 0.531 0.63 0.484 0.623 0.47 0.615 0.451 0.606 0.411 0.609 0.389 0.612 0.376 0.622 0.356 0.636 0.338 0.649 0.325 0.674 0.311 0.697 0.304 0.734 0.306 0.749 0.313 0.763 0.325 0.78 0.348 0.796 0.375 0.808 0.409 0.813 0.435 0.813 0.456 0.808 0.484 0.802 0.499 0.789 0.523 0.777 0.538 0.763 0.548 0.747 0.557 0.724 0.562
0 0.814 0.439 0.81 0.418 0.802 0.392 0.789 0.364 0.764 0.326 0.753 0.315 0.736 0.305 0.753 0.273 0.774 0.256 0.815 0.238 0.845 0.232 0.863 0.235 0.886 0.25 0.905 0.279 0.912 0.301 0.914 0.315 0.915 0.333 0.913 0.352 0.901 0.389 0.887 0.409 0.874 0.417 0.858 0.421 0.848 0.426 0.838 0.425 0.828 0.433 0.814 0.439
0 0.263 0.381 0.229 0.367 0.209 0.344 0.2 0.323 0.195 0.304 0.195 0.272 0.199 0.257 0.205 0.243 0.229 0.206 0.248 0.185 0.258 0.177 0.272 0.171 0.295 0.174 0.316 0.187 0.343 0.219 0.355 0.246 0.358 0.273 0.332 0.277 0.311 0.288 0.296 0.301 0.273 0.339 0.267 0.358 0.263 0.381
0 0.453 0.388 0.452 0.371 0.44 0.336 0.427 0.312 0.413 0.295 0.418 0.278 0.426 0.261 0.435 0.25 0.446 0.242 0.469 0.229 0.486 0.225 0.495 0.227 0.506 0.233 0.539 0.258 0.549 0.274 0.558 0.302 0.56 0.322 0.558 0.356 0.533 0.353 0.504 0.355 0.486 0.365 0.466 0.381 0.456 0.383 0.453 0.388
0 0.607 0.387 0.589 0.38 0.566 0.359 0.568 0.356 0.56 0.346 0.561 0.322 0.557 0.285 0.565 0.252 0.573 0.236 0.585 0.221 0.595 0.213 0.606 0.208 0.631 0.21 0.628 0.196 0.624 0.19 0.626 0.181 0.63 0.178 0.634 0.183 0.64 0.213 0.661 0.224 0.674 0.235 0.686 0.25 0.694 0.274 0.696 0.304 0.675 0.311 0.648 0.327 0.622 0.355 0.607 0.387
0 0.736 0.309 0.726 0.305 0.697 0.305 0.695 0.301 0.695 0.279 0.689 0.256 0.677 0.238 0.664 0.226 0.639 0.212 0.635 0.189 0.631 0.178 0.633 0.174 0.644 0.162 0.659 0.153 0.693 0.15 0.717 0.141 0.737 0.147 0.754 0.162 0.763 0.177 0.768 0.192 0.771 0.208 0.771 0.228 0.762 0.265 0.744 0.287 0.736 0.309
0 0.559 0.276 0.55 0.276 0.537 0.255 0.502 0.231 0.491 0.226 0.477 0.226 0.475 0.207 0.477 0.202 0.479 0.183 0.484 0.167 0.492 0.152 0.502 0.14 0.516 0.132 0.537 0.127 0.558 0.13 0.569 0.117 0.581 0.115 0.583 0.118 0.582 0.123 0.572 0.122 0.566 0.126 0.564 0.131 0.59 0.144 0.605 0.158 0.615 0.183 0.617 0.207 0.599 0.211 0.58 0.226 0.566 0.249 0.559 0.276
0 0.412 0.293 0.39 0.28 0.359 0.273 0.351 0.238 0.344 0.222 0.334 0.208 0.334 0.204 0.347 0.172 0.357 0.16 0.375 0.15 0.377 0.146 0.372 0.142 0.359 0.141 0.351 0.149 0.348 0.141 0.35 0.134 0.368 0.135 0.376 0.139 0.384 0.146 0.413 0.146 0.43 0.151 0.444 0.16 0.451 0.167 0.458 0.178 0.466 0.196 0.471 0.214 0.472 0.227 0.435 0.25 0.422 0.267 0.412 0.29
