0 0.356 0.729 0.301 0.726 0.287 0.721 0.277 0.724 0.262 0.723 0.242 0.712 0.231 0.698 0.224 0.685 0.219 0.671 0.217 0.656 0.217 0.615 0.22 0.595 0.232 0.564 0.234 0.543 0.238 0.529 0.248 0.51 0.264 0.493 0.28 0.486 0.301 0.485 0.371 0.498 0.395 0.51 0.406 0.52 0.42 0.54 0.429 0.547 0.437 0.557 0.444 0.571 0.45 0.591 0.45 0.612 0.445 0.657 0.438 0.677 0.421 0.702 0.408 0.714 0.395 0.719 0.383 0.72 0.356 0.729
0 0.196 0.482 0.176 0.479 0.154 0.479 0.142 0.474 0.131 0.464 0.119 0.447 0.112 0.431 0.108 0.411 0.108 0.393 0.112 0.368 0.125 0.34 0.145 0.311 0.171 0.283 0.182 0.275 0.197 0.269 0.214 0.268 0.227 0.272 0.238 0.278 0.248 0.287 0.256 0.298 0.266 0.324 0.268 0.339 0.268 0.36 0.259 0.403 0.249 0.43 0.239 0.448 0.229 0.462 0.217 0.473 0.207 0.479 0.196 0.482
0 0.523 0.755 0.508 0.755 0.497 0.752 0.482 0.744 0.468 0.731 0.457 0.716 0.451 0.699 0.447 0.68 0.447 0.657 0.45 0.638 0.458 0.613 0.463 0.575 0.467 0.561 0.474 0.547 0.486 0.534 0.511 0.512 0.523 0.507 0.538 0.506 0.549 0.509 0.56 0.514 0.57 0.524 0.58 0.539 0.587 0.558 0.59 0.587 0.609 0.604 0.616 0.614 0.623 0.629 0.627 0.649 0.628 0.672 0.624 0.695 0.617 0.712 0.607 0.727 0.597 0.736 0.585 0.743 0.563 0.75 0.523 0.755
0 0.49 0.533 0.443 0.533 0.427 0.529 0.409 0.518 0.393 0.497 0.385 0.471 0.38 0.409 0.382 0.394 0.387 0.38 0.394 0.367 0.405 0.353 0.417 0.345 0.431 0.341 0.466 0.346 0.489 0.36 0.505 0.373 0.541 0.393 0.551 0.402 0.561 0.417 0.568 0.437 0.57 0.464 0.565 0.489 0.557 0.507 0.545 0.52 0.53 0.529 0.519 0.532 0.5 0.53 0.49 0.533
0 0.661 0.591 0.644 0.59 0.626 0.583 0.6 0.562 0.583 0.539 0.572 0.521 0.562 0.491 0.56 0.476 0.56 0.444 0.562 0.408 0.565 0.392 0.571 0.376 0.581 0.361 0.591 0.351 0.602 0.346 0.613 0.343 0.634 0.346 0.652 0.358 0.665 0.377 0.685 0.379 0.701 0.387 0.711 0.396 0.719 0.407 0.729 0.427 0.733 0.441 0.737 0.495 0.734 0.513 0.728 0.53 0.718 0.545 0.704 0.556 0.698 0.566 0.687 0.579 0.675 0.587 0.661 0.591
0 0.655 0.389 0.642 0.388 0.631 0.385 0.605 0.365 0.595 0.362 0.584 0.356 0.567 0.337 0.56 0.323 0.555 0.31 0.553 0.295 0.554 0.271 0.556 0.257 0.563 0.24 0.569 0.228 0.584 0.209 0.601 0.193 0.612 0.187 0.623 0.184 0.638 0.185 0.651 0.19 0.664 0.202 0.677 0.223 0.681 0.239 0.691 0.257 0.703 0.289 0.705 0.308 0.705 0.326 0.702 0.339 0.696 0.356 0.686 0.371 0.676 0.38 0.666 0.386 0.655 0.389
0 0.512 0.32 0.491 0.317 0.471 0.303 0.447 0.27 0.438 0.245 0.435 0.218 0.438 0.203 0.442 0.189 0.455 0.168 0.465 0.159 0.475 0.153 0.486 0.15 0.499 0.151 0.51 0.154 0.522 0.162 0.549 0.198 0.556 0.211 0.561 0.225 0.563 0.24 0.562 0.257 0.56 0.271 0.554 0.287 0.544 0.302 0.534 0.311 0.523 0.317 0.512 0.32
0 0.325 0.524 0.309 0.523 0.297 0.518 0.284 0.507 0.274 0.491 0.267 0.475 0.264 0.457 0.265 0.436 0.269 0.42 0.276 0.405 0.284 0.394 0.321 0.355 0.336 0.337 0.347 0.327 0.359 0.321 0.37 0.318 0.385 0.319 0.397 0.325 0.409 0.334 0.417 0.344 0.427 0.367 0.43 0.381 0.43 0.398 0.425 0.423 0.417 0.441 0.391 0.471 0.347 0.515 0.336 0.522 0.325 0.524
0 0.344 0.368 0.328 0.367 0.316 0.362 0.303 0.351 0.293 0.335 0.287 0.319 0.284 0.301 0.284 0.28 0.29 0.259 0.297 0.246 0.309 0.232 0.332 0.215 0.367 0.197 0.377 0.194 0.39 0.193 0.402 0.196 0.412 0.202 0.428 0.219 0.435 0.232 0.439 0.246 0.441 0.273 0.439 0.288 0.435 0.302 0.422 0.323 0.411 0.334 0.395 0.343 0.378 0.35 0.358 0.364 0.344 0.368
0 0.533 0.431 0.512 0.428 0.483 0.412 0.453 0.401 0.44 0.393 0.429 0.379 0.422 0.366 0.417 0.352 0.415 0.324 0.417 0.309 0.422 0.295 0.434 0.274 0.444 0.265 0.455 0.259 0.466 0.257 0.482 0.258 0.512 0.268 0.54 0.282 0.559 0.295 0.57 0.308 0.579 0.326 0.583 0.346 0.583 0.368 0.579 0.387 0.57 0.405 0.559 0.419 0.547 0.427 0.533 0.43
