0 0.855 1.0 0.547 1.0 0.5 0.97 0.475 0.959 0.457 0.947 0.451 0.936 0.451 0.924 0.455 0.919 0.455 0.908 0.455 0.886 0.453 0.884 0.453 0.874 0.454 0.872 0.458 0.871 0.451 0.836 0.453 0.804 0.466 0.777 0.475 0.762 0.486 0.753 0.487 0.747 0.498 0.73 0.509 0.719 0.525 0.711 0.53 0.706 0.53 0.697 0.524 0.684 0.521 0.669 0.529 0.644 0.535 0.638 0.543 0.634 0.547 0.629 0.572 0.622 0.582 0.616 0.596 0.612 0.611 0.613 0.631 0.622 0.659 0.622 0.688 0.627 0.777 0.624 0.798 0.625 0.81 0.628 0.856 0.646 0.926 0.657 0.943 0.67 0.95 0.686 0.962 0.693 0.972 0.714 0.973 0.723 0.977 0.73 0.98 0.747 0.962 0.78 0.95 0.792 0.949 0.811 0.955 0.825 0.96 0.832 0.966 0.836 0.976 0.837 0.982 0.845 0.985 0.857 0.983 0.882 0.974 0.9 0.948 0.928 0.93 0.94 0.909 0.957 0.874 0.977 0.855 1.0
0 0.263 0.992 0.176 0.992 0.164 0.986 0.146 0.966 0.136 0.958 0.133 0.953 0.113 0.938 0.102 0.92 0.093 0.882 0.095 0.872 0.094 0.852 0.097 0.839 0.105 0.818 0.107 0.804 0.114 0.789 0.126 0.735 0.142 0.693 0.161 0.663 0.168 0.659 0.2 0.65 0.234 0.636 0.264 0.631 0.292 0.623 0.31 0.615 0.334 0.609 0.349 0.606 0.359 0.606 0.377 0.612 0.399 0.626 0.418 0.635 0.427 0.64 0.45 0.667 0.465 0.679 0.469 0.688 0.481 0.7 0.496 0.725 0.496 0.729 0.487 0.742 0.486 0.755 0.476 0.769 0.464 0.781 0.452 0.811 0.452 0.825 0.456 0.836 0.455 0.864 0.458 0.899 0.455 0.917 0.45 0.926 0.449 0.92 0.435 0.93 0.397 0.952 0.366 0.974 0.347 0.98 0.312 0.987 0.279 0.986 0.263 0.992
0 0.0 0.327 0.004 0.321 0.024 0.301 0.051 0.287 0.09 0.277 0.12 0.273 0.147 0.266 0.158 0.265 0.173 0.259 0.181 0.259 0.196 0.263 0.22 0.265 0.235 0.273 0.259 0.28 0.267 0.285 0.283 0.299 0.305 0.328 0.314 0.343 0.33 0.354 0.351 0.361 0.362 0.367 0.365 0.374 0.367 0.388 0.402 0.427 0.42 0.456 0.434 0.468 0.445 0.482 0.462 0.506 0.465 0.518 0.459 0.531 0.444 0.551 0.434 0.56 0.42 0.567 0.361 0.585 0.351 0.591 0.335 0.596 0.313 0.599 0.308 0.602 0.292 0.604 0.29 0.607 0.283 0.607 0.27 0.612 0.24 0.615 0.222 0.615 0.192 0.611 0.154 0.602 0.14 0.59 0.127 0.583 0.118 0.572 0.103 0.565 0.092 0.557 0.08 0.553 0.043 0.526 0.039 0.52 0.004 0.488 0.0 0.476
0 0.557 0.584 0.531 0.583 0.509 0.578 0.474 0.562 0.462 0.552 0.454 0.537 0.465 0.519 0.464 0.509 0.439 0.473 0.42 0.455 0.401 0.424 0.367 0.389 0.367 0.37 0.372 0.369 0.401 0.37 0.428 0.367 0.444 0.358 0.465 0.354 0.489 0.345 0.506 0.335 0.515 0.326 0.526 0.318 0.574 0.317 0.596 0.3 0.619 0.27 0.626 0.267 0.633 0.266 0.64 0.275 0.657 0.285 0.68 0.313 0.688 0.319 0.694 0.321 0.696 0.324 0.702 0.346 0.718 0.377 0.721 0.39 0.72 0.402 0.697 0.464 0.671 0.497 0.663 0.511 0.64 0.535 0.625 0.555 0.614 0.566 0.585 0.58 0.557 0.584
0 0.999 0.666 0.949 0.659 0.922 0.657 0.897 0.652 0.854 0.646 0.829 0.638 0.799 0.624 0.782 0.609 0.757 0.572 0.752 0.546 0.755 0.506 0.752 0.493 0.747 0.487 0.74 0.485 0.732 0.479 0.711 0.47 0.704 0.462 0.702 0.455 0.705 0.44 0.716 0.414 0.72 0.398 0.727 0.388 0.732 0.386 0.753 0.383 0.784 0.385 0.787 0.383 0.788 0.369 0.8 0.357 0.807 0.357 0.819 0.359 0.844 0.336 0.877 0.313 0.885 0.305 0.897 0.299 0.905 0.292 0.933 0.281 0.969 0.262 0.984 0.257 1.0 0.258 0.999 0.666
0 0.69 0.627 0.678 0.623 0.668 0.624 0.66 0.621 0.632 0.621 0.609 0.612 0.593 0.611 0.585 0.614 0.573 0.599 0.571 0.585 0.573 0.582 0.588 0.578 0.617 0.563 0.64 0.533 0.659 0.515 0.671 0.495 0.683 0.483 0.7 0.476 0.724 0.474 0.737 0.48 0.742 0.484 0.747 0.485 0.755 0.494 0.756 0.505 0.752 0.536 0.758 0.572 0.784 0.609 0.797 0.619 0.803 0.625 0.791 0.624 0.761 0.625 0.75 0.623 0.744 0.625 0.69 0.627
0 0.489 0.7 0.48 0.698 0.472 0.691 0.462 0.674 0.452 0.666 0.421 0.634 0.399 0.625 0.386 0.615 0.368 0.607 0.359 0.605 0.349 0.606 0.31 0.615 0.283 0.625 0.267 0.625 0.259 0.628 0.252 0.613 0.307 0.598 0.337 0.592 0.408 0.568 0.419 0.564 0.439 0.552 0.454 0.538 0.461 0.547 0.474 0.557 0.487 0.566 0.507 0.572 0.512 0.576 0.529 0.58 0.57 0.58 0.573 0.599 0.583 0.614 0.573 0.621 0.548 0.628 0.545 0.633 0.531 0.641 0.526 0.651 0.521 0.668 0.524 0.686 0.516 0.691 0.489 0.7
0 0.598 0.0 0.601 0.014 0.597 0.034 0.597 0.041 0.601 0.046 0.607 0.047 0.613 0.051 0.619 0.06 0.627 0.108 0.642 0.118 0.644 0.125 0.652 0.131 0.679 0.14 0.69 0.149 0.707 0.152 0.714 0.157 0.725 0.179 0.728 0.198 0.727 0.216 0.71 0.242 0.69 0.257 0.681 0.26 0.651 0.264 0.622 0.27 0.613 0.279 0.597 0.303 0.579 0.316 0.571 0.32 0.554 0.321 0.546 0.319 0.527 0.32 0.519 0.325 0.508 0.337 0.488 0.348 0.443 0.36 0.426 0.37 0.404 0.372 0.365 0.371 0.349 0.362 0.321 0.351 0.312 0.344 0.305 0.331 0.278 0.297 0.26 0.284 0.229 0.271 0.222 0.264 0.212 0.247 0.207 0.2 0.216 0.18 0.214 0.152 0.222 0.13 0.218 0.095 0.218 0.066 0.222 0.048 0.227 0.038 0.237 0.026 0.249 0.017 0.259 0.006 0.261 0.0
0 0.01 0.312 0.006 0.31 0.002 0.31 0.002 0.133 0.041 0.118 0.065 0.115 0.086 0.114 0.112 0.118 0.141 0.126 0.181 0.148 0.201 0.163 0.216 0.177 0.215 0.185 0.209 0.195 0.208 0.206 0.212 0.242 0.225 0.266 0.174 0.259 0.16 0.264 0.147 0.265 0.115 0.274 0.092 0.277 0.066 0.284 0.055 0.285 0.025 0.3 0.017 0.308 0.01 0.312
0 0.127 0.66 0.107 0.657 0.088 0.651 0.078 0.655 0.075 0.659 0.066 0.659 0.058 0.657 0.06 0.659 0.053 0.66 0.04 0.65 0.018 0.642 0.013 0.642 0.005 0.655 0.001 0.654 0.001 0.479 0.018 0.5 0.03 0.509 0.038 0.52 0.045 0.523 0.082 0.551 0.093 0.555 0.12 0.571 0.13 0.582 0.147 0.594 0.164 0.601 0.204 0.613 0.241 0.614 0.242 0.619 0.238 0.624 0.233 0.625 0.22 0.632 0.199 0.64 0.184 0.649 0.158 0.656 0.127 0.66
0 0.873 0.0 0.877 0.006 0.876 0.008 0.882 0.011 0.898 0.013 0.921 0.013 0.942 0.011 0.957 0.012 0.986 0.02 1.0 0.027 1.0 0.26 0.978 0.261 0.962 0.266 0.935 0.281 0.906 0.293 0.89 0.302 0.834 0.345 0.819 0.349 0.795 0.352 0.779 0.352 0.763 0.348 0.719 0.329 0.7 0.323 0.688 0.323 0.676 0.314 0.65 0.28 0.641 0.273 0.641 0.266 0.683 0.258 0.694 0.253 0.707 0.243 0.726 0.217 0.728 0.211 0.728 0.194 0.724 0.174 0.714 0.157 0.704 0.151 0.69 0.15 0.68 0.14 0.651 0.13 0.643 0.123 0.641 0.118 0.634 0.112 0.649 0.11 0.66 0.105 0.671 0.096 0.676 0.086 0.731 0.055 0.777 0.016 0.781 0.01 0.784 0.0
0 0.635 0.105 0.632 0.104 0.625 0.098 0.625 0.09 0.62 0.074 0.621 0.067 0.618 0.057 0.61 0.049 0.597 0.04 0.597 0.022 0.6 0.014 0.599 0.002 0.802 0.002 0.802 0.015 0.8 0.014 0.797 0.015 0.797 0.019 0.784 0.024 0.775 0.025 0.768 0.03 0.765 0.026 0.757 0.024 0.746 0.031 0.736 0.034 0.728 0.045 0.709 0.054 0.703 0.061 0.7 0.07 0.696 0.074 0.686 0.081 0.672 0.086 0.651 0.1 0.635 0.105
0 0.207 0.13 0.194 0.127 0.187 0.122 0.186 0.118 0.177 0.113 0.168 0.113 0.162 0.118 0.143 0.124 0.127 0.12 0.113 0.113 0.113 0.101 0.107 0.094 0.108 0.092 0.102 0.085 0.102 0.074 0.096 0.058 0.088 0.053 0.078 0.042 0.062 0.03 0.053 0.017 0.048 0.001 0.264 0.001 0.252 0.016 0.237 0.027 0.226 0.04 0.218 0.076 0.222 0.125 0.207 0.13
0 0.081 0.89 0.072 0.89 0.063 0.887 0.039 0.866 0.027 0.852 0.027 0.834 0.028 0.831 0.022 0.825 0.019 0.818 0.019 0.8 0.021 0.779 0.013 0.764 0.009 0.736 0.0 0.723 0.0 0.653 0.024 0.643 0.041 0.652 0.056 0.655 0.09 0.655 0.1 0.654 0.115 0.657 0.155 0.656 0.167 0.654 0.177 0.649 0.177 0.653 0.165 0.658 0.159 0.663 0.138 0.701 0.125 0.736 0.118 0.762 0.114 0.787 0.107 0.802 0.099 0.832 0.1 0.876 0.095 0.884 0.088 0.889 0.081 0.8
