0 0.656 0.9 0.626 0.895 0.586 0.872 0.571 0.854 0.56 0.826 0.555 0.786 0.558 0.779 0.569 0.773 0.557 0.761 0.557 0.739 0.567 0.719 0.595 0.692 0.629 0.683 0.657 0.69 0.703 0.725 0.721 0.748 0.73 0.768 0.733 0.789 0.732 0.819 0.717 0.868 0.69 0.893 0.656 0.9
0 0.749 0.738 0.724 0.731 0.667 0.683 0.654 0.637 0.66 0.594 0.679 0.555 0.699 0.534 0.727 0.523 0.768 0.524 0.8 0.539 0.828 0.573 0.839 0.62 0.835 0.671 0.819 0.7 0.796 0.719 0.749 0.738
0 0.557 0.661 0.527 0.661 0.519 0.642 0.507 0.624 0.479 0.601 0.471 0.573 0.473 0.53 0.485 0.495 0.508 0.466 0.537 0.452 0.572 0.453 0.6 0.469 0.621 0.497 0.632 0.541 0.623 0.594 0.613 0.618 0.579 0.638 0.557 0.661
0 0.341 0.471 0.319 0.466 0.288 0.45 0.261 0.415 0.253 0.394 0.252 0.375 0.257 0.332 0.268 0.303 0.281 0.284 0.315 0.253 0.351 0.24 0.395 0.245 0.433 0.3 0.441 0.33 0.438 0.361 0.425 0.396 0.395 0.439 0.378 0.456 0.341 0.471
0 0.561 0.382 0.526 0.375 0.506 0.349 0.484 0.287 0.489 0.249 0.503 0.213 0.54 0.172 0.581 0.153 0.616 0.159 0.646 0.187 0.66 0.211 0.665 0.237 0.66 0.278 0.644 0.32 0.619 0.356 0.594 0.374 0.561 0.382
0 0.749 0.405 0.724 0.402 0.704 0.386 0.677 0.346 0.664 0.311 0.663 0.284 0.672 0.241 0.695 0.21 0.707 0.2 0.731 0.197 0.762 0.203 0.794 0.242 0.81 0.284 0.812 0.335 0.797 0.374 0.78 0.392 0.749 0.405
0 0.946 0.72 0.885 0.67 0.868 0.621 0.865 0.574 0.878 0.516 0.893 0.488 0.905 0.473 0.922 0.464 0.957 0.459 0.98 0.478 0.998 0.511 0.999 0.616 0.987 0.683 0.97 0.705 0.946 0.72
0 0.819 0.998 0.723 0.997 0.722 0.989 0.73 0.961 0.747 0.93 0.775 0.909 0.813 0.898 0.85 0.907 0.867 0.919 0.888 0.953 0.897 0.991 0.895 0.997 0.819 0.998
0 0.565 0.999 0.465 0.999 0.462 0.994 0.463 0.979 0.474 0.95 0.509 0.909 0.537 0.887 0.569 0.88 0.597 0.89 0.627 0.918 0.642 0.953 0.646 0.991 0.645 0.998 0.565 0.999
0 0.353 0.999 0.193 0.999 0.176 0.976 0.164 0.95 0.16 0.917 0.164 0.885 0.18 0.856 0.217 0.823 0.248 0.819 0.3 0.832 0.327 0.854 0.342 0.876 0.354 0.906 0.359 0.931 0.36 0.97 0.353 0.999
0 0.44 0.959 0.406 0.953 0.38 0.936 0.37 0.916 0.372 0.896 0.357 0.889 0.35 0.876 0.349 0.839 0.362 0.795 0.388 0.76 0.416 0.741 0.467 0.731 0.499 0.748 0.517 0.768 0.531 0.803 0.534 0.848 0.522 0.887 0.51 0.905 0.463 0.95 0.44 0.959
0 0.186 0.435 0.153 0.43 0.12 0.406 0.106 0.387 0.09 0.344 0.085 0.283 0.094 0.235 0.114 0.205 0.135 0.191 0.166 0.189 0.201 0.206 0.229 0.242 0.248 0.292 0.25 0.353 0.234 0.401 0.214 0.428 0.186 0.435
0 0.28 0.278 0.252 0.273 0.238 0.259 0.236 0.246 0.211 0.215 0.207 0.191 0.209 0.17 0.222 0.125 0.252 0.079 0.287 0.057 0.324 0.06 0.36 0.087 0.379 0.118 0.383 0.14 0.377 0.183 0.371 0.209 0.35 0.238 0.321 0.248 0.28 0.278
0 0.551 0.0 0.57 0.035 0.577 0.06 0.574 0.109 0.568 0.134 0.557 0.161 0.53 0.181 0.501 0.214 0.474 0.219 0.446 0.211 0.426 0.191 0.418 0.169 0.413 0.111 0.421 0.059 0.44 0.023 0.462 0.0
0 0.786 0.0 0.795 0.002 0.803 0.01 0.811 0.037 0.81 0.084 0.805 0.107 0.793 0.134 0.776 0.158 0.749 0.181 0.724 0.191 0.708 0.188 0.688 0.172 0.664 0.137 0.66 0.123 0.668 0.067 0.695 0.0
0 0.926 0.283 0.887 0.278 0.88 0.27 0.864 0.244 0.854 0.216 0.844 0.167 0.857 0.117 0.893 0.065 0.917 0.042 0.941 0.038 0.955 0.043 0.976 0.06 0.997 0.098 0.999 0.176 0.989 0.208 0.968 0.247 0.942 0.274 0.926 0.283
0 0.974 0.469 0.96 0.46 0.929 0.462 0.911 0.467 0.897 0.467 0.889 0.462 0.821 0.396 0.82 0.356 0.823 0.342 0.852 0.299 0.89 0.275 0.916 0.279 0.953 0.299 0.985 0.339 0.996 0.375 0.996 0.401 0.99 0.435 0.984 0.454 0.974 0.469
0 0.839 0.603 0.824 0.566 0.801 0.538 0.772 0.526 0.728 0.52 0.723 0.497 0.714 0.492 0.712 0.483 0.72 0.452 0.74 0.413 0.774 0.398 0.813 0.402 0.852 0.431 0.886 0.478 0.889 0.493 0.879 0.513 0.868 0.552 0.864 0.593 0.839 0.603
0 0.895 0.883 0.846 0.878 0.817 0.842 0.805 0.803 0.805 0.763 0.82 0.718 0.84 0.697 0.871 0.676 0.903 0.684 0.939 0.716 0.957 0.738 0.969 0.773 0.969 0.804 0.963 0.827 0.953 0.838 0.939 0.841 0.919 0.854 0.895 0.883
0 0.999 0.998 0.896 0.998 0.887 0.947 0.89 0.903 0.902 0.873 0.926 0.847 0.947 0.838 0.972 0.841 0.997 0.862 0.999 0.865 0.999 0.998
0 0.146 0.736 0.085 0.721 0.066 0.722 0.053 0.704 0.035 0.658 0.034 0.61 0.044 0.579 0.063 0.548 0.096 0.521 0.132 0.512 0.155 0.516 0.171 0.524 0.188 0.547 0.211 0.609 0.211 0.642 0.194 0.683 0.169 0.721 0.146 0.736
0 0.0 0.782 0.01 0.759 0.03 0.736 0.055 0.724 0.076 0.723 0.095 0.729 0.121 0.748 0.133 0.764 0.138 0.786 0.134 0.879 0.121 0.9 0.101 0.916 0.038 0.936 0.031 0.924 0.033 0.905 0.029 0.892 0.0 0.859
0 0.161 0.935 0.142 0.911 0.133 0.86 0.138 0.812 0.157 0.776 0.186 0.757 0.219 0.757 0.249 0.776 0.275 0.808 0.279 0.822 0.229 0.82 0.208 0.829 0.185 0.852 0.173 0.865 0.164 0.885 0.16 0.903 0.161 0.935
0 0.303 0.807 0.275 0.805 0.234 0.763 0.223 0.73 0.22 0.689 0.233 0.639 0.263 0.592 0.291 0.572 0.33 0.574 0.358 0.596 0.377 0.632 0.383 0.665 0.377 0.734 0.36 0.777 0.351 0.786 0.329 0.801 0.303 0.807
0 0.523 0.772 0.503 0.75 0.495 0.734 0.486 0.728 0.417 0.742 0.385 0.764 0.378 0.742 0.377 0.718 0.388 0.66 0.406 0.631 0.434 0.609 0.472 0.597 0.474 0.603 0.5 0.616 0.52 0.64 0.534 0.686 0.535 0.72 0.523 0.772
0 0.229 0.0 0.247 0.047 0.247 0.059 0.23 0.043 0.226 0.091 0.208 0.142 0.173 0.19 0.143 0.189 0.124 0.197 0.116 0.196 0.083 0.162 0.075 0.16 0.064 0.138 0.059 0.103 0.047 0.062 0.049 0.03 0.06 0.0
0 0.382 0.0 0.37 0.037 0.343 0.072 0.321 0.062 0.295 0.059 0.26 0.074 0.232 0.046 0.223 0.0
0 0.39 0.652 0.381 0.651 0.371 0.617 0.352 0.588 0.334 0.576 0.312 0.57 0.312 0.532 0.316 0.499 0.33 0.477 0.379 0.456 0.399 0.436 0.405 0.435 0.432 0.452 0.451 0.483 0.458 0.51 0.46 0.555 0.45 0.585 0.39 0.652
0 0.633 0.534 0.621 0.499 0.608 0.478 0.585 0.457 0.567 0.45 0.564 0.42 0.567 0.392 0.571 0.379 0.601 0.368 0.638 0.329 0.644 0.328 0.675 0.344 0.707 0.392 0.713 0.412 0.714 0.434 0.708 0.463 0.696 0.487 0.657 0.507 0.633 0.534
0 0.48 0.504 0.457 0.502 0.45 0.48 0.437 0.459 0.402 0.433 0.432 0.38 0.44 0.347 0.44 0.318 0.464 0.302 0.487 0.298 0.506 0.345 0.521 0.369 0.533 0.377 0.563 0.384 0.564 0.42 0.555 0.45 0.51 0.466 0.48 0.504
0 0.44 0.315 0.399 0.25 0.351 0.239 0.371 0.206 0.384 0.145 0.414 0.141 0.426 0.187 0.433 0.2 0.445 0.208 0.467 0.216 0.501 0.213 0.486 0.265 0.484 0.285 0.488 0.297 0.461 0.303 0.44 0.315
0 0.231 0.636 0.214 0.63 0.206 0.592 0.187 0.544 0.171 0.522 0.17 0.508 0.184 0.436 0.214 0.426 0.23 0.407 0.242 0.379 0.252 0.379 0.26 0.413 0.292 0.458 0.298 0.473 0.307 0.513 0.307 0.554 0.304 0.571 0.281 0.577 0.266 0.589 0.231 0.636
0 0.058 0.551 0.029 0.457 0.057 0.42 0.074 0.372 0.079 0.323 0.087 0.322 0.095 0.361 0.119 0.403 0.152 0.429 0.183 0.437 0.169 0.521 0.154 0.514 0.124 0.512 0.086 0.526 0.058 0.551
0 0.0 0.221 0.023 0.224 0.052 0.246 0.07 0.276 0.079 0.311 0.076 0.367 0.057 0.422 0.041 0.446 0.029 0.455 0.012 0.466 0.0 0.466
0 0.0 0.466 0.023 0.459 0.027 0.462 0.047 0.513 0.054 0.544 0.052 0.562 0.038 0.594 0.032 0.618 0.018 0.636 0.0 0.648
0 0.0 0.866 0.002 0.861 0.007 0.865 0.029 0.891 0.034 0.906 0.031 0.925 0.038 0.936 0.023 0.964 0.019 0.999 0.0 0.999
0 0.119 0.998 0.023 0.998 0.018 0.996 0.019 0.977 0.028 0.949 0.048 0.928 0.081 0.919 0.114 0.918 0.137 0.923 0.157 0.936 0.174 0.971 0.191 0.996 0.119 0.998
0 0.553 0.784 0.534 0.777 0.537 0.772 0.533 0.742 0.536 0.703 0.548 0.672 0.569 0.645 0.603 0.625 0.631 0.621 0.648 0.631 0.661 0.657 0.663 0.682 0.684 0.7 0.684 0.708 0.649 0.685 0.629 0.684 0.594 0.697 0.573 0.715 0.558 0.735 0.555 0.756 0.566 0.774 0.553 0.784
0 0.651 0.631 0.625 0.621 0.623 0.615 0.63 0.573 0.643 0.523 0.662 0.504 0.681 0.495 0.704 0.493 0.721 0.5 0.727 0.522 0.696 0.537 0.682 0.553 0.662 0.591 0.651 0.631
0 0.755 0.921 0.713 0.874 0.731 0.829 0.734 0.789 0.726 0.756 0.707 0.727 0.71 0.724 0.733 0.736 0.751 0.737 0.796 0.721 0.809 0.739 0.804 0.766 0.804 0.798 0.815 0.844 0.802 0.871 0.755 0.921
0 0.721 0.997 0.646 0.997 0.641 0.951 0.617 0.903 0.625 0.898 0.677 0.898 0.713 0.877 0.722 0.884 0.754 0.923 0.731 0.959 0.721 0.997
0 0.817 0.355 0.809 0.351 0.813 0.321 0.812 0.296 0.798 0.249 0.776 0.217 0.742 0.198 0.743 0.191 0.758 0.193 0.778 0.177 0.803 0.169 0.829 0.172 0.848 0.18 0.86 0.228 0.885 0.277 0.848 0.304 0.817 0.355
0 0.987 0.0 0.992 0.005 0.994 0.003 0.994 0.013 0.989 0.015 0.994 0.02 0.994 0.053 0.992 0.049 0.988 0.056 0.992 0.063 0.994 0.06 0.994 0.089 0.984 0.067 0.973 0.054 0.955 0.041 0.942 0.038 0.914 0.044 0.895 0.06 0.883 0.077 0.851 0.075 0.849 0.073 0.854 0.063 0.84 0.054 0.821 0.0
0 0.694 0.0 0.665 0.071 0.644 0.095 0.621 0.107 0.576 0.101 0.577 0.058 0.561 0.015 0.569 0.01 0.557 0.0
0 0.389 0.143 0.383 0.142 0.38 0.122 0.365 0.092 0.345 0.072 0.371 0.035 0.382 0.0 0.407 0.0 0.436 0.031 0.417 0.072 0.413 0.105 0.415 0.139 0.389 0.143
0 0.462 0.0 0.438 0.03 0.419 0.018 0.406 0.0
0 0.095 0.329 0.077 0.329 0.076 0.301 0.068 0.273 0.055 0.251 0.03 0.226 0.032 0.207 0.046 0.183 0.081 0.158 0.098 0.17 0.109 0.189 0.091 0.273 0.095 0.329
0 0.0 0.05 0.026 0.062 0.051 0.091 0.059 0.104 0.062 0.128 0.074 0.159 0.042 0.186 0.031 0.211 0.029 0.226 0.0 0.217
0 0.674 0.343 0.639 0.325 0.656 0.285 0.664 0.252 0.664 0.223 0.651 0.194 0.613 0.157 0.581 0.153 0.556 0.162 0.56 0.155 0.591 0.136 0.636 0.131 0.666 0.14 0.684 0.166 0.71 0.188 0.742 0.186 0.749 0.196 0.749 0.201 0.726 0.197 0.705 0.202 0.674 0.238 0.664 0.284 0.664 0.303 0.674 0.343
0 0.41 0.997 0.355 0.997 0.36 0.97 0.357 0.915 0.341 0.875 0.324 0.852 0.302 0.832 0.308 0.821 0.367 0.785 0.35 0.832 0.349 0.867 0.357 0.89 0.372 0.897 0.37 0.916 0.374 0.928 0.394 0.947 0.418 0.957 0.46 0.956 0.41 0.997
0 0.0 0.649 0.032 0.626 0.036 0.666 0.063 0.722 0.038 0.73 0.011 0.753 0.0 0.708
0 0.821 0.0 0.842 0.071 0.856 0.083 0.876 0.086 0.876 0.09 0.857 0.116 0.845 0.154 0.833 0.173 0.803 0.17 0.777 0.178 0.759 0.194 0.743 0.19 0.743 0.184 0.77 0.165 0.792 0.137 0.808 0.095 0.812 0.047 0.807 0.023 0.798 0.004 0.786 0.005 0.785 0.0
0 0.805 0.753 0.788 0.726 0.818 0.702 0.833 0.677 0.839 0.644 0.837 0.603 0.863 0.593 0.878 0.663 0.867 0.678 0.821 0.716 0.805 0.753
0 0.886 0.949 0.861 0.914 0.824 0.902 0.79 0.905 0.756 0.923 0.781 0.892 0.808 0.868 0.828 0.865 0.852 0.879 0.897 0.884 0.886 0.949
0 0.467 0.967 0.464 0.966 0.462 0.952 0.484 0.933 0.513 0.9 0.531 0.863 0.534 0.832 0.524 0.781 0.551 0.782 0.559 0.826 0.572 0.857 0.587 0.876 0.622 0.897 0.613 0.902 0.6 0.891 0.572 0.881 0.54 0.886 0.523 0.896 0.493 0.926 0.478 0.946 0.467 0.967
0 0.138 0.809 0.137 0.781 0.13 0.759 0.115 0.743 0.084 0.724 0.145 0.735 0.177 0.71 0.186 0.712 0.201 0.734 0.207 0.754 0.183 0.759 0.167 0.768 0.15 0.787 0.138 0.809
0 0.0 0.0 0.06 0.001 0.052 0.02 0.047 0.047 0.047 0.063 0.059 0.1 0.028 0.065 0.0 0.05
0 0.824 0.407 0.8 0.399 0.77 0.397 0.791 0.382 0.805 0.358 0.818 0.364 0.824 0.407
0 0.993 0.353 0.964 0.31 0.921 0.282 0.955 0.262 0.975 0.238 0.987 0.264 0.995 0.302 0.996 0.331 0.993 0.353
0 0.21 0.216 0.181 0.193 0.181 0.185 0.202 0.154 0.217 0.123 0.226 0.088 0.229 0.059 0.243 0.059 0.261 0.073 0.238 0.099 0.222 0.131 0.209 0.18 0.21 0.216
0 0.567 0.154 0.563 0.151 0.563 0.145 0.577 0.097 0.608 0.107 0.624 0.106 0.649 0.091 0.667 0.069 0.661 0.107 0.655 0.116 0.659 0.136 0.61 0.133 0.59 0.138 0.567 0.15
