0 0.498 0.563 0.444 0.563 0.431 0.554 0.397 0.511 0.382 0.468 0.38 0.439 0.381 0.417 0.395 0.375 0.41 0.343 0.432 0.311 0.445 0.299 0.463 0.291 0.489 0.291 0.505 0.296 0.52 0.305 0.535 0.321 0.549 0.344 0.556 0.362 0.568 0.418 0.57 0.467 0.555 0.521 0.541 0.545 0.526 0.558 0.498 0.563
0 0.173 0.543 0.157 0.543 0.148 0.539 0.122 0.515 0.1 0.474 0.08 0.412 0.08 0.382 0.088 0.355 0.113 0.321 0.151 0.302 0.173 0.303 0.192 0.31 0.215 0.327 0.228 0.343 0.241 0.366 0.253 0.395 0.258 0.416 0.257 0.459 0.253 0.474 0.243 0.49 0.225 0.512 0.202 0.53 0.186 0.54 0.173 0.543
0 0.555 0.315 0.532 0.313 0.51 0.298 0.484 0.289 0.471 0.268 0.451 0.217 0.442 0.2 0.435 0.179 0.434 0.155 0.437 0.131 0.447 0.097 0.474 0.053 0.506 0.029 0.53 0.023 0.547 0.023 0.573 0.035 0.585 0.045 0.616 0.084 0.629 0.116 0.633 0.143 0.633 0.182 0.625 0.227 0.617 0.254 0.606 0.277 0.59 0.297 0.568 0.312 0.555 0.315
0 0.101 0.336 0.076 0.336 0.068 0.331 0.049 0.313 0.031 0.288 0.01 0.241 0.007 0.199 0.01 0.179 0.017 0.159 0.042 0.126 0.076 0.105 0.106 0.101 0.148 0.116 0.166 0.133 0.18 0.152 0.188 0.17 0.192 0.191 0.193 0.241 0.17 0.279 0.161 0.302 0.144 0.305 0.126 0.314 0.112 0.324 0.101 0.336
0 0.397 0.0 0.409 0.023 0.416 0.051 0.414 0.075 0.416 0.095 0.409 0.129 0.401 0.149 0.382 0.174 0.351 0.196 0.335 0.216 0.327 0.22 0.286 0.215 0.272 0.206 0.259 0.19 0.241 0.155 0.233 0.103 0.235 0.064 0.243 0.035 0.253 0.014 0.264 0.0
0 0.0 0.525 0.021 0.495 0.045 0.48 0.07 0.474 0.099 0.474 0.117 0.508 0.13 0.525 0.151 0.541 0.169 0.544 0.173 0.56 0.173 0.631 0.161 0.647 0.132 0.7 0.114 0.718 0.087 0.73 0.049 0.729 0.024 0.709 0.0 0.673
0 0.0 0.786 0.026 0.764 0.051 0.753 0.07 0.753 0.103 0.764 0.122 0.777 0.134 0.792 0.148 0.831 0.154 0.867 0.151 0.904 0.144 0.943 0.129 0.97 0.111 0.99 0.103 0.995 0.089 0.998 0.004 0.998 0.0 0.993
0 0.328 0.994 0.268 0.994 0.241 0.982 0.223 0.959 0.212 0.911 0.211 0.84 0.224 0.783 0.242 0.747 0.258 0.729 0.263 0.727 0.266 0.721 0.286 0.711 0.343 0.709 0.381 0.727 0.394 0.736 0.409 0.757 0.424 0.8 0.424 0.882 0.42 0.9 0.391 0.953 0.37 0.98 0.355 0.992 0.328 0.994
0 0.512 0.998 0.486 0.993 0.461 0.979 0.449 0.968 0.433 0.938 0.425 0.912 0.424 0.893 0.425 0.82 0.441 0.769 0.454 0.746 0.463 0.736 0.48 0.722 0.5 0.715 0.531 0.717 0.549 0.731 0.565 0.749 0.585 0.797 0.594 0.828 0.601 0.874 0.601 0.906 0.597 0.929 0.59 0.948 0.58 0.964 0.557 0.987 0.544 0.992 0.512 0.998
0 0.678 0.995 0.663 0.992 0.65 0.982 0.632 0.959 0.612 0.927 0.602 0.898 0.601 0.862 0.595 0.83 0.597 0.81 0.604 0.783 0.621 0.752 0.636 0.738 0.661 0.73 0.696 0.733 0.724 0.754 0.739 0.776 0.744 0.788 0.755 0.824 0.761 0.853 0.76 0.892 0.741 0.95 0.728 0.969 0.712 0.984 0.678 0.995
0 0.999 0.999 0.966 0.998 0.94 0.982 0.918 0.954 0.908 0.933 0.901 0.908 0.901 0.858 0.905 0.849 0.911 0.814 0.928 0.761 0.944 0.737 0.959 0.724 0.977 0.715 0.999 0.71 0.999 0.999
0 0.761 0.679 0.731 0.674 0.71 0.661 0.692 0.631 0.683 0.593 0.681 0.586 0.679 0.587 0.681 0.538 0.689 0.501 0.711 0.455 0.725 0.439 0.736 0.433 0.781 0.433 0.814 0.449 0.829 0.468 0.841 0.501 0.841 0.603 0.839 0.599 0.821 0.632 0.8 0.66 0.78 0.676 0.761 0.679
0 0.21 0.854 0.175 0.851 0.152 0.831 0.131 0.786 0.127 0.742 0.13 0.722 0.138 0.7 0.157 0.662 0.175 0.634 0.192 0.618 0.222 0.611 0.243 0.618 0.255 0.635 0.273 0.652 0.285 0.679 0.289 0.712 0.263 0.73 0.242 0.751 0.231 0.768 0.218 0.804 0.21 0.854
0 0.442 0.771 0.421 0.769 0.383 0.733 0.369 0.699 0.362 0.668 0.361 0.63 0.37 0.603 0.39 0.568 0.42 0.544 0.455 0.565 0.495 0.564 0.5 0.568 0.512 0.589 0.52 0.611 0.53 0.665 0.529 0.693 0.523 0.717 0.501 0.716 0.478 0.724 0.455 0.746 0.442 0.771
0 0.999 0.472 0.972 0.461 0.953 0.446 0.924 0.385 0.916 0.356 0.914 0.338 0.918 0.29 0.942 0.219 0.958 0.197 0.998 0.172 0.999 0.472
0 0.982 0.678 0.957 0.676 0.93 0.663 0.891 0.62 0.876 0.589 0.869 0.564 0.868 0.501 0.87 0.491 0.894 0.434 0.909 0.413 0.926 0.401 1.0 0.401 1.0 0.675 0.982 0.678
0 0.875 0.858 0.832 0.85 0.811 0.84 0.8 0.827 0.791 0.809 0.781 0.763 0.783 0.73 0.797 0.664 0.821 0.631 0.837 0.62 0.872 0.616 0.878 0.622 0.897 0.63 0.932 0.666 0.942 0.705 0.944 0.735 0.922 0.778 0.911 0.815 0.905 0.849 0.875 0.858
0 0.375 0.447 0.362 0.44 0.341 0.419 0.319 0.381 0.309 0.348 0.31 0.306 0.325 0.244 0.34 0.21 0.354 0.196 0.369 0.188 0.403 0.19 0.425 0.202 0.451 0.225 0.464 0.249 0.475 0.276 0.476 0.286 0.437 0.304 0.416 0.334 0.387 0.394 0.381 0.419 0.38 0.442 0.375 0.447
0 0.3 0.656 0.273 0.652 0.251 0.633 0.233 0.597 0.224 0.561 0.224 0.511 0.243 0.489 0.253 0.468 0.257 0.448 0.258 0.414 0.273 0.406 0.282 0.407 0.292 0.413 0.309 0.407 0.326 0.409 0.338 0.416 0.353 0.431 0.359 0.442 0.365 0.458 0.372 0.491 0.374 0.519 0.372 0.545 0.359 0.592 0.344 0.622 0.331 0.637 0.318 0.649 0.3 0.656
0 0.285 0.416 0.258 0.416 0.243 0.37 0.219 0.333 0.195 0.312 0.162 0.302 0.169 0.28 0.185 0.252 0.206 0.233 0.221 0.227 0.237 0.227 0.259 0.239 0.272 0.255 0.286 0.282 0.294 0.309 0.299 0.357 0.289 0.402 0.264 0.413 0.285 0.416
0 0.243 0.0 0.236 0.012 0.232 0.037 0.235 0.052 0.233 0.083 0.236 0.122 0.212 0.15 0.191 0.161 0.185 0.16 0.171 0.139 0.15 0.116 0.113 0.103 0.101 0.081 0.09 0.053 0.078 0.0
0 0.697 0.319 0.678 0.314 0.659 0.295 0.632 0.283 0.621 0.273 0.62 0.263 0.62 0.248 0.63 0.206 0.633 0.176 0.629 0.113 0.643 0.097 0.676 0.074 0.692 0.07 0.706 0.073 0.719 0.081 0.733 0.093 0.745 0.109 0.759 0.143 0.765 0.193 0.765 0.217 0.761 0.243 0.754 0.272 0.745 0.292 0.73 0.312 0.72 0.317 0.697 0.319
0 0.914 0.326 0.899 0.314 0.888 0.3 0.876 0.266 0.872 0.245 0.872 0.227 0.879 0.178 0.889 0.149 0.902 0.125 0.919 0.097 0.936 0.075 0.957 0.062 0.981 0.059 0.999 0.052 1.0 0.172 0.983 0.181 0.962 0.198 0.943 0.219 0.919 0.288 0.914 0.326
0 0.845 0.481 0.834 0.48 0.82 0.455 0.809 0.446 0.781 0.433 0.761 0.431 0.749 0.399 0.744 0.348 0.746 0.321 0.751 0.3 0.761 0.276 0.776 0.251 0.805 0.226 0.832 0.225 0.862 0.239 0.874 0.251 0.882 0.283 0.891 0.302 0.914 0.326 0.912 0.41 0.893 0.436 0.876 0.474 0.845 0.481
0 0.633 0.517 0.56 0.517 0.57 0.515 0.571 0.511 0.564 0.499 0.57 0.464 0.57 0.426 0.566 0.399 0.545 0.324 0.55 0.319 0.564 0.316 0.581 0.306 0.603 0.284 0.634 0.285 0.662 0.299 0.688 0.333 0.696 0.364 0.696 0.382 0.694 0.415 0.68 0.462 0.659 0.498 0.633 0.517
0 0.832 0.981 0.805 0.981 0.792 0.973 0.762 0.973 0.75 0.966 0.741 0.954 0.761 0.886 0.759 0.841 0.746 0.788 0.762 0.756 0.781 0.753 0.786 0.789 0.792 0.809 0.801 0.828 0.809 0.838 0.825 0.848 0.862 0.857 0.863 0.906 0.859 0.931 0.848 0.96 0.832 0.981
0 0.746 0.777 0.741 0.777 0.718 0.749 0.7 0.738 0.671 0.731 0.636 0.737 0.635 0.678 0.647 0.642 0.674 0.612 0.685 0.609 0.708 0.654 0.716 0.664 0.731 0.672 0.762 0.68 0.763 0.713 0.76 0.756 0.754 0.77 0.746 0.777
0 0.592 0.783 0.579 0.783 0.562 0.745 0.542 0.725 0.523 0.716 0.528 0.693 0.529 0.67 0.518 0.605 0.526 0.596 0.558 0.579 0.581 0.582 0.607 0.603 0.629 0.643 0.635 0.674 0.634 0.724 0.626 0.745 0.611 0.768 0.592 0.783
0 0.864 0.0 0.862 0.018 0.859 0.027 0.835 0.06 0.811 0.082 0.778 0.099 0.737 0.099 0.707 0.073 0.686 0.04 0.679 0.021 0.675 0.0
0 1.0 0.0 1.0 0.045 0.997 0.052 0.98 0.06 0.956 0.062 0.937 0.073 0.917 0.068 0.905 0.054 0.894 0.029 0.891 0.0
0 0.776 0.231 0.764 0.23 0.765 0.18 0.756 0.136 0.746 0.111 0.726 0.086 0.746 0.093 0.79 0.087 0.814 0.075 0.839 0.052 0.838 0.102 0.832 0.142 0.823 0.17 0.801 0.216 0.776 0.231
0 0.581 0.0 0.592 0.057 0.583 0.044 0.565 0.03 0.547 0.023 0.531 0.023 0.508 0.029 0.493 0.037 0.476 0.051 0.456 0.082 0.453 0.083 0.45 0.033 0.46 0.0
0 0.65 0.637 0.625 0.632 0.599 0.594 0.589 0.535 0.589 0.508 0.59 0.513 0.594 0.511 0.595 0.514 0.603 0.514 0.615 0.508 0.634 0.51 0.641 0.507 0.661 0.493 0.677 0.469 0.688 0.483 0.692 0.494 0.681 0.541 0.682 0.589 0.668 0.618 0.65 0.637
0 0.306 0.322 0.297 0.321 0.285 0.28 0.264 0.244 0.242 0.229 0.216 0.226 0.214 0.198 0.217 0.165 0.223 0.142 0.237 0.125 0.239 0.128 0.244 0.161 0.261 0.195 0.283 0.215 0.3 0.24 0.319 0.259 0.309 0.316 0.306 0.322
0 0.381 0.729 0.354 0.714 0.339 0.71 0.306 0.707 0.291 0.71 0.284 0.675 0.274 0.653 0.303 0.654 0.323 0.644 0.343 0.622 0.366 0.583 0.372 0.594 0.362 0.624 0.361 0.652 0.366 0.689 0.381 0.729
0 0.129 0.784 0.122 0.777 0.128 0.774 0.129 0.784
0 0.52 0.604 0.502 0.572 0.502 0.562 0.526 0.558 0.539 0.546 0.556 0.518 0.565 0.491 0.591 0.516 0.588 0.536 0.582 0.555 0.567 0.58 0.541 0.586 0.522 0.599 0.52 0.604
0 0.731 0.413 0.713 0.407 0.697 0.39 0.697 0.37 0.688 0.332 0.688 0.322 0.704 0.316 0.722 0.317 0.734 0.31 0.752 0.276 0.765 0.229 0.777 0.231 0.784 0.241 0.77 0.258 0.759 0.28 0.746 0.323 0.744 0.363 0.75 0.41 0.731 0.413
0 0.873 0.243 0.864 0.242 0.834 0.227 0.833 0.214 0.837 0.197 0.85 0.162 0.862 0.143 0.877 0.13 0.904 0.118 0.879 0.179 0.875 0.201 0.873 0.243
0 0.889 0.0 0.896 0.034 0.906 0.055 0.92 0.071 0.935 0.076 0.905 0.118 0.883 0.125 0.875 0.123 0.86 0.112 0.851 0.1 0.837 0.069 0.837 0.056 0.857 0.027 0.866 0.0
0 0.455 0.232 0.439 0.213 0.416 0.195 0.382 0.185 0.391 0.175 0.403 0.15 0.411 0.124 0.417 0.092 0.429 0.099 0.439 0.115 0.434 0.148 0.435 0.175 0.44 0.197 0.453 0.22 0.455 0.232
0 0.94 0.984 0.909 0.969 0.893 0.953 0.876 0.928 0.864 0.9 0.863 0.869 0.865 0.862 0.904 0.853 0.899 0.903 0.915 0.947 0.94 0.984
0 0.373 0.595 0.358 0.593 0.367 0.569 0.372 0.541 0.373 0.502 0.369 0.463 0.372 0.455 0.376 0.452 0.381 0.457 0.382 0.47 0.394 0.505 0.42 0.543 0.392 0.565 0.373 0.595
0 0.338 0.417 0.325 0.41 0.307 0.409 0.292 0.414 0.286 0.409 0.296 0.375 0.298 0.334 0.308 0.317 0.309 0.347 0.314 0.37 0.338 0.417
0 0.701 0.461 0.704 0.446 0.71 0.434 0.721 0.419 0.733 0.41 0.75 0.405 0.76 0.431 0.734 0.435 0.701 0.461
0 0.876 0.597 0.864 0.596 0.843 0.574 0.842 0.53 0.838 0.495 0.84 0.491 0.874 0.482 0.868 0.506 0.867 0.526 0.869 0.553 0.878 0.594 0.876 0.597
0 0.78 0.748 0.771 0.737 0.763 0.72 0.761 0.68 0.78 0.675 0.797 0.662 0.78 0.748
0 0.9 0.632 0.882 0.624 0.88 0.618 0.885 0.609 0.9 0.632
0 0.164 0.64 0.173 0.605 0.174 0.586 0.173 0.565 0.169 0.543 0.187 0.538 0.196 0.547 0.208 0.57 0.213 0.59 0.213 0.611 0.181 0.624 0.164 0.64
0 0.405 0.979 0.38 0.978 0.377 0.974 0.403 0.93 0.421 0.886 0.427 0.918 0.441 0.958 0.431 0.972 0.405 0.979
0 0.191 0.242 0.194 0.209 0.19 0.181 0.185 0.162 0.207 0.155 0.217 0.168 0.217 0.186 0.223 0.211 0.223 0.223 0.191 0.24
