0 0.744 0.853 0.727 0.853 0.708 0.848 0.703 0.85 0.702 0.848 0.703 0.846 0.694 0.842 0.686 0.845 0.68 0.844 0.67 0.83 0.667 0.829 0.666 0.825 0.653 0.815 0.635 0.794 0.62 0.769 0.615 0.754 0.611 0.739 0.61 0.724 0.611 0.697 0.618 0.665 0.627 0.642 0.643 0.618 0.662 0.598 0.677 0.588 0.702 0.578 0.714 0.576 0.745 0.578 0.776 0.591 0.796 0.605 0.805 0.619 0.82 0.65 0.826 0.668 0.832 0.693 0.834 0.718 0.834 0.742 0.832 0.756 0.824 0.79 0.813 0.815 0.802 0.831 0.788 0.841 0.772 0.849 0.744 0.853
0 0.493 0.834 0.475 0.833 0.452 0.823 0.439 0.812 0.422 0.79 0.401 0.749 0.389 0.715 0.383 0.692 0.383 0.664 0.388 0.64 0.398 0.616 0.412 0.594 0.429 0.575 0.455 0.556 0.482 0.542 0.503 0.539 0.523 0.541 0.536 0.545 0.549 0.554 0.56 0.566 0.567 0.578 0.581 0.617 0.587 0.637 0.59 0.657 0.6 0.685 0.602 0.697 0.602 0.72 0.598 0.741 0.591 0.761 0.58 0.779 0.566 0.796 0.547 0.812 0.527 0.825 0.508 0.832 0.493 0.834
0 0.122 0.76 0.093 0.758 0.066 0.747 0.049 0.733 0.034 0.71 0.028 0.696 0.025 0.682 0.022 0.655 0.024 0.628 0.033 0.587 0.04 0.569 0.056 0.543 0.079 0.521 0.106 0.505 0.127 0.499 0.15 0.498 0.179 0.505 0.198 0.514 0.209 0.52 0.225 0.538 0.234 0.555 0.241 0.576 0.244 0.6 0.243 0.616 0.24 0.642 0.235 0.661 0.227 0.683 0.218 0.7 0.212 0.708 0.19 0.73 0.178 0.74 0.159 0.751 0.139 0.758 0.122 0.76
0 0.451 0.482 0.432 0.481 0.416 0.477 0.397 0.467 0.379 0.451 0.365 0.43 0.357 0.414 0.35 0.39 0.344 0.361 0.343 0.338 0.344 0.311 0.35 0.288 0.357 0.267 0.367 0.248 0.376 0.235 0.397 0.216 0.421 0.205 0.449 0.204 0.463 0.206 0.489 0.216 0.512 0.232 0.526 0.245 0.539 0.263 0.547 0.281 0.554 0.31 0.556 0.334 0.553 0.371 0.547 0.394 0.537 0.42 0.519 0.449 0.503 0.462 0.485 0.472 0.46 0.481 0.451 0.482
0 0.737 0.416 0.718 0.415 0.702 0.41 0.694 0.396 0.684 0.385 0.664 0.367 0.657 0.343 0.652 0.321 0.643 0.291 0.642 0.245 0.643 0.237 0.651 0.221 0.66 0.195 0.677 0.176 0.695 0.163 0.71 0.155 0.73 0.15 0.752 0.149 0.77 0.153 0.784 0.161 0.797 0.172 0.807 0.185 0.814 0.2 0.819 0.22 0.821 0.24 0.821 0.265 0.814 0.331 0.809 0.351 0.799 0.374 0.784 0.394 0.772 0.404 0.752 0.413 0.737 0.416
0 0.631 0.602 0.61 0.6 0.592 0.594 0.576 0.583 0.558 0.563 0.553 0.555 0.536 0.519 0.532 0.501 0.531 0.478 0.533 0.451 0.54 0.419 0.548 0.405 0.565 0.381 0.584 0.368 0.625 0.36 0.633 0.36 0.662 0.366 0.677 0.377 0.689 0.389 0.7 0.406 0.709 0.429 0.716 0.457 0.718 0.476 0.717 0.497 0.714 0.519 0.707 0.541 0.697 0.56 0.686 0.573 0.668 0.588 0.645 0.599 0.631 0.602
0 0.151 0.369 0.131 0.366 0.114 0.357 0.096 0.343 0.08 0.324 0.065 0.302 0.055 0.282 0.044 0.253 0.039 0.23 0.038 0.204 0.039 0.18 0.047 0.151 0.056 0.132 0.07 0.113 0.082 0.101 0.101 0.089 0.121 0.083 0.137 0.082 0.162 0.086 0.186 0.098 0.2 0.109 0.216 0.127 0.236 0.157 0.25 0.189 0.257 0.218 0.258 0.244 0.256 0.262 0.244 0.264 0.225 0.27 0.205 0.282 0.186 0.298 0.176 0.31 0.166 0.326 0.158 0.343 0.151 0.369
0 0.559 0.277 0.557 0.276 0.556 0.267 0.538 0.261 0.523 0.243 0.511 0.232 0.495 0.22 0.489 0.214 0.48 0.189 0.477 0.161 0.477 0.133 0.48 0.108 0.486 0.084 0.498 0.055 0.511 0.035 0.526 0.021 0.537 0.016 0.55 0.014 0.59 0.014 0.61 0.018 0.626 0.027 0.642 0.042 0.65 0.055 0.659 0.076 0.664 0.096 0.667 0.125 0.667 0.155 0.664 0.177 0.66 0.194 0.648 0.227 0.638 0.244 0.622 0.26 0.614 0.266 0.606 0.268 0.594 0.269 0.569 0.269 0.559 0.277
0 0.345 0.987 0.333 0.986 0.328 0.984 0.319 0.984 0.305 0.977 0.293 0.968 0.269 0.942 0.263 0.931 0.252 0.899 0.248 0.869 0.248 0.841 0.254 0.8 0.262 0.773 0.276 0.742 0.29 0.722 0.302 0.71 0.326 0.695 0.344 0.687 0.364 0.685 0.377 0.688 0.383 0.691 0.392 0.727 0.404 0.756 0.422 0.791 0.438 0.811 0.439 0.845 0.437 0.862 0.43 0.894 0.42 0.923 0.41 0.942 0.398 0.958 0.382 0.973 0.36 0.985 0.345 0.987
0 0.07 0.99 0.064 0.978 0.051 0.969 0.041 0.955 0.034 0.939 0.028 0.914 0.027 0.883 0.03 0.856 0.038 0.828 0.05 0.802 0.072 0.774 0.08 0.768 0.099 0.762 0.135 0.759 0.155 0.753 0.174 0.744 0.19 0.746 0.2 0.752 0.21 0.761 0.221 0.777 0.227 0.792 0.233 0.822 0.235 0.855 0.233 0.875 0.227 0.9 0.222 0.915 0.206 0.944 0.185 0.966 0.162 0.979 0.12 0.989 0.07 0.99
0 0.915 0.423 0.898 0.423 0.885 0.419 0.87 0.413 0.858 0.406 0.839 0.389 0.816 0.358 0.813 0.349 0.821 0.27 0.822 0.241 0.823 0.237 0.84 0.216 0.853 0.205 0.883 0.192 0.901 0.187 0.921 0.188 0.936 0.192 0.949 0.199 0.964 0.211 0.978 0.227 0.989 0.246 0.996 0.265 0.999 0.281 0.999 0.314 0.997 0.326 0.985 0.359 0.971 0.383 0.964 0.393 0.949 0.408 0.926 0.421 0.915 0.423
0 0.249 0.516 0.226 0.514 0.205 0.505 0.184 0.489 0.17 0.471 0.162 0.456 0.153 0.426 0.15 0.396 0.151 0.372 0.157 0.345 0.167 0.323 0.181 0.304 0.197 0.289 0.225 0.27 0.245 0.263 0.271 0.262 0.283 0.264 0.297 0.27 0.308 0.277 0.315 0.283 0.327 0.299 0.338 0.322 0.342 0.335 0.346 0.369 0.352 0.398 0.351 0.409 0.345 0.435 0.337 0.455 0.327 0.473 0.317 0.484 0.304 0.497 0.288 0.507 0.267 0.514 0.249 0.516
0 0.282 0.22 0.275 0.22 0.272 0.217 0.266 0.22 0.258 0.219 0.25 0.189 0.241 0.166 0.217 0.129 0.2 0.109 0.199 0.093 0.201 0.076 0.207 0.046 0.217 0.024 0.235 0.001 0.307 0.001 0.312 0.004 0.329 0.018 0.346 0.038 0.356 0.057 0.363 0.075 0.361 0.106 0.363 0.125 0.366 0.143 0.366 0.201 0.349 0.196 0.325 0.197 0.305 0.204 0.282 0.22
0 0.543 0.999 0.464 0.998 0.442 0.982 0.429 0.964 0.423 0.947 0.418 0.928 0.428 0.902 0.436 0.871 0.439 0.844 0.439 0.812 0.454 0.823 0.468 0.83 0.476 0.832 0.494 0.833 0.509 0.831 0.519 0.828 0.55 0.811 0.564 0.83 0.572 0.847 0.577 0.862 0.582 0.887 0.581 0.909 0.572 0.954 0.568 0.966 0.563 0.976 0.553 0.99 0.547 0.997 0.543 0.999
0 0.872 0.76 0.852 0.758 0.833 0.749 0.834 0.715 0.832 0.697 0.825 0.665 0.817 0.643 0.804 0.619 0.795 0.607 0.788 0.6 0.773 0.591 0.746 0.578 0.746 0.571 0.751 0.556 0.758 0.55 0.772 0.533 0.787 0.52 0.816 0.502 0.841 0.497 0.86 0.498 0.882 0.508 0.893 0.522 0.91 0.536 0.92 0.549 0.934 0.576 0.944 0.589 0.952 0.615 0.955 0.634 0.953 0.665 0.948 0.69 0.942 0.703 0.933 0.717 0.92 0.734 0.906 0.747 0.889 0.757 0.872 0.76
0 0.312 0.662 0.293 0.661 0.273 0.654 0.256 0.645 0.241 0.632 0.243 0.609 0.242 0.585 0.236 0.56 0.229 0.546 0.223 0.536 0.225 0.517 0.226 0.515 0.243 0.517 0.264 0.515 0.282 0.51 0.296 0.503 0.311 0.491 0.326 0.475 0.337 0.456 0.358 0.456 0.365 0.458 0.374 0.468 0.384 0.483 0.39 0.508 0.391 0.535 0.39 0.564 0.386 0.595 0.375 0.623 0.367 0.636 0.358 0.646 0.345 0.654 0.337 0.658 0.312 0.662
0 0.819 0.215 0.81 0.191 0.803 0.18 0.794 0.169 0.783 0.16 0.771 0.154 0.756 0.15 0.723 0.151 0.721 0.131 0.724 0.095 0.732 0.064 0.744 0.039 0.758 0.022 0.769 0.013 0.789 0.0 0.85 0.0 0.859 0.006 0.866 0.013 0.876 0.028 0.883 0.044 0.885 0.053 0.889 0.085 0.887 0.121 0.88 0.153 0.875 0.165 0.863 0.181 0.853 0.194 0.843 0.203 0.819 0.215
0 0.754 0.999 0.575 0.999 0.572 0.984 0.572 0.962 0.575 0.937 0.588 0.897 0.6 0.872 0.609 0.861 0.62 0.852 0.633 0.845 0.658 0.845 0.672 0.851 0.697 0.871 0.728 0.901 0.744 0.922 0.751 0.937 0.755 0.955 0.756 0.979 0.754 0.999
0 0.909 0.999 0.755 0.998 0.756 0.967 0.754 0.948 0.748 0.926 0.75 0.914 0.753 0.906 0.758 0.9 0.788 0.878 0.806 0.857 0.834 0.86 0.858 0.871 0.868 0.878 0.88 0.891 0.893 0.914 0.899 0.928 0.905 0.951 0.909 0.973 0.91 0.986 0.909 0.999
0 0.416 0.59 0.411 0.584 0.405 0.573 0.393 0.536 0.392 0.512 0.389 0.492 0.393 0.464 0.408 0.473 0.424 0.479 0.442 0.482 0.463 0.481 0.487 0.471 0.51 0.456 0.521 0.446 0.532 0.425 0.538 0.418 0.539 0.418 0.539 0.421 0.535 0.438 0.531 0.465 0.533 0.5 0.539 0.524 0.553 0.552 0.554 0.558 0.538 0.547 0.525 0.542 0.507 0.54 0.482 0.543 0.447 0.562 0.428 0.577 0.416 0.59
0 0.49 0.216 0.466 0.207 0.452 0.204 0.431 0.204 0.407 0.209 0.388 0.188 0.378 0.171 0.369 0.152 0.364 0.134 0.361 0.112 0.36 0.094 0.364 0.071 0.368 0.058 0.377 0.04 0.393 0.015 0.404 0.002 0.497 0.002 0.511 0.015 0.519 0.026 0.507 0.041 0.495 0.061 0.483 0.091 0.479 0.11 0.476 0.141 0.476 0.163 0.481 0.188 0.49 0.216
0 0.54 0.418 0.538 0.416 0.547 0.391 0.552 0.369 0.555 0.348 0.555 0.33 0.554 0.309 0.549 0.291 0.544 0.275 0.536 0.26 0.556 0.266 0.557 0.276 0.571 0.268 0.593 0.269 0.622 0.262 0.626 0.268 0.632 0.282 0.635 0.292 0.636 0.303 0.635 0.323 0.632 0.337 0.623 0.359 0.595 0.365 0.574 0.375 0.56 0.389 0.54 0.418
0 0.946 0.589 0.943 0.588 0.938 0.58 0.92 0.548 0.909 0.532 0.886 0.51 0.859 0.498 0.84 0.497 0.821 0.5 0.82 0.47 0.826 0.448 0.836 0.427 0.853 0.403 0.855 0.402 0.866 0.41 0.885 0.419 0.899 0.422 0.915 0.422 0.94 0.412 0.95 0.406 0.967 0.39 0.981 0.405 0.997 0.431 0.999 0.435 0.999 0.511 0.971 0.57 0.958 0.585 0.946 0.589
0 0.028 0.58 0.0 0.578 0.0 0.298 0.005 0.297 0.028 0.297 0.046 0.301 0.067 0.312 0.081 0.325 0.098 0.346 0.108 0.363 0.119 0.399 0.122 0.421 0.123 0.446 0.122 0.465 0.117 0.488 0.113 0.499 0.108 0.504 0.087 0.516 0.068 0.53 0.058 0.541 0.048 0.554 0.036 0.579 0.028 0.58
0 0.248 0.853 0.235 0.847 0.232 0.813 0.229 0.798 0.223 0.782 0.211 0.764 0.201 0.753 0.189 0.747 0.17 0.745 0.194 0.727 0.218 0.7 0.231 0.673 0.238 0.65 0.242 0.633 0.26 0.647 0.287 0.659 0.308 0.662 0.331 0.662 0.345 0.684 0.345 0.687 0.326 0.695 0.299 0.713 0.291 0.721 0.274 0.747 0.261 0.775 0.254 0.799 0.251 0.818 0.248 0.853
0 0.34 0.321 0.336 0.317 0.321 0.286 0.317 0.285 0.312 0.279 0.3 0.271 0.286 0.264 0.272 0.261 0.262 0.261 0.261 0.259 0.268 0.243 0.273 0.234 0.283 0.223 0.295 0.212 0.305 0.205 0.323 0.198 0.347 0.196 0.362 0.2 0.374 0.206 0.393 0.22 0.376 0.236 0.361 0.259 0.352 0.281 0.346 0.298 0.342 0.319 0.34 0.321
0 0.909 0.97 0.899 0.928 0.885 0.899 0.872 0.882 0.857 0.871 0.833 0.861 0.82 0.857 0.805 0.857 0.814 0.816 0.819 0.806 0.825 0.805 0.847 0.816 0.843 0.809 0.841 0.797 0.842 0.794 0.871 0.778 0.885 0.777 0.892 0.781 0.914 0.807 0.928 0.818 0.933 0.825 0.941 0.848 0.944 0.871 0.942 0.88 0.933 0.892 0.937 0.918 0.926 0.954 0.916 0.965 0.909 0.97
0 0.982 0.231 0.981 0.231 0.969 0.215 0.961 0.208 0.948 0.198 0.933 0.192 0.905 0.187 0.891 0.189 0.874 0.195 0.872 0.192 0.872 0.173 0.881 0.15 0.887 0.121 0.889 0.09 0.887 0.066 0.897 0.045 0.91 0.029 0.93 0.015 0.949 0.008 0.96 0.006 0.983 0.006 1.0 0.01 1.0 0.218 0.982 0.231
0 0.139 0.0 0.15 0.006 0.159 0.013 0.171 0.026 0.184 0.046 0.194 0.067 0.2 0.085 0.2 0.109 0.177 0.093 0.154 0.084 0.14 0.082 0.124 0.083 0.101 0.089 0.079 0.104 0.061 0.125 0.049 0.145 0.039 0.179 0.026 0.154 0.02 0.137 0.017 0.111 0.019 0.096 0.022 0.081 0.025 0.075 0.055 0.036 0.05 0.018 0.052 0.011 0.056 0.011 0.059 0.014 0.061 0.024 0.062 0.027 0.079 0.007 0.088 0.0
0 0.685 0.0 0.691 0.005 0.702 0.021 0.712 0.044 0.717 0.072 0.716 0.116 0.704 0.152 0.7 0.157 0.686 0.164 0.661 0.193 0.666 0.165 0.667 0.124 0.664 0.094 0.657 0.07 0.647 0.049 0.638 0.037 0.627 0.028 0.615 0.02 0.6 0.015 0.573 0.013 0.583 0.0
0 1.0 0.837 0.978 0.837 0.972 0.834 0.956 0.832 0.935 0.824 0.916 0.81 0.904 0.797 0.891 0.779 0.883 0.761 0.884 0.758 0.905 0.748 0.921 0.733 0.934 0.715 0.948 0.69 0.952 0.672 0.955 0.641 0.954 0.627 0.951 0.605 0.964 0.601 0.974 0.601 1.0 0.605 1.0 0.837
0 1.0 1.0 0.927 1.0 0.922 0.974 0.924 0.96 0.936 0.923 0.957 0.875 0.965 0.86 0.977 0.844 0.987 0.839 1.0 0.839 1.0 1.0
0 0.653 0.606 0.642 0.601 0.665 0.59 0.683 0.576 0.7 0.555 0.707 0.541 0.716 0.512 0.718 0.492 0.717 0.471 0.713 0.442 0.702 0.409 0.727 0.416 0.735 0.426 0.746 0.443 0.752 0.458 0.755 0.477 0.756 0.496 0.755 0.523 0.753 0.536 0.749 0.549 0.736 0.575 0.711 0.576 0.7 0.578 0.677 0.589 0.663 0.597 0.653 0.606
0 0.0 0.602 0.008 0.592 0.019 0.584 0.028 0.579 0.036 0.579 0.026 0.615 0.022 0.645 0.023 0.671 0.029 0.698 0.037 0.716 0.049 0.733 0.066 0.747 0.091 0.758 0.094 0.761 0.092 0.764 0.077 0.773 0.063 0.785 0.056 0.796 0.049 0.811 0.042 0.82 0.036 0.818 0.028 0.813 0.001 0.791 0.0 0.788
0 0.746 0.577 0.737 0.575 0.736 0.574 0.749 0.549 0.752 0.54 0.755 0.525 0.756 0.506 0.756 0.486 0.752 0.456 0.768 0.466 0.779 0.476 0.793 0.494 0.802 0.509 0.783 0.523 0.77 0.536 0.76 0.548 0.746 0.577
0 0.802 0.462 0.768 0.461 0.754 0.457 0.741 0.435 0.727 0.416 0.751 0.413 0.77 0.405 0.782 0.395 0.791 0.385 0.808 0.357 0.811 0.356 0.816 0.358 0.819 0.361 0.839 0.388 0.853 0.402 0.837 0.425 0.823 0.453 0.811 0.461 0.802 0.462
0 0.0 0.119 0.007 0.123 0.019 0.135 0.027 0.158 0.039 0.179 0.038 0.195 0.038 0.216 0.041 0.238 0.047 0.262 0.044 0.279 0.037 0.294 0.033 0.296 0.012 0.296 0.0 0.298
0 0.585 0.823 0.566 0.821 0.557 0.817 0.55 0.811 0.553 0.806 0.559 0.803 0.572 0.79 0.583 0.775 0.592 0.758 0.598 0.742 0.601 0.727 0.603 0.71 0.601 0.691 0.589 0.655 0.585 0.628 0.575 0.599 0.576 0.596 0.581 0.593 0.593 0.595 0.616 0.605 0.627 0.614 0.636 0.627 0.627 0.642 0.619 0.662 0.614 0.681 0.61 0.708 0.611 0.736 0.614 0.75 0.622 0.773 0.634 0.794 0.623 0.806 0.612 0.813 0.599 0.82 0.585 0.823
0 0.382 0.689 0.364 0.685 0.348 0.687 0.349 0.676 0.354 0.657 0.358 0.649 0.374 0.626 0.383 0.604 0.399 0.592 0.412 0.591 0.413 0.593 0.397 0.617 0.39 0.635 0.384 0.663 0.382 0.689
0 0.222 0.529 0.195 0.511 0.172 0.503 0.147 0.498 0.116 0.5 0.123 0.448 0.122 0.42 0.118 0.394 0.133 0.368 0.151 0.37 0.15 0.391 0.152 0.418 0.157 0.44 0.164 0.462 0.178 0.483 0.19 0.495 0.207 0.507 0.225 0.514 0.224 0.527 0.222 0.529
0 0.751 0.893 0.732 0.892 0.719 0.887 0.669 0.848 0.664 0.844 0.657 0.832 0.651 0.812 0.668 0.827 0.678 0.842 0.682 0.846 0.694 0.843 0.718 0.851 0.737 0.853 0.756 0.853 0.773 0.849 0.798 0.835 0.813 0.818 0.812 0.829 0.807 0.85 0.804 0.859 0.796 0.869 0.786 0.88 0.775 0.887 0.765 0.891 0.751 0.893
0 0.0 0.789 0.028 0.812 0.036 0.818 0.041 0.819 0.03 0.855 0.027 0.883 0.027 0.897 0.029 0.916 0.032 0.934 0.043 0.959 0.031 0.965 0.021 0.966 0.008 0.965 0.0 0.961
0 0.221 0.999 0.073 0.999 0.072 0.998 0.067 0.98 0.107 0.987 0.125 0.987 0.16 0.979 0.174 0.974 0.184 0.967 0.206 0.945 0.22 0.919 0.23 0.892 0.235 0.863 0.235 0.854 0.247 0.853 0.252 0.899 0.251 0.911 0.247 0.93 0.243 0.936 0.238 0.96 0.233 0.976 0.227 0.992 0.221 0.999
0 0.384 0.999 0.25 0.999 0.248 0.993 0.247 0.978 0.247 0.953 0.25 0.934 0.252 0.929 0.254 0.928 0.261 0.933 0.264 0.939 0.267 0.939 0.279 0.953 0.306 0.977 0.322 0.983 0.346 0.986 0.362 0.983 0.383 0.972 0.4 0.955 0.418 0.929 0.419 0.941 0.416 0.962 0.407 0.997 0.406 0.999 0.384 0.999
0 1.0 0.441 0.998 0.433 0.985 0.411 0.966 0.389 0.985 0.358 0.994 0.334 1.0 0.312 1.0 0.441
0 0.999 0.605 0.97 0.6 0.953 0.604 0.95 0.602 0.946 0.593 0.947 0.59 0.958 0.585 0.97 0.572 0.999 0.511 0.999 0.60
