0 0.4 0.605 0.349 0.598 0.32 0.575 0.302 0.553 0.289 0.53 0.283 0.506 0.284 0.483 0.288 0.47 0.299 0.453 0.334 0.421 0.359 0.417 0.405 0.435 0.428 0.453 0.44 0.471 0.449 0.49 0.455 0.517 0.455 0.544 0.448 0.571 0.437 0.585 0.412 0.602 0.4 0.605
0 0.526 0.542 0.492 0.535 0.469 0.517 0.464 0.504 0.466 0.489 0.454 0.483 0.448 0.47 0.449 0.435 0.466 0.396 0.492 0.372 0.517 0.36 0.561 0.355 0.585 0.377 0.6 0.401 0.608 0.434 0.606 0.461 0.596 0.486 0.58 0.507 0.556 0.529 0.526 0.542
0 0.855 0.669 0.796 0.648 0.775 0.616 0.768 0.597 0.773 0.561 0.787 0.535 0.801 0.52 0.835 0.504 0.872 0.507 0.893 0.516 0.914 0.543 0.923 0.572 0.921 0.607 0.908 0.637 0.883 0.661 0.855 0.669
0 0.606 0.822 0.597 0.818 0.583 0.798 0.57 0.757 0.57 0.719 0.584 0.686 0.609 0.654 0.635 0.642 0.671 0.641 0.697 0.656 0.717 0.683 0.725 0.714 0.724 0.748 0.712 0.779 0.685 0.818 0.623 0.816 0.606 0.822
0 0.516 0.819 0.486 0.818 0.466 0.809 0.439 0.767 0.423 0.724 0.419 0.678 0.428 0.643 0.442 0.619 0.45 0.615 0.456 0.617 0.472 0.602 0.482 0.6 0.498 0.604 0.529 0.626 0.545 0.651 0.555 0.681 0.559 0.71 0.558 0.74 0.551 0.788 0.538 0.806 0.516 0.819
0 0.351 0.801 0.322 0.796 0.298 0.773 0.281 0.745 0.27 0.702 0.274 0.666 0.291 0.626 0.314 0.611 0.347 0.601 0.354 0.61 0.389 0.631 0.403 0.648 0.414 0.669 0.42 0.701 0.414 0.748 0.408 0.765 0.389 0.785 0.351 0.801
0 0.258 0.939 0.227 0.934 0.203 0.917 0.179 0.882 0.168 0.85 0.159 0.81 0.16 0.774 0.172 0.744 0.196 0.722 0.212 0.72 0.257 0.732 0.292 0.77 0.307 0.804 0.313 0.835 0.314 0.861 0.303 0.901 0.298 0.912 0.282 0.926 0.258 0.939
0 0.0 0.706 0.014 0.675 0.034 0.655 0.065 0.649 0.086 0.655 0.11 0.669 0.13 0.694 0.144 0.725 0.154 0.766 0.154 0.808 0.144 0.838 0.129 0.853 0.113 0.863 0.069 0.869 0.053 0.861 0.028 0.837 0.009 0.809 0.0 0.784
0 0.248 0.689 0.195 0.668 0.175 0.655 0.166 0.645 0.154 0.624 0.148 0.6 0.15 0.575 0.161 0.53 0.177 0.51 0.188 0.504 0.213 0.5 0.236 0.499 0.258 0.505 0.286 0.525 0.308 0.565 0.312 0.588 0.306 0.615 0.296 0.622 0.289 0.633 0.27 0.682 0.248 0.689
0 0.267 0.355 0.209 0.338 0.194 0.339 0.183 0.322 0.17 0.287 0.17 0.251 0.183 0.218 0.21 0.183 0.232 0.171 0.256 0.166 0.296 0.183 0.309 0.204 0.325 0.252 0.326 0.27 0.322 0.283 0.302 0.324 0.28 0.348 0.267 0.355
0 0.402 0.422 0.381 0.414 0.338 0.369 0.333 0.348 0.332 0.321 0.341 0.283 0.358 0.254 0.391 0.226 0.407 0.223 0.433 0.228 0.448 0.238 0.457 0.249 0.471 0.282 0.473 0.314 0.467 0.363 0.454 0.393 0.445 0.402 0.402 0.422
0 0.714 0.502 0.688 0.498 0.65 0.477 0.636 0.459 0.626 0.432 0.624 0.404 0.637 0.395 0.626 0.384 0.626 0.366 0.639 0.348 0.662 0.33 0.679 0.324 0.698 0.323 0.72 0.331 0.76 0.362 0.779 0.393 0.782 0.411 0.78 0.443 0.768 0.474 0.759 0.485 0.745 0.495 0.714 0.502
0 0.796 0.371 0.776 0.366 0.722 0.323 0.718 0.315 0.718 0.3 0.712 0.286 0.717 0.257 0.735 0.22 0.75 0.206 0.782 0.194 0.812 0.196 0.834 0.205 0.863 0.232 0.874 0.262 0.874 0.303 0.864 0.332 0.839 0.357 0.796 0.371
0 0.921 0.493 0.885 0.491 0.875 0.486 0.85 0.454 0.842 0.425 0.842 0.394 0.853 0.361 0.872 0.343 0.902 0.325 0.929 0.331 0.96 0.358 0.977 0.379 0.985 0.402 0.985 0.431 0.978 0.45 0.942 0.469 0.921 0.493
0 0.83 0.857 0.794 0.855 0.774 0.845 0.748 0.822 0.731 0.795 0.722 0.762 0.726 0.727 0.741 0.687 0.754 0.671 0.782 0.658 0.801 0.657 0.817 0.661 0.834 0.671 0.868 0.701 0.893 0.737 0.898 0.772 0.889 0.805 0.859 0.845 0.845 0.854 0.83 0.857
0 0.598 0.667 0.576 0.655 0.544 0.603 0.542 0.589 0.546 0.555 0.558 0.531 0.6 0.492 0.627 0.482 0.646 0.484 0.66 0.491 0.683 0.51 0.701 0.55 0.701 0.581 0.689 0.62 0.677 0.642 0.644 0.641 0.619 0.664 0.614 0.662 0.598 0.667
0 0.647 0.995 0.591 0.995 0.579 0.972 0.554 0.944 0.551 0.912 0.556 0.88 0.571 0.85 0.598 0.824 0.634 0.821 0.659 0.829 0.682 0.852 0.695 0.879 0.699 0.918 0.693 0.942 0.682 0.961 0.657 0.979 0.647 0.995
0 0.1 0.608 0.072 0.603 0.032 0.586 0.013 0.565 0.007 0.548 0.006 0.495 0.013 0.469 0.036 0.447 0.078 0.428 0.106 0.429 0.128 0.438 0.162 0.468 0.17 0.486 0.167 0.503 0.172 0.513 0.16 0.535 0.156 0.559 0.149 0.576 0.13 0.595 0.1 0.608
0 0.605 0.302 0.598 0.297 0.583 0.272 0.555 0.249 0.55 0.225 0.554 0.188 0.566 0.162 0.589 0.139 0.626 0.132 0.653 0.14 0.672 0.155 0.688 0.186 0.69 0.214 0.685 0.238 0.675 0.265 0.669 0.273 0.643 0.285 0.625 0.3 0.605 0.302
0 0.972 0.356 0.956 0.356 0.97 0.353 0.958 0.353 0.914 0.32 0.902 0.287 0.898 0.241 0.906 0.204 0.914 0.185 0.93 0.164 0.928 0.157 0.981 0.147 0.99 0.15 0.998 0.161 0.998 0.334 0.986 0.349 0.972 0.356
0 0.999 0.619 0.958 0.611 0.932 0.613 0.926 0.606 0.925 0.575 0.916 0.544 0.916 0.51 0.931 0.478 0.954 0.462 0.979 0.457 0.999 0.467 0.999 0.619
0 0.969 0.994 0.964 0.991 0.97 0.989 0.964 0.985 0.914 0.967 0.904 0.944 0.896 0.901 0.901 0.858 0.913 0.83 0.931 0.812 0.947 0.802 0.96 0.799 0.982 0.804 0.998 0.814 0.998 0.976 0.985 0.988 0.969 0.994
0 0.94 0.795 0.917 0.792 0.9 0.778 0.896 0.746 0.888 0.728 0.87 0.704 0.838 0.673 0.861 0.669 0.886 0.658 0.902 0.644 0.922 0.616 0.954 0.611 0.983 0.615 0.993 0.622 0.992 0.617 0.998 0.617 0.999 0.765 0.979 0.782 0.94 0.795
0 0.852 0.0 0.852 0.044 0.839 0.075 0.824 0.091 0.796 0.1 0.771 0.098 0.748 0.073 0.726 0.034 0.723 0.018 0.723 0.0
0 0.652 0.074 0.611 0.072 0.599 0.066 0.586 0.047 0.568 0.001 0.717 0.001 0.7 0.034 0.684 0.055 0.665 0.069 0.652 0.074
0 0.444 0.142 0.424 0.14 0.398 0.128 0.38 0.11 0.369 0.089 0.365 0.077 0.366 0.049 0.379 0.006 0.383 0.0 0.518 0.0 0.526 0.017 0.529 0.035 0.526 0.055 0.517 0.076 0.482 0.124 0.469 0.134 0.444 0.142
0 0.314 0.117 0.295 0.117 0.298 0.113 0.296 0.11 0.282 0.109 0.255 0.09 0.246 0.079 0.228 0.044 0.223 0.001 0.363 0.0 0.364 0.037 0.358 0.062 0.341 0.093 0.329 0.106 0.312 0.11 0.314 0.117
0 0.139 0.132 0.118 0.131 0.104 0.124 0.091 0.115 0.074 0.094 0.068 0.078 0.066 0.042 0.074 0.001 0.214 0.0 0.215 0.023 0.212 0.05 0.202 0.081 0.191 0.102 0.171 0.122 0.139 0.132
0 0.175 0.511 0.167 0.503 0.169 0.486 0.165 0.474 0.135 0.44 0.134 0.412 0.137 0.398 0.148 0.37 0.166 0.349 0.189 0.341 0.216 0.343 0.248 0.364 0.258 0.383 0.26 0.405 0.255 0.467 0.243 0.485 0.228 0.495 0.187 0.505 0.175 0.511
0 0.558 0.997 0.468 0.996 0.462 0.991 0.491 0.947 0.509 0.936 0.527 0.932 0.556 0.944 0.576 0.96 0.593 0.995 0.558 0.997
0 0.201 0.999 0.007 0.998 0.026 0.952 0.05 0.924 0.079 0.906 0.11 0.903 0.151 0.91 0.175 0.926 0.188 0.947 0.196 0.968 0.201 0.999
0 0.44 0.89 0.418 0.889 0.398 0.879 0.363 0.85 0.353 0.829 0.354 0.802 0.39 0.784 0.404 0.772 0.412 0.755 0.421 0.712 0.431 0.749 0.455 0.794 0.471 0.813 0.5 0.824 0.496 0.848 0.476 0.873 0.459 0.884 0.44 0.89
0 0.551 0.932 0.53 0.926 0.518 0.915 0.5 0.876 0.497 0.838 0.501 0.821 0.521 0.817 0.547 0.794 0.558 0.745 0.567 0.743 0.58 0.793 0.6 0.823 0.575 0.847 0.56 0.871 0.553 0.892 0.551 0.932
0 0.686 0.961 0.682 0.959 0.698 0.927 0.698 0.891 0.688 0.861 0.668 0.833 0.685 0.819 0.699 0.795 0.711 0.784 0.73 0.795 0.755 0.833 0.758 0.846 0.757 0.878 0.749 0.909 0.734 0.933 0.714 0.945 0.701 0.959 0.686 0.961
0 0.83 0.981 0.805 0.977 0.781 0.945 0.768 0.904 0.77 0.874 0.782 0.851 0.798 0.856 0.831 0.858 0.851 0.85 0.871 0.831 0.875 0.832 0.888 0.843 0.899 0.863 0.896 0.9 0.904 0.948 0.89 0.969 0.857 0.979 0.83 0.981
0 0.594 0.388 0.57 0.368 0.547 0.358 0.508 0.365 0.474 0.387 0.469 0.372 0.467 0.352 0.473 0.317 0.481 0.294 0.498 0.271 0.521 0.257 0.554 0.248 0.576 0.265 0.593 0.286 0.604 0.322 0.603 0.361 0.594 0.388
0 0.484 0.29 0.472 0.29 0.461 0.258 0.448 0.238 0.432 0.228 0.412 0.224 0.411 0.216 0.414 0.172 0.423 0.153 0.433 0.144 0.473 0.132 0.494 0.116 0.515 0.128 0.533 0.152 0.538 0.173 0.54 0.212 0.525 0.248 0.498 0.272 0.484 0.29
0 0.469 0.011 0.469 0.004 0.473 0.004 0.469 0.011
0 0.694 0.197 0.68 0.166 0.67 0.151 0.634 0.131 0.635 0.088 0.639 0.074 0.666 0.067 0.696 0.043 0.71 0.037 0.732 0.049 0.755 0.084 0.761 0.116 0.755 0.145 0.744 0.166 0.713 0.181 0.694 0.197
0 0.895 0.254 0.876 0.252 0.857 0.224 0.827 0.202 0.8 0.195 0.778 0.195 0.773 0.175 0.764 0.164 0.781 0.113 0.792 0.103 0.808 0.096 0.85 0.089 0.847 0.091 0.848 0.093 0.857 0.094 0.882 0.114 0.929 0.161 0.929 0.166 0.908 0.201 0.895 0.254
0 0.932 0.16 0.861 0.096 0.859 0.09 0.858 0.065 0.865 0.046 0.885 0.018 0.914 0.001 0.946 0.001 0.958 0.006 0.985 0.025 0.999 0.044 0.999 0.148 0.991 0.151 0.98 0.148 0.959 0.15 0.949 0.158 0.932 0.16
0 0.711 0.283 0.681 0.27 0.691 0.213 0.698 0.195 0.715 0.179 0.734 0.171 0.75 0.169 0.772 0.173 0.776 0.195 0.753 0.205 0.733 0.225 0.72 0.249 0.711 0.283
0 0.344 0.276 0.325 0.27 0.322 0.246 0.31 0.21 0.299 0.188 0.289 0.18 0.289 0.169 0.298 0.124 0.304 0.11 0.325 0.107 0.363 0.089 0.368 0.092 0.394 0.13 0.402 0.148 0.407 0.176 0.407 0.208 0.404 0.223 0.391 0.226 0.364 0.246 0.344 0.276
0 0.199 0.195 0.187 0.181 0.168 0.126 0.185 0.109 0.2 0.085 0.209 0.062 0.214 0.037 0.224 0.035 0.238 0.066 0.254 0.087 0.279 0.105 0.303 0.112 0.296 0.132 0.288 0.177 0.263 0.171 0.24 0.173 0.215 0.181 0.199 0.195
0 0.118 0.287 0.097 0.284 0.075 0.271 0.058 0.245 0.045 0.215 0.043 0.181 0.048 0.149 0.062 0.123 0.079 0.106 0.118 0.129 0.139 0.131 0.164 0.127 0.176 0.149 0.188 0.186 0.187 0.208 0.166 0.258 0.143 0.278 0.118 0.287
0 0.056 0.433 0.03 0.427 0.017 0.406 0.014 0.377 0.016 0.338 0.032 0.311 0.058 0.291 0.093 0.284 0.116 0.293 0.139 0.319 0.15 0.363 0.137 0.395 0.134 0.417 0.121 0.428 0.088 0.427 0.056 0.433
0 0.284 0.516 0.263 0.496 0.257 0.472 0.258 0.429 0.262 0.411 0.27 0.397 0.293 0.375 0.321 0.371 0.34 0.376 0.367 0.399 0.384 0.426 0.377 0.427 0.361 0.421 0.342 0.422 0.33 0.426 0.306 0.448 0.294 0.46 0.287 0.475 0.284 0.516
0 0.623 0.404 0.602 0.399 0.596 0.392 0.607 0.331 0.619 0.31 0.639 0.289 0.666 0.276 0.69 0.273 0.708 0.286 0.717 0.3 0.717 0.317 0.667 0.329 0.638 0.349 0.629 0.361 0.625 0.374 0.628 0.388 0.637 0.396 0.623 0.404
0 0.796 0.523 0.761 0.485 0.779 0.442 0.781 0.41 0.778 0.392 0.757 0.36 0.718 0.33 0.718 0.316 0.732 0.331 0.78 0.366 0.804 0.369 0.832 0.36 0.844 0.376 0.841 0.421 0.848 0.456 0.846 0.467 0.839 0.481 0.796 0.523
0 0.736 0.657 0.704 0.651 0.684 0.638 0.701 0.587 0.703 0.563 0.695 0.531 0.679 0.504 0.681 0.497 0.724 0.5 0.762 0.486 0.795 0.523 0.775 0.555 0.769 0.579 0.77 0.604 0.783 0.631 0.756 0.651 0.736 0.657
0 0.398 0.998 0.358 0.997 0.341 0.968 0.321 0.956 0.292 0.947 0.277 0.952 0.253 0.97 0.255 0.945 0.258 0.938 0.279 0.928 0.301 0.906 0.309 0.882 0.315 0.849 0.334 0.843 0.349 0.843 0.366 0.854 0.391 0.877 0.404 0.9 0.408 0.93 0.402 0.963 0.402 0.996 0.398 0.998
0 0.319 0.999 0.232 0.996 0.26 0.963 0.29 0.945 0.32 0.951 0.333 0.95 0.34 0.954 0.358 0.972 0.369 0.996 0.319 0.999
0 0.227 0.997 0.201 0.996 0.188 0.947 0.169 0.921 0.155 0.912 0.11 0.899 0.12 0.876 0.136 0.855 0.165 0.836 0.18 0.881 0.202 0.916 0.225 0.932 0.256 0.939 0.253 0.968 0.231 0.996 0.227 0.997
0 0.0 0.791 0.002 0.79 0.013 0.814 0.032 0.839 0.05 0.858 0.068 0.868 0.088 0.869 0.103 0.861 0.119 0.858 0.133 0.849 0.15 0.831 0.15 0.844 0.125 0.869 0.109 0.899 0.058 0.918 0.027 0.951 0.01 0.99 0.0 0.99
0 0.157 0.835 0.147 0.833 0.155 0.798 0.152 0.751 0.141 0.715 0.125 0.683 0.15 0.663 0.171 0.658 0.22 0.682 0.229 0.696 0.238 0.723 0.199 0.721 0.184 0.73 0.172 0.744 0.16 0.776 0.159 0.803 0.164 0.831 0.157 0.835
0 0.0 0.641 0.02 0.616 0.038 0.604 0.055 0.6 0.079 0.604 0.102 0.619 0.121 0.655 0.125 0.674 0.123 0.681 0.108 0.667 0.087 0.655 0.057 0.65 0.025 0.662 0.012 0.677 0.0 0.702
0 0.456 0.998 0.402 0.996 0.402 0.961 0.409 0.93 0.427 0.906 0.448 0.899 0.462 0.887 0.481 0.885 0.496 0.891 0.514 0.911 0.526 0.931 0.506 0.938 0.489 0.95 0.463 0.989 0.461 0.996 0.456 0.998
0 0.47 0.574 0.453 0.573 0.449 0.569 0.455 0.55 0.455 0.522 0.452 0.501 0.444 0.476 0.428 0.452 0.404 0.43 0.421 0.416 0.466 0.394 0.449 0.435 0.449 0.471 0.455 0.483 0.466 0.488 0.465 0.508 0.473 0.522 0.491 0.535 0.515 0.544 0.491 0.565 0.47 0.574
0 0.568 0.744 0.558 0.742 0.555 0.687 0.542 0.645 0.53 0.628 0.51 0.612 0.48 0.601 0.485 0.591 0.511 0.576 0.543 0.566 0.543 0.602 0.574 0.658 0.593 0.671 0.573 0.709 0.568 0.744
0 0.745 0.998 0.626 0.997 0.626 0.986 0.628 0.989 0.641 0.989 0.65 0.984 0.656 0.975 0.673 0.966 0.699 0.961 0.738 0.985 0.745 0.99
