0 0.759 0.841 0.74 0.841 0.717 0.835 0.7 0.826 0.683 0.812 0.668 0.796 0.65 0.766 0.634 0.73 0.63 0.707 0.631 0.643 0.614 0.546 0.614 0.533 0.624 0.49 0.633 0.474 0.617 0.44 0.605 0.394 0.6 0.356 0.605 0.349 0.613 0.347 0.617 0.348 0.62 0.39 0.629 0.424 0.637 0.441 0.65 0.46 0.654 0.462 0.669 0.454 0.681 0.453 0.705 0.465 0.766 0.532 0.823 0.578 0.845 0.607 0.856 0.63 0.862 0.663 0.863 0.701 0.858 0.731 0.852 0.75 0.84 0.768 0.819 0.781 0.81 0.796 0.793 0.814 0.781 0.832 0.759 0.841
0 0.485 1.0 0.303 1.0 0.288 0.974 0.277 0.951 0.27 0.921 0.268 0.879 0.28 0.729 0.286 0.705 0.295 0.686 0.317 0.662 0.33 0.656 0.326 0.583 0.322 0.55 0.322 0.542 0.325 0.527 0.327 0.525 0.338 0.523 0.347 0.533 0.344 0.548 0.346 0.564 0.344 0.575 0.346 0.626 0.349 0.639 0.348 0.648 0.352 0.653 0.354 0.662 0.371 0.657 0.39 0.661 0.402 0.669 0.426 0.692 0.445 0.706 0.459 0.711 0.483 0.729 0.502 0.75 0.515 0.775 0.523 0.797 0.531 0.834 0.53 0.869 0.526 0.902 0.509 0.956 0.485 1.0
0 0.123 0.811 0.115 0.809 0.114 0.792 0.117 0.756 0.122 0.737 0.125 0.708 0.112 0.7 0.093 0.673 0.084 0.656 0.073 0.62 0.067 0.605 0.055 0.588 0.039 0.57 0.02 0.534 0.014 0.516 0.011 0.498 0.011 0.455 0.023 0.406 0.032 0.386 0.047 0.361 0.065 0.341 0.088 0.326 0.123 0.312 0.15 0.308 0.172 0.309 0.192 0.317 0.226 0.345 0.244 0.363 0.26 0.386 0.275 0.419 0.284 0.455 0.288 0.476 0.288 0.512 0.281 0.544 0.27 0.572 0.241 0.615 0.213 0.646 0.183 0.705 0.172 0.721 0.165 0.727 0.156 0.727 0.144 0.723 0.138 0.755 0.136 0.799 0.131 0.807 0.123 0.811
0 0.533 0.768 0.517 0.768 0.509 0.764 0.488 0.733 0.464 0.715 0.44 0.703 0.432 0.696 0.427 0.687 0.422 0.669 0.417 0.628 0.416 0.544 0.406 0.493 0.407 0.477 0.41 0.459 0.422 0.435 0.397 0.392 0.377 0.368 0.379 0.354 0.375 0.342 0.38 0.343 0.394 0.361 0.41 0.386 0.415 0.397 0.424 0.406 0.431 0.422 0.458 0.421 0.469 0.425 0.486 0.438 0.524 0.476 0.575 0.499 0.6 0.524 0.614 0.552 0.622 0.591 0.625 0.62 0.621 0.654 0.608 0.694 0.597 0.719 0.575 0.746 0.551 0.762 0.533 0.768
0 0.499 0.0 0.516 0.008 0.536 0.025 0.543 0.029 0.569 0.082 0.575 0.112 0.578 0.137 0.578 0.16 0.575 0.189 0.569 0.216 0.558 0.241 0.543 0.267 0.529 0.283 0.513 0.297 0.494 0.306 0.469 0.31 0.447 0.311 0.425 0.306 0.407 0.298 0.39 0.283 0.37 0.254 0.359 0.23 0.354 0.212 0.351 0.147 0.359 0.118 0.373 0.092 0.387 0.06 0.398 0.041 0.405 0.031 0.419 0.019 0.454 0.0
0 0.914 0.667 0.909 0.664 0.899 0.645 0.891 0.635 0.859 0.639 0.848 0.612 0.822 0.578 0.775 0.541 0.709 0.469 0.692 0.457 0.7 0.38 0.706 0.36 0.715 0.345 0.733 0.332 0.741 0.322 0.752 0.313 0.78 0.302 0.812 0.299 0.835 0.305 0.864 0.321 0.875 0.332 0.899 0.366 0.908 0.386 0.91 0.399 0.915 0.478 0.922 0.509 0.931 0.571 0.931 0.592 0.928 0.602 0.921 0.618 0.913 0.63 0.916 0.646 0.922 0.657 0.914 0.667
0 0.348 0.0 0.354 0.024 0.357 0.055 0.356 0.098 0.35 0.144 0.353 0.228 0.346 0.25 0.337 0.264 0.323 0.271 0.323 0.279 0.329 0.302 0.343 0.328 0.359 0.339 0.373 0.343 0.376 0.347 0.379 0.358 0.376 0.368 0.372 0.37 0.364 0.368 0.344 0.352 0.324 0.33 0.315 0.311 0.305 0.277 0.277 0.27 0.258 0.259 0.219 0.223 0.18 0.198 0.164 0.182 0.145 0.157 0.13 0.13 0.118 0.091 0.11 0.048 0.111 0.0
0 0.616 1.0 0.579 1.0 0.576 0.998 0.602 0.938 0.612 0.925 0.633 0.913 0.663 0.906 0.685 0.909 0.701 0.914 0.725 0.929 0.752 0.956 0.777 0.998 0.616 1.0
0 0.894 0.0 0.896 0.012 0.909 0.031 0.914 0.046 0.92 0.071 0.922 0.099 0.917 0.133 0.906 0.182 0.887 0.226 0.879 0.238 0.848 0.273 0.813 0.298 0.777 0.302 0.747 0.315 0.711 0.321 0.666 0.317 0.646 0.309 0.626 0.296 0.611 0.277 0.602 0.263 0.593 0.241 0.591 0.223 0.592 0.209 0.597 0.192 0.604 0.181 0.619 0.173 0.619 0.162 0.624 0.133 0.634 0.099 0.648 0.075 0.661 0.066 0.67 0.039 0.692 0.0
0 0.294 0.999 0.092 0.998 0.09 0.966 0.093 0.955 0.107 0.926 0.117 0.911 0.129 0.865 0.137 0.845 0.145 0.833 0.16 0.818 0.152 0.783 0.14 0.744 0.141 0.729 0.144 0.721 0.156 0.727 0.168 0.787 0.178 0.811 0.184 0.811 0.203 0.804 0.22 0.81 0.234 0.826 0.253 0.861 0.267 0.88 0.27 0.919 0.275 0.941 0.281 0.958 0.3 0.993 0.3 0.997 0.302 0.998 0.294 0.999
0 0.0 0.849 0.042 0.872 0.06 0.889 0.068 0.901 0.076 0.919 0.085 0.932 0.089 0.941 0.092 0.998 0.0 1.0
0 0.569 0.494 0.529 0.48 0.485 0.437 0.472 0.428 0.457 0.422 0.435 0.422 0.434 0.396 0.427 0.37 0.424 0.332 0.412 0.307 0.411 0.3 0.428 0.306 0.447 0.31 0.477 0.309 0.495 0.305 0.511 0.296 0.528 0.283 0.555 0.247 0.576 0.254 0.599 0.274 0.617 0.301 0.626 0.325 0.631 0.364 0.628 0.404 0.626 0.411 0.621 0.391 0.617 0.348 0.614 0.347 0.602 0.351 0.6 0.358 0.601 0.372 0.609 0.409 0.618 0.442 0.609 0.461 0.594 0.479 0.581 0.489 0.569 0.494
0 0.049 0.358 0.045 0.332 0.04 0.319 0.031 0.305 0.023 0.28 0.02 0.253 0.02 0.23 0.024 0.204 0.034 0.176 0.056 0.145 0.068 0.135 0.092 0.126 0.126 0.118 0.143 0.152 0.168 0.185 0.182 0.198 0.22 0.223 0.26 0.261 0.26 0.279 0.251 0.292 0.23 0.347 0.188 0.315 0.172 0.309 0.149 0.308 0.12 0.313 0.089 0.326 0.063 0.343 0.049 0.35
