0 0.53 0.807 0.528 0.805 0.518 0.769 0.515 0.738 0.515 0.713 0.49 0.721 0.49 0.717 0.471 0.708 0.452 0.691 0.441 0.671 0.431 0.648 0.42 0.6 0.418 0.575 0.418 0.538 0.421 0.501 0.428 0.465 0.434 0.447 0.446 0.423 0.459 0.407 0.471 0.397 0.5 0.394 0.515 0.401 0.534 0.42 0.548 0.445 0.559 0.476 0.567 0.515 0.568 0.548 0.565 0.582 0.572 0.597 0.574 0.595 0.575 0.598 0.58 0.587 0.583 0.591 0.581 0.596 0.579 0.613 0.574 0.623 0.575 0.627 0.581 0.626 0.589 0.602 0.594 0.573 0.596 0.569 0.598 0.571 0.592 0.616 0.577 0.661 0.567 0.673 0.559 0.675 0.55 0.694 0.544 0.7 0.526 0.711 0.524 0.767 0.53 0.8 0.53 0.807
0 0.447 0.999 0.236 0.999 0.236 0.996 0.24 0.942 0.248 0.9 0.258 0.863 0.274 0.825 0.287 0.804 0.307 0.784 0.328 0.773 0.358 0.769 0.378 0.773 0.395 0.789 0.401 0.801 0.412 0.813 0.428 0.848 0.436 0.875 0.443 0.915 0.447 0.962 0.447 0.999
0 0.861 0.999 0.735 0.998 0.719 0.952 0.707 0.902 0.704 0.875 0.703 0.853 0.703 0.83 0.706 0.804 0.727 0.773 0.749 0.72 0.76 0.712 0.785 0.708 0.801 0.712 0.82 0.723 0.837 0.739 0.853 0.768 0.867 0.797 0.881 0.839 0.883 0.861 0.885 0.888 0.884 0.928 0.876 0.957 0.861 0.999
0 0.926 0.0 0.941 0.007 0.954 0.02 0.965 0.036 0.98 0.07 0.989 0.102 0.993 0.128 0.994 0.15 0.994 0.189 0.989 0.223 0.984 0.242 0.967 0.285 0.952 0.309 0.935 0.329 0.923 0.337 0.904 0.342 0.891 0.341 0.875 0.333 0.864 0.323 0.853 0.308 0.843 0.283 0.835 0.256 0.828 0.216 0.826 0.187 0.829 0.135 0.836 0.1 0.848 0.06 0.858 0.039 0.872 0.02 0.883 0.009 0.899 0.0
0 0.676 0.415 0.651 0.41 0.625 0.387 0.613 0.367 0.59 0.302 0.577 0.327 0.576 0.326 0.577 0.315 0.572 0.317 0.57 0.326 0.566 0.327 0.565 0.321 0.558 0.314 0.559 0.301 0.562 0.295 0.564 0.264 0.56 0.274 0.56 0.294 0.556 0.301 0.556 0.276 0.56 0.256 0.569 0.238 0.572 0.214 0.578 0.195 0.588 0.18 0.6 0.179 0.604 0.16 0.615 0.129 0.634 0.097 0.657 0.076 0.669 0.071 0.705 0.076 0.715 0.082 0.733 0.11 0.745 0.134 0.754 0.16 0.766 0.22 0.765 0.275 0.761 0.307 0.753 0.337 0.735 0.372 0.711 0.4 0.693 0.41 0.676 0.415
0 0.551 0.379 0.533 0.373 0.522 0.364 0.504 0.337 0.491 0.295 0.485 0.242 0.486 0.216 0.491 0.188 0.496 0.168 0.506 0.146 0.515 0.131 0.528 0.119 0.542 0.111 0.555 0.11 0.569 0.115 0.584 0.127 0.597 0.144 0.604 0.162 0.599 0.179 0.588 0.18 0.577 0.197 0.572 0.215 0.569 0.238 0.559 0.262 0.555 0.298 0.557 0.301 0.56 0.295 0.56 0.273 0.564 0.265 0.562 0.296 0.559 0.304 0.558 0.315 0.568 0.327 0.572 0.316 0.578 0.314 0.577 0.327 0.585 0.312 0.591 0.295 0.59 0.305 0.599 0.325 0.6 0.339 0.592 0.356 0.577 0.373 0.551 0.379
0 0.6 0.0 0.599 0.035 0.595 0.066 0.589 0.093 0.578 0.119 0.557 0.111 0.542 0.112 0.527 0.119 0.504 0.142 0.493 0.132 0.48 0.098 0.468 0.073 0.463 0.045 0.458 0.0
0 0.482 0.246 0.47 0.214 0.46 0.195 0.448 0.179 0.431 0.169 0.418 0.165 0.4 0.167 0.381 0.182 0.37 0.202 0.369 0.151 0.38 0.102 0.386 0.087 0.396 0.069 0.419 0.049 0.43 0.046 0.443 0.048 0.463 0.066 0.483 0.105 0.491 0.145 0.492 0.178 0.482 0.246
0 0.423 0.446 0.401 0.444 0.391 0.43 0.375 0.396 0.355 0.372 0.35 0.338 0.35 0.327 0.338 0.329 0.333 0.319 0.331 0.304 0.336 0.29 0.33 0.281 0.32 0.229 0.307 0.236 0.289 0.271 0.288 0.26 0.291 0.258 0.298 0.242 0.312 0.224 0.332 0.21 0.344 0.212 0.36 0.237 0.375 0.194 0.387 0.177 0.403 0.167 0.418 0.165 0.438 0.172 0.45 0.181 0.463 0.198 0.478 0.234 0.485 0.266 0.488 0.301 0.485 0.347 0.48 0.373 0.47 0.398 0.454 0.412 0.435 0.444 0.423 0.446
0 0.267 0.391 0.257 0.386 0.259 0.369 0.24 0.384 0.216 0.348 0.21 0.334 0.195 0.285 0.19 0.262 0.188 0.229 0.188 0.202 0.191 0.173 0.198 0.145 0.206 0.125 0.217 0.107 0.229 0.095 0.255 0.086 0.269 0.085 0.28 0.091 0.302 0.117 0.319 0.154 0.33 0.207 0.33 0.211 0.318 0.219 0.306 0.231 0.288 0.261 0.29 0.264 0.293 0.262 0.308 0.233 0.321 0.228 0.326 0.255 0.329 0.284 0.321 0.321 0.307 0.35 0.293 0.354 0.275 0.382 0.267 0.391
0 0.082 0.0 0.067 0.016 0.062 0.044 0.069 0.045 0.073 0.05 0.085 0.075 0.092 0.06 0.101 0.053 0.119 0.056 0.129 0.076 0.146 0.073 0.154 0.063 0.158 0.064 0.155 0.024 0.158 0.021 0.16 0.025 0.162 0.086 0.155 0.124 0.148 0.14 0.139 0.151 0.132 0.152 0.123 0.145 0.135 0.16 0.149 0.197 0.156 0.233 0.157 0.285 0.153 0.317 0.145 0.352 0.133 0.384 0.122 0.401 0.11 0.416 0.095 0.425 0.058 0.433 0.034 0.398 0.018 0.359 0.008 0.303 0.007 0.258 0.012 0.217 0.019 0.188 0.026 0.17 0.039 0.145 0.049 0.132 0.06 0.123 0.088 0.118 0.072 0.115 0.06 0.102 0.049 0.122 0.045 0.122 0.059 0.09 0.059 0.038 0.064 0.016 0.069 0.005 0.077 0.0
0 0.344 0.0 0.354 0.024 0.357 0.056 0.367 0.093 0.37 0.134 0.367 0.174 0.358 0.21 0.351 0.222 0.343 0.211 0.33 0.209 0.326 0.18 0.319 0.154 0.301 0.117 0.281 0.093 0.262 0.083 0.265 0.065 0.275 0.037 0.289 0.016 0.302 0.006 0.304 0.0
0 0.305 0.0 0.303 0.006 0.293 0.012 0.281 0.027 0.263 0.069 0.255 0.083 0.225 0.097 0.218 0.093 0.21 0.062 0.209 0.05 0.213 0.029 0.197 0.0
0 0.133 0.077 0.129 0.077 0.122 0.06 0.116 0.053 0.117 0.05 0.136 0.031 0.156 0.022 0.158 0.064 0.153 0.064 0.144 0.075 0.133 0.077
0 0.176 0.45 0.153 0.431 0.148 0.413 0.146 0.397 0.134 0.408 0.127 0.422 0.124 0.42 0.126 0.412 0.14 0.387 0.136 0.378 0.145 0.35 0.153 0.317 0.158 0.257 0.16 0.251 0.164 0.258 0.163 0.296 0.176 0.273 0.189 0.261 0.196 0.29 0.211 0.332 0.229 0.361 0.243 0.371 0.245 0.376 0.245 0.38 0.241 0.386 0.236 0.379 0.232 0.379 0.226 0.404 0.212 0.43 0.202 0.426 0.183 0.449 0.171 0.425 0.159 0.38 0.153 0.365 0.149 0.362 0.159 0.41 0.176 0.45
0 0.109 0.713 0.088 0.706 0.06 0.704 0.058 0.696 0.06 0.668 0.057 0.612 0.059 0.565 0.065 0.532 0.074 0.503 0.089 0.472 0.101 0.456 0.126 0.437 0.142 0.434 0.157 0.437 0.177 0.451 0.168 0.435 0.159 0.412 0.152 0.374 0.148 0.362 0.15 0.362 0.159 0.381 0.172 0.426 0.182 0.448 0.187 0.449 0.202 0.427 0.211 0.432 0.193 0.496 0.185 0.517 0.193 0.557 0.195 0.59 0.2 0.629 0.188 0.663 0.169 0.693 0.157 0.7 0.131 0.704 0.109 0.713
0 0.0 0.388 0.021 0.397 0.04 0.418 0.058 0.46 0.067 0.5 0.065 0.525 0.055 0.599 0.028 0.64 0.012 0.653 0.0 0.658
0 0.312 0.752 0.293 0.751 0.271 0.742 0.248 0.72 0.229 0.693 0.212 0.659 0.203 0.633 0.195 0.593 0.192 0.553 0.185 0.52 0.211 0.433 0.225 0.406 0.24 0.386 0.258 0.369 0.259 0.371 0.256 0.387 0.262 0.392 0.268 0.391 0.295 0.353 0.316 0.353 0.334 0.358 0.349 0.367 0.367 0.386 0.379 0.407 0.39 0.438 0.396 0.465 0.399 0.496 0.397 0.554 0.388 0.638 0.378 0.681 0.367 0.709 0.351 0.731 0.328 0.747 0.312 0.752
0 0.195 0.999 0.09 0.999 0.07 0.923 0.067 0.871 0.069 0.842 0.074 0.817 0.084 0.788 0.097 0.758 0.113 0.737 0.131 0.722 0.146 0.713 0.174 0.711 0.202 0.726 0.214 0.742 0.225 0.763 0.234 0.789 0.239 0.825 0.239 0.852 0.237 0.886 0.228 0.927 0.218 0.958 0.21 0.976 0.195 0.999
0 0.032 0.843 0.018 0.842 0.001 0.832 0.001 0.657 0.015 0.649 0.032 0.632 0.044 0.615 0.057 0.588 0.06 0.664 0.059 0.7 0.063 0.705 0.093 0.707 0.105 0.713 0.105 0.72 0.096 0.76 0.084 0.788 0.073 0.822 0.058 0.833 0.032 0.843
0 0.0 0.9 0.013 0.869 0.029 0.848 0.044 0.837 0.07 0.832 0.067 0.873 0.07 0.919 0.081 0.959 0.082 0.972 0.091 0.999 0.0 0.999
0 0.569 0.999 0.49 0.999 0.484 0.992 0.467 0.961 0.474 0.963 0.474 0.957 0.46 0.942 0.453 0.907 0.452 0.884 0.449 0.872 0.446 0.868 0.434 0.865 0.424 0.842 0.422 0.83 0.42 0.805 0.41 0.805 0.4 0.799 0.4 0.793 0.402 0.789 0.404 0.791 0.403 0.795 0.41 0.798 0.415 0.797 0.42 0.791 0.419 0.781 0.411 0.764 0.412 0.753 0.416 0.748 0.421 0.749 0.423 0.738 0.427 0.734 0.425 0.771 0.429 0.776 0.442 0.75 0.452 0.739 0.454 0.718 0.457 0.705 0.459 0.708 0.457 0.721 0.458 0.739 0.463 0.745 0.468 0.759 0.475 0.743 0.491 0.723 0.516 0.713 0.515 0.741 0.518 0.77 0.529 0.807 0.53 0.8 0.524 0.764 0.526 0.714 0.533 0.714 0.549 0.722 0.574 0.751 0.588 0.781 0.597 0.809 0.603 0.85 0.604 0.879 0.601 0.917 0.593 0.955 0.58 0.987 0.569 0.999
0 0.669 0.819 0.634 0.784 0.619 0.759 0.61 0.737 0.601 0.703 0.595 0.663 0.593 0.633 0.593 0.61 0.598 0.564 0.603 0.539 0.612 0.512 0.638 0.468 0.619 0.454 0.608 0.454 0.612 0.479 0.612 0.497 0.61 0.499 0.609 0.48 0.6 0.453 0.604 0.439 0.608 0.437 0.629 0.446 0.648 0.459 0.67 0.452 0.671 0.442 0.65 0.454 0.649 0.45 0.657 0.43 0.635 0.431 0.631 0.422 0.633 0.419 0.64 0.425 0.656 0.421 0.673 0.422 0.677 0.413 0.704 0.405 0.714 0.414 0.733 0.444 0.757 0.457 0.756 0.461 0.757 0.47 0.751 0.479 0.746 0.472 0.733 0.469 0.714 0.472 0.734 0.502 0.75 0.537 0.761 0.601 0.762 0.631 0.76 0.676 0.748 0.725 0.741 0.747 0.727 0.779 0.718 0.793 0.697 0.811 0.677 0.811 0.669 0.819
0 0.751 0.719 0.749 0.719 0.757 0.686 0.76 0.659 0.761 0.615 0.758 0.58 0.749 0.537 0.734 0.503 0.74 0.498 0.766 0.497 0.794 0.517 0.812 0.55 0.817 0.564 0.821 0.589 0.823 0.579 0.828 0.569 0.833 0.569 0.839 0.575 0.846 0.591 0.836 0.629 0.846 0.631 0.855 0.641 0.862 0.665 0.856 0.67 0.849 0.691 0.84 0.7 0.829 0.698 0.821 0.682 0.82 0.701 0.814 0.718 0.783 0.708 0.765 0.71 0.751 0.719
0 0.909 0.999 0.88 0.997 0.878 0.983 0.87 0.976 0.884 0.925 0.884 0.871 0.882 0.851 0.866 0.797 0.854 0.77 0.835 0.739 0.817 0.72 0.827 0.697 0.836 0.702 0.846 0.694 0.856 0.67 0.876 0.692 0.884 0.693 0.893 0.686 0.911 0.704 0.925 0.728 0.912 0.753 0.912 0.765 0.916 0.766 0.914 0.759 0.915 0.754 0.927 0.735 0.935 0.758 0.945 0.795 0.948 0.825 0.948 0.853 0.944 0.9 0.935 0.934 0.916 0.974 0.92 0.982 0.918 0.991 0.909 0.999
0 0.599 0.693 0.585 0.663 0.58 0.658 0.588 0.656 0.594 0.661 0.599 0.693
0 0.869 0.57 0.864 0.568 0.858 0.558 0.857 0.551 0.862 0.545 0.861 0.541 0.857 0.542 0.854 0.548 0.837 0.565 0.815 0.556 0.801 0.527 0.782 0.505 0.774 0.462 0.774 0.43 0.768 0.439 0.76 0.442 0.748 0.432 0.747 0.423 0.748 0.415 0.755 0.407 0.765 0.417 0.769 0.417 0.773 0.415 0.777 0.403 0.777 0.391 0.758 0.37 0.757 0.365 0.759 0.358 0.762 0.359 0.767 0.352 0.779 0.348 0.78 0.345 0.775 0.334 0.769 0.334 0.764 0.339 0.757 0.355 0.762 0.337 0.772 0.329 0.779 0.329 0.785 0.336 0.787 0.35 0.784 0.366 0.784 0.38 0.794 0.35 0.803 0.331 0.812 0.32 0.83 0.308 0.851 0.306 0.873 0.331 0.897 0.343 0.907 0.361 0.916 0.39 0.923 0.426 0.925 0.495 0.917 0.501 0.915 0.514 0.898 0.544 0.882 0.562 0.869 0.57
0 1.0 0.609 0.983 0.601 0.963 0.583 0.951 0.568 0.934 0.534 0.924 0.5 0.923 0.433 0.919 0.402 0.921 0.392 0.954 0.342 0.975 0.325 0.999 0.317 1.0 0.609
0 1.0 0.914 0.983 0.903 0.976 0.894 0.951 0.853 0.948 0.844 0.948 0.826 0.944 0.793 0.932 0.748 0.94 0.695 0.95 0.662 0.962 0.64 0.973 0.627 0.995 0.615 1.0 0.616 1.0 0.914
0 0.999 0.999 0.918 0.999 0.917 0.995 0.927 0.963 0.945 0.931 0.966 0.917 0.994 0.914 0.998 0.915 1.0 0.922 0.999 0.999
0 0.827 0.0 0.841 0.026 0.848 0.055 0.834 0.106 0.828 0.139 0.826 0.179 0.827 0.205 0.809 0.23 0.793 0.242 0.784 0.245 0.775 0.244 0.767 0.236 0.763 0.199 0.753 0.16 0.745 0.133 0.727 0.099 0.73 0.063 0.737 0.037 0.746 0.015 0.755 0.0
0 0.74 0.0 0.733 0.051 0.719 0.088 0.692 0.072 0.668 0.071 0.655 0.076 0.634 0.096 0.617 0.075 0.61 0.061 0.604 0.037 0.603 0.0
0 0.589 0.584 0.583 0.581 0.568 0.556 0.565 0.508 0.553 0.457 0.559 0.418 0.573 0.382 0.593 0.357 0.607 0.349 0.621 0.379 0.641 0.402 0.654 0.41 0.675 0.413 0.674 0.422 0.672 0.423 0.656 0.422 0.64 0.426 0.633 0.42 0.631 0.422 0.636 0.432 0.657 0.431 0.649 0.45 0.649 0.454 0.671 0.442 0.671 0.452 0.648 0.46 0.617 0.439 0.604 0.44 0.6 0.455 0.608 0.479 0.61 0.5 0.612 0.498 0.612 0.478 0.608 0.455 0.62 0.456 0.638 0.471 0.622 0.494 0.612 0.513 0.603 0.54 0.598 0.567 0.589 0.584
0 0.379 0.75 0.362 0.745 0.353 0.739 0.351 0.733 0.371 0.7 0.378 0.68 0.386 0.65 0.395 0.569 0.399 0.51 0.418 0.511 0.419 0.514 0.418 0.577 0.421 0.604 0.429 0.64 0.444 0.682 0.437 0.705 0.427 0.721 0.394 0.744 0.379 0.75
0 0.236 0.997 0.22 0.996 0.212 0.984 0.211 0.976 0.229 0.92 0.239 0.867 0.239 0.816 0.232 0.775 0.226 0.759 0.235 0.725 0.234 0.704 0.257 0.729 0.284 0.748 0.309 0.758 0.335 0.756 0.337 0.77 0.322 0.775 0.3 0.79 0.285 0.807 0.266 0.842 0.253 0.878 0.247 0.902 0.24 0.947 0.236 0.997
0 0.096 0.759 0.098 0.743 0.106 0.711 0.116 0.71 0.139 0.701 0.158 0.7 0.168 0.693 0.187 0.664 0.2 0.673 0.218 0.724 0.222 0.752 0.222 0.757 0.21 0.736 0.2 0.725 0.186 0.715 0.17 0.71 0.146 0.713 0.126 0.725 0.109 0.74 0.096 0.759
0 0.232 0.734 0.225 0.73 0.214 0.714 0.206 0.695 0.199 0.669 0.195 0.644 0.2 0.619 0.212 0.658 0.235 0.702 0.236 0.724 0.232 0.734
0 0.065 0.535 0.066 0.499 0.056 0.455 0.039 0.417 0.04 0.411 0.056 0.433 0.069 0.433 0.089 0.428 0.108 0.417 0.121 0.404 0.135 0.381 0.142 0.386 0.126 0.412 0.125 0.422 0.148 0.394 0.151 0.422 0.158 0.436 0.127 0.437 0.099 0.459 0.082 0.485 0.07 0.513 0.065 0.535
0 0.0 0.143 0.012 0.14 0.038 0.145 0.023 0.176 0.016 0.2 0.01 0.24 0.008 0.275 0.01 0.308 0.016 0.349 0.022 0.372 0.035 0.402 0.027 0.401 0.0 0.385
0 0.19 0.0 0.19 0.021 0.188 0.025 0.156 0.021 0.137 0.03 0.12 0.044 0.094 0.027 0.081 0.007 0.082 0.0
0 0.968 0.328 0.952 0.325 0.949 0.32 0.971 0.278 0.981 0.252 0.991 0.211 0.994 0.172 0.994 0.14 0.99 0.109 0.983 0.079 0.974 0.055 0.984 0.046 1.0 0.041 1.0 0.32 0.987 0.32 0.968 0.328
0 0.9 0.0 0.887 0.007 0.872 0.021 0.859 0.038 0.849 0.058 0.839 0.025 0.825 0.0
0 0.537 0.422 0.519 0.404 0.5 0.394 0.473 0.396 0.482 0.367 0.489 0.319 0.497 0.32 0.508 0.345 0.525 0.37 0.533 0.397 0.537 0.422
0 0.351 0.28 0.345 0.274 0.344 0.268 0.351 0.27 0.351 0.28
0 0.415 0.798 0.403 0.796 0.403 0.789 0.399 0.794 0.386 0.78 0.373 0.772 0.372 0.762 0.418 0.728 0.436 0.726 0.453 0.735 0.452 0.742 0.442 0.751 0.43 0.777 0.425 0.77 0.427 0.734 0.423 0.738 0.422 0.75 0.418 0.748 0.414 0.751 0.412 0.763 0.419 0.778 0.421 0.789 0.419 0.794 0.415 0.798
0 0.58 0.628 0.574 0.627 0.574 0.624 0.578 0.613 0.582 0.59 0.58 0.588 0.575 0.597 0.573 0.598 0.563 0.579 0.568 0.556 0.573 0.563 0.589 0.597 0.58 0.628
0 0.633 0.999 0.572 0.999 0.587 0.971 0.597 0.94 0.624 0.978 0.633 0.99
