0 0.187 0.53 0.165 0.526 0.144 0.515 0.129 0.497 0.118 0.474 0.114 0.447 0.117 0.416 0.125 0.397 0.14 0.383 0.155 0.378 0.174 0.376 0.198 0.38 0.212 0.388 0.223 0.398 0.232 0.412 0.237 0.427 0.24 0.438 0.241 0.454 0.238 0.476 0.232 0.494 0.221 0.511 0.214 0.518 0.187 0.53
0 0.3 0.696 0.263 0.688 0.246 0.68 0.236 0.673 0.224 0.66 0.211 0.64 0.205 0.61 0.206 0.571 0.211 0.55 0.218 0.533 0.226 0.521 0.24 0.509 0.268 0.496 0.28 0.495 0.306 0.5 0.32 0.509 0.331 0.519 0.348 0.54 0.357 0.555 0.37 0.603 0.371 0.614 0.366 0.633 0.354 0.666 0.328 0.69 0.316 0.694 0.3 0.696
0 0.53 0.799 0.487 0.796 0.466 0.787 0.452 0.771 0.442 0.754 0.427 0.701 0.423 0.657 0.424 0.639 0.43 0.619 0.439 0.603 0.453 0.588 0.48 0.574 0.511 0.568 0.526 0.571 0.537 0.577 0.55 0.587 0.563 0.602 0.573 0.619 0.58 0.642 0.583 0.678 0.579 0.706 0.567 0.748 0.551 0.782 0.538 0.794 0.53 0.799
0 0.682 0.767 0.674 0.767 0.658 0.76 0.64 0.739 0.626 0.715 0.617 0.694 0.608 0.66 0.608 0.62 0.612 0.601 0.617 0.589 0.626 0.575 0.637 0.566 0.682 0.552 0.71 0.553 0.719 0.556 0.734 0.566 0.75 0.581 0.76 0.596 0.769 0.615 0.772 0.63 0.776 0.655 0.776 0.677 0.77 0.711 0.763 0.732 0.744 0.754 0.732 0.76 0.708 0.758 0.697 0.761 0.689 0.766 0.682 0.767
0 0.753 0.584 0.732 0.564 0.711 0.554 0.682 0.552 0.658 0.558 0.654 0.552 0.645 0.523 0.644 0.491 0.649 0.468 0.655 0.453 0.672 0.429 0.691 0.416 0.706 0.409 0.734 0.408 0.754 0.414 0.769 0.424 0.786 0.447 0.794 0.484 0.794 0.503 0.792 0.521 0.777 0.554 0.759 0.578 0.753 0.584
0 0.804 0.473 0.793 0.471 0.786 0.447 0.77 0.424 0.756 0.415 0.732 0.407 0.728 0.393 0.73 0.369 0.733 0.358 0.74 0.345 0.759 0.326 0.786 0.312 0.812 0.312 0.822 0.315 0.833 0.323 0.846 0.339 0.852 0.351 0.859 0.386 0.858 0.416 0.855 0.429 0.848 0.443 0.832 0.464 0.804 0.473
0 0.448 0.565 0.426 0.564 0.415 0.553 0.408 0.539 0.396 0.505 0.389 0.473 0.392 0.445 0.402 0.422 0.42 0.405 0.443 0.4 0.462 0.402 0.464 0.411 0.465 0.406 0.468 0.405 0.492 0.422 0.505 0.44 0.511 0.466 0.511 0.482 0.507 0.5 0.493 0.536 0.47 0.562 0.448 0.565
0 0.363 0.482 0.342 0.477 0.327 0.479 0.316 0.475 0.301 0.459 0.295 0.448 0.29 0.408 0.291 0.377 0.295 0.359 0.301 0.348 0.314 0.332 0.333 0.326 0.36 0.328 0.386 0.343 0.4 0.36 0.405 0.372 0.408 0.388 0.407 0.415 0.396 0.433 0.388 0.464 0.373 0.478 0.363 0.482
0 0.403 0.362 0.38 0.339 0.36 0.328 0.342 0.325 0.343 0.297 0.348 0.275 0.357 0.255 0.368 0.245 0.383 0.242 0.405 0.248 0.422 0.262 0.429 0.278 0.432 0.316 0.429 0.343 0.412 0.359 0.403 0.362
0 0.582 0.518 0.557 0.518 0.546 0.513 0.537 0.505 0.527 0.486 0.518 0.461 0.512 0.436 0.514 0.402 0.524 0.374 0.532 0.363 0.543 0.354 0.569 0.343 0.587 0.348 0.61 0.37 0.622 0.389 0.628 0.412 0.627 0.435 0.618 0.481 0.609 0.499 0.601 0.509 0.594 0.515 0.582 0.518
0 0.614 0.375 0.593 0.352 0.574 0.343 0.55 0.35 0.527 0.368 0.521 0.343 0.522 0.323 0.531 0.303 0.54 0.293 0.567 0.275 0.582 0.275 0.584 0.272 0.588 0.271 0.589 0.273 0.589 0.279 0.604 0.292 0.616 0.309 0.622 0.322 0.624 0.339 0.623 0.349 0.621 0.362 0.614 0.37
