0 0.534 0.737 0.51 0.736 0.495 0.732 0.492 0.729 0.477 0.726 0.449 0.713 0.418 0.69 0.366 0.639 0.334 0.597 0.298 0.533 0.271 0.469 0.254 0.416 0.248 0.391 0.243 0.342 0.242 0.301 0.246 0.246 0.252 0.213 0.259 0.187 0.273 0.152 0.308 0.105 0.325 0.09 0.369 0.064 0.386 0.059 0.424 0.059 0.46 0.066 0.516 0.093 0.566 0.131 0.6 0.166 0.637 0.201 0.681 0.26 0.694 0.281 0.713 0.319 0.724 0.347 0.731 0.371 0.74 0.418 0.744 0.454 0.744 0.482 0.739 0.522 0.733 0.547 0.723 0.572 0.712 0.592 0.709 0.602 0.687 0.646 0.678 0.662 0.666 0.676 0.656 0.692 0.645 0.705 0.634 0.713 0.611 0.724 0.58 0.729 0.574 0.732 0.534 0.737
0 0.833 1.0 0.417 1.0 0.401 0.975 0.39 0.956 0.372 0.907 0.368 0.893 0.363 0.862 0.363 0.822 0.371 0.781 0.384 0.748 0.392 0.734 0.412 0.705 0.423 0.694 0.428 0.694 0.442 0.705 0.464 0.715 0.471 0.723 0.481 0.728 0.5 0.733 0.557 0.735 0.564 0.73 0.575 0.731 0.584 0.727 0.592 0.727 0.596 0.724 0.609 0.722 0.636 0.71 0.64 0.704 0.649 0.697 0.666 0.674 0.676 0.664 0.689 0.667 0.705 0.674 0.748 0.7 0.792 0.74 0.815 0.777 0.818 0.784 0.82 0.796 0.826 0.802 0.832 0.815 0.841 0.84 0.845 0.865 0.847 0.892 0.846 0.952 0.841 0.975 0.834 0.993 0.833 1.0
0 0.793 0.733 0.782 0.729 0.752 0.703 0.717 0.679 0.691 0.667 0.682 0.658 0.714 0.593 0.725 0.566 0.736 0.529 0.743 0.476 0.743 0.444 0.736 0.393 0.727 0.36 0.727 0.351 0.743 0.355 0.782 0.378 0.803 0.394 0.831 0.423 0.851 0.448 0.869 0.477 0.881 0.505 0.89 0.537 0.893 0.572 0.889 0.598 0.881 0.623 0.876 0.631 0.875 0.641 0.865 0.659 0.85 0.698 0.846 0.704 0.837 0.712 0.83 0.711 0.822 0.714 0.818 0.718 0.811 0.721 0.812 0.724 0.793 0.733
0 0.907 0.0 0.911 0.015 0.913 0.032 0.914 0.059 0.911 0.086 0.904 0.116 0.882 0.173 0.865 0.208 0.827 0.261 0.79 0.299 0.76 0.321 0.748 0.326 0.737 0.326 0.717 0.321 0.711 0.314 0.71 0.305 0.701 0.296 0.682 0.263 0.653 0.222 0.633 0.197 0.597 0.163 0.589 0.152 0.595 0.114 0.608 0.064 0.62 0.035 0.64 0.0
0 0.645 0.0 0.64 0.005 0.617 0.044 0.605 0.078 0.596 0.112 0.591 0.141 0.586 0.144 0.58 0.144 0.544 0.112 0.512 0.09 0.461 0.066 0.433 0.06 0.414 0.058 0.413 0.048 0.415 0.045 0.41 0.037 0.412 0.03 0.405 0.015 0.405 0.0
0 0.0 0.06 0.029 0.044 0.043 0.039 0.083 0.035 0.108 0.036 0.128 0.041 0.156 0.057 0.172 0.071 0.181 0.084 0.187 0.088 0.195 0.097 0.214 0.13 0.223 0.15 0.241 0.214 0.244 0.24 0.244 0.335 0.246 0.354 0.248 0.397 0.247 0.425 0.242 0.454 0.244 0.462 0.242 0.49 0.228 0.544 0.223 0.548 0.22 0.557 0.212 0.566 0.212 0.57 0.209 0.571 0.189 0.606 0.163 0.638 0.139 0.659 0.129 0.665 0.111 0.673 0.094 0.677 0.088 0.675 0.082 0.682 0.028 0.672 0.022 0.667 0.012 0.666 0.0 0.661
0 0.239 0.876 0.211 0.869 0.182 0.85 0.146 0.803 0.135 0.784 0.127 0.761 0.123 0.736 0.124 0.706 0.128 0.679 0.135 0.658 0.152 0.646 0.158 0.638 0.16 0.633 0.163 0.633 0.167 0.63 0.17 0.623 0.18 0.612 0.208 0.569 0.214 0.565 0.22 0.554 0.225 0.549 0.231 0.536 0.235 0.514 0.238 0.51 0.237 0.502 0.262 0.478 0.272 0.472 0.282 0.497 0.311 0.556 0.341 0.605 0.368 0.639 0.418 0.689 0.419 0.694 0.393 0.733 0.383 0.751 0.373 0.774 0.368 0.801 0.364 0.812 0.32 0.846 0.286 0.86 0.27 0.87 0.239 0.876
0 0.888 0.51 0.882 0.507 0.88 0.499 0.859 0.458 0.851 0.449 0.849 0.443 0.823 0.416 0.82 0.409 0.793 0.384 0.742 0.353 0.74 0.348 0.745 0.33 0.761 0.323 0.776 0.312 0.814 0.277 0.845 0.235 0.864 0.207 0.899 0.129 0.902 0.126 0.914 0.126 0.945 0.139 0.958 0.15 0.985 0.194 0.994 0.217 1.0 0.239 1.0 0.332 0.994 0.36 0.988 0.38 0.977 0.408 0.966 0.43 0.954 0.447 0.945 0.455 0.943 0.461 0.931 0.478 0.916 0.491 0.917 0.493 0.911 0.495 0.907 0.502 0.899 0.503 0.888 0.51
0 0.0 0.663 0.013 0.669 0.016 0.676 0.021 0.679 0.026 0.679 0.029 0.676 0.026 0.671 0.05 0.677 0.066 0.678 0.103 0.673 0.134 0.661 0.126 0.702 0.123 0.735 0.101 0.741 0.064 0.741 0.03 0.735 0.0 0.726
0 0.245 0.263 0.241 0.212 0.237 0.192 0.233 0.187 0.234 0.184 0.232 0.174 0.218 0.135 0.205 0.117 0.197 0.099 0.193 0.095 0.192 0.091 0.192 0.086 0.195 0.082 0.196 0.074 0.2 0.07 0.207 0.073 0.209 0.08 0.217 0.097 0.229 0.113 0.241 0.125 0.247 0.138 0.262 0.14 0.27 0.143 0.278 0.141 0.279 0.143 0.279 0.146 0.276 0.148 0.27 0.157 0.258 0.191 0.253 0.213 0.252 0.224 0.249 0.231 0.247 0.249 0.245 0.253 0.245 0.263
0 0.404 0.0 0.412 0.038 0.413 0.055 0.38 0.06 0.344 0.076 0.314 0.098 0.282 0.138 0.274 0.143 0.249 0.138 0.248 0.134 0.245 0.132 0.24 0.124 0.219 0.1 0.21 0.079 0.203 0.056 0.198 0.03 0.196 0.0
0 0.191 0.093 0.158 0.058 0.15 0.053 0.16 0.038 0.16 0.026 0.151 0.014 0.138 0.015 0.137 0.013 0.138 0.01 0.152 0.004 0.168 0.004 0.194 0.008 0.197 0.01 0.2 0.041 0.208 0.073 0.199 0.071 0.196 0.073 0.191 0.09
