0 0.599 0.564 0.581 0.564 0.564 0.56 0.548 0.551 0.532 0.539 0.52 0.521 0.509 0.501 0.503 0.482 0.499 0.461 0.499 0.436 0.502 0.416 0.509 0.395 0.52 0.375 0.538 0.349 0.554 0.333 0.566 0.325 0.582 0.32 0.603 0.32 0.622 0.324 0.636 0.33 0.651 0.342 0.667 0.36 0.675 0.376 0.685 0.407 0.688 0.434 0.688 0.467 0.684 0.489 0.678 0.505 0.667 0.528 0.655 0.542 0.642 0.552 0.62 0.561 0.599 0.564
0 0.383 0.644 0.368 0.644 0.348 0.638 0.331 0.624 0.32 0.611 0.306 0.589 0.3 0.572 0.295 0.544 0.294 0.514 0.298 0.491 0.304 0.469 0.318 0.44 0.33 0.423 0.345 0.411 0.36 0.403 0.392 0.399 0.422 0.409 0.446 0.428 0.456 0.438 0.465 0.454 0.472 0.472 0.477 0.492 0.478 0.518 0.477 0.537 0.472 0.56 0.466 0.577 0.455 0.596 0.438 0.615 0.417 0.631 0.4 0.64 0.383 0.644
0 0.225 0.549 0.213 0.549 0.193 0.543 0.175 0.53 0.165 0.516 0.157 0.497 0.142 0.448 0.139 0.447 0.128 0.451 0.124 0.451 0.123 0.449 0.123 0.444 0.128 0.439 0.14 0.441 0.137 0.419 0.138 0.394 0.145 0.369 0.155 0.351 0.172 0.333 0.183 0.326 0.203 0.318 0.218 0.317 0.235 0.318 0.253 0.324 0.277 0.343 0.292 0.363 0.302 0.383 0.309 0.402 0.312 0.418 0.311 0.441 0.307 0.462 0.299 0.485 0.285 0.51 0.272 0.525 0.254 0.537 0.237 0.546 0.225 0.549
0 0.618 0.283 0.598 0.282 0.582 0.276 0.563 0.264 0.548 0.247 0.536 0.224 0.526 0.193 0.522 0.166 0.522 0.139 0.525 0.12 0.528 0.108 0.544 0.077 0.559 0.058 0.579 0.042 0.591 0.035 0.619 0.025 0.641 0.025 0.655 0.03 0.669 0.039 0.678 0.05 0.689 0.07 0.701 0.106 0.705 0.129 0.707 0.147 0.706 0.168 0.703 0.188 0.697 0.207 0.681 0.238 0.668 0.254 0.651 0.269 0.637 0.278 0.618 0.283
0 0.472 0.0 0.49 0.012 0.504 0.03 0.509 0.038 0.525 0.078 0.527 0.086 0.527 0.103 0.522 0.146 0.522 0.178 0.52 0.185 0.511 0.202 0.497 0.222 0.487 0.233 0.469 0.246 0.445 0.252 0.432 0.25 0.414 0.244 0.403 0.221 0.392 0.201 0.378 0.186 0.367 0.176 0.364 0.157 0.362 0.136 0.363 0.11 0.367 0.083 0.374 0.058 0.382 0.038 0.393 0.019 0.406 0.007 0.419 0.0
0 0.767 0.527 0.748 0.524 0.737 0.519 0.726 0.511 0.71 0.497 0.691 0.471 0.689 0.465 0.689 0.446 0.687 0.416 0.677 0.377 0.682 0.357 0.691 0.339 0.702 0.323 0.723 0.301 0.739 0.292 0.755 0.287 0.791 0.285 0.822 0.296 0.839 0.308 0.847 0.318 0.856 0.337 0.861 0.353 0.863 0.367 0.863 0.386 0.859 0.409 0.845 0.449 0.846 0.451 0.852 0.454 0.853 0.459 0.851 0.465 0.845 0.468 0.84 0.465 0.837 0.466 0.82 0.497 0.802 0.514 0.787 0.523 0.767 0.527
0 0.338 0.402 0.319 0.402 0.31 0.399 0.294 0.367 0.279 0.345 0.253 0.325 0.238 0.318 0.232 0.297 0.231 0.276 0.233 0.251 0.239 0.226 0.247 0.208 0.258 0.192 0.267 0.182 0.286 0.169 0.306 0.162 0.333 0.16 0.348 0.164 0.366 0.175 0.378 0.184 0.392 0.201 0.407 0.226 0.413 0.243 0.419 0.27 0.419 0.298 0.414 0.324 0.409 0.342 0.395 0.37 0.383 0.383 0.37 0.393 0.356 0.399 0.338 0.402
0 0.17 0.29 0.15 0.288 0.137 0.281 0.122 0.269 0.105 0.238 0.086 0.213 0.077 0.184 0.073 0.156 0.074 0.122 0.08 0.102 0.086 0.089 0.104 0.066 0.116 0.056 0.137 0.046 0.152 0.042 0.171 0.041 0.19 0.046 0.212 0.056 0.228 0.071 0.239 0.086 0.248 0.106 0.254 0.128 0.257 0.166 0.258 0.19 0.241 0.222 0.231 0.255 0.215 0.272 0.203 0.281 0.189 0.288 0.17 0.29
0 0.663 0.912 0.635 0.91 0.623 0.906 0.608 0.895 0.595 0.883 0.582 0.866 0.571 0.844 0.564 0.828 0.555 0.797 0.552 0.778 0.553 0.75 0.556 0.731 0.562 0.712 0.574 0.693 0.583 0.682 0.592 0.674 0.605 0.667 0.626 0.661 0.645 0.66 0.659 0.663 0.686 0.674 0.701 0.686 0.718 0.706 0.733 0.734 0.74 0.755 0.745 0.787 0.746 0.813 0.744 0.836 0.732 0.87 0.721 0.885 0.7 0.902 0.68 0.91 0.663 0.912
0 0.482 1.0 0.434 0.999 0.409 0.981 0.399 0.971 0.38 0.944 0.379 0.944 0.378 0.949 0.378 0.969 0.372 0.97 0.369 0.968 0.369 0.96 0.375 0.934 0.368 0.91 0.367 0.872 0.369 0.856 0.375 0.837 0.39 0.807 0.4 0.794 0.412 0.781 0.437 0.766 0.455 0.761 0.48 0.762 0.498 0.771 0.506 0.777 0.514 0.79 0.529 0.824 0.538 0.866 0.539 0.889 0.538 0.906 0.535 0.924 0.527 0.946 0.516 0.966 0.505 0.981 0.493 0.993 0.482 1.0
0 0.266 0.974 0.24 0.971 0.221 0.958 0.214 0.95 0.196 0.915 0.19 0.894 0.188 0.877 0.189 0.841 0.191 0.818 0.194 0.801 0.2 0.789 0.21 0.773 0.223 0.758 0.244 0.744 0.264 0.738 0.269 0.738 0.272 0.752 0.278 0.766 0.293 0.785 0.318 0.8 0.337 0.806 0.34 0.821 0.339 0.852 0.347 0.853 0.35 0.851 0.354 0.854 0.353 0.863 0.35 0.866 0.339 0.859 0.338 0.889 0.336 0.909 0.327 0.932 0.319 0.945 0.306 0.959 0.299 0.964 0.281 0.972 0.266 0.974
0 0.805 0.768 0.8 0.768 0.799 0.764 0.775 0.765 0.766 0.763 0.753 0.756 0.739 0.743 0.735 0.739 0.726 0.719 0.708 0.692 0.703 0.672 0.7 0.651 0.7 0.629 0.703 0.603 0.709 0.587 0.716 0.574 0.728 0.56 0.74 0.552 0.759 0.549 0.78 0.548 0.78 0.543 0.778 0.533 0.782 0.529 0.787 0.529 0.789 0.531 0.791 0.548 0.817 0.545 0.841 0.546 0.852 0.549 0.862 0.556 0.876 0.572 0.884 0.585 0.89 0.603 0.895 0.629 0.895 0.658 0.893 0.68 0.885 0.706 0.876 0.724 0.866 0.736 0.858 0.743 0.846 0.749 0.81 0.76 0.808 0.762 0.808 0.766 0.805 0.768
0 0.872 0.938 0.85 0.936 0.837 0.931 0.825 0.924 0.8 0.898 0.793 0.888 0.786 0.873 0.783 0.862 0.791 0.835 0.792 0.817 0.789 0.78 0.792 0.775 0.795 0.768 0.798 0.768 0.803 0.771 0.805 0.77 0.808 0.768 0.809 0.763 0.812 0.761 0.845 0.751 0.85 0.75 0.863 0.753 0.878 0.76 0.892 0.77 0.904 0.786 0.914 0.802 0.922 0.823 0.927 0.845 0.928 0.871 0.924 0.895 0.917 0.911 0.903 0.926 0.89 0.935 0.872 0.938
0 0.151 0.785 0.13 0.784 0.116 0.779 0.1 0.768 0.089 0.754 0.077 0.731 0.069 0.706 0.066 0.685 0.068 0.658 0.071 0.641 0.078 0.62 0.089 0.601 0.104 0.582 0.112 0.58 0.144 0.581 0.159 0.578 0.174 0.571 0.181 0.571 0.195 0.577 0.213 0.594 0.222 0.605 0.236 0.632 0.245 0.657 0.245 0.669 0.243 0.703 0.234 0.733 0.225 0.747 0.213 0.76 0.198 0.77 0.181 0.778 0.167 0.783 0.151 0.78
