0 0.275 0.338 0.267 0.338 0.253 0.333 0.235 0.333 0.221 0.33 0.214 0.326 0.196 0.327 0.189 0.323 0.183 0.323 0.173 0.326 0.161 0.326 0.151 0.323 0.145 0.317 0.092 0.287 0.078 0.273 0.074 0.264 0.074 0.25 0.066 0.227 0.067 0.209 0.066 0.183 0.061 0.173 0.052 0.165 0.021 0.1 0.012 0.076 0.002 0.059 0.002 0.002 0.533 0.002 0.54 0.035 0.55 0.059 0.56 0.093 0.561 0.11 0.56 0.12 0.555 0.129 0.553 0.145 0.533 0.15 0.517 0.158 0.501 0.176 0.489 0.205 0.467 0.215 0.446 0.228 0.439 0.234 0.431 0.252 0.426 0.274 0.425 0.311 0.403 0.319 0.367 0.329 0.349 0.33 0.332 0.328 0.293 0.337 0.275 0.338
0 0.661 0.564 0.618 0.562 0.59 0.556 0.57 0.549 0.557 0.536 0.559 0.531 0.556 0.53 0.555 0.533 0.555 0.529 0.549 0.523 0.544 0.514 0.544 0.5 0.552 0.484 0.559 0.478 0.566 0.465 0.574 0.457 0.563 0.446 0.56 0.437 0.552 0.425 0.546 0.423 0.515 0.399 0.505 0.384 0.479 0.363 0.46 0.35 0.45 0.347 0.442 0.341 0.431 0.328 0.425 0.304 0.424 0.282 0.433 0.245 0.438 0.236 0.45 0.225 0.459 0.221 0.47 0.213 0.483 0.209 0.489 0.204 0.5 0.177 0.518 0.157 0.529 0.152 0.602 0.135 0.634 0.126 0.652 0.124 0.675 0.119 0.753 0.117 0.809 0.111 0.836 0.112 0.861 0.119 0.876 0.128 0.899 0.136 0.937 0.162 0.964 0.169 0.979 0.179 0.996 0.197 1.0 0.207 1.0 0.518 0.991 0.52 0.985 0.523 0.967 0.524 0.904 0.515 0.829 0.514 0.82 0.513 0.799 0.505 0.777 0.502 0.767 0.496 0.754 0.496 0.742 0.499 0.727 0.5 0.721 0.504 0.714 0.504 0.706 0.508 0.708 0.532 0.703 0.543 0.688 0.555 0.675 0.558 0.665 0.559 0.664 0.562 0.661 0.564
0 0.318 0.664 0.301 0.664 0.279 0.661 0.251 0.645 0.234 0.633 0.232 0.628 0.234 0.596 0.231 0.585 0.222 0.573 0.217 0.562 0.19 0.545 0.186 0.537 0.191 0.511 0.19 0.495 0.178 0.464 0.177 0.448 0.188 0.43 0.219 0.406 0.226 0.404 0.232 0.398 0.244 0.391 0.256 0.37 0.26 0.359 0.27 0.347 0.267 0.343 0.268 0.34 0.299 0.337 0.327 0.327 0.341 0.326 0.37 0.321 0.397 0.319 0.417 0.313 0.426 0.312 0.43 0.317 0.432 0.334 0.452 0.348 0.472 0.359 0.506 0.383 0.524 0.405 0.557 0.428 0.57 0.441 0.572 0.446 0.579 0.451 0.581 0.453 0.584 0.466 0.58 0.468 0.576 0.477 0.563 0.484 0.541 0.484 0.538 0.489 0.537 0.517 0.555 0.546 0.551 0.567 0.556 0.575 0.556 0.586 0.55 0.592 0.547 0.603 0.538 0.615 0.524 0.629 0.505 0.643 0.487 0.651 0.446 0.663 0.403 0.66 0.389 0.656 0.366 0.655 0.354 0.656 0.334 0.662 0.318 0.664
0 0.051 0.823 0.035 0.823 0.0 0.817 0.001 0.442 0.01 0.444 0.073 0.446 0.085 0.452 0.093 0.458 0.114 0.47 0.139 0.487 0.152 0.502 0.165 0.511 0.19 0.544 0.202 0.551 0.209 0.557 0.219 0.562 0.225 0.573 0.232 0.579 0.235 0.594 0.233 0.631 0.237 0.636 0.237 0.642 0.241 0.651 0.241 0.661 0.239 0.671 0.239 0.689 0.23 0.707 0.191 0.736 0.158 0.77 0.141 0.784 0.109 0.801 0.101 0.807 0.095 0.808 0.085 0.813 0.068 0.816 0.051 0.823
0 0.43 0.66 0.427 0.66 0.432 0.654 0.444 0.656 0.441 0.659 0.432 0.657 0.43 0.66
0 0.999 1.0 0.544 1.0 0.523 0.978 0.5 0.944 0.47 0.912 0.445 0.867 0.445 0.85 0.451 0.826 0.459 0.808 0.529 0.703 0.549 0.68 0.57 0.665 0.598 0.654 0.639 0.648 0.688 0.637 0.714 0.633 0.796 0.634 0.842 0.631 0.886 0.632 0.908 0.638 0.932 0.642 0.948 0.649 0.977 0.666 1.0 0.683 0.999 1.0
0 0.847 0.0 0.85 0.037 0.858 0.064 0.858 0.101 0.856 0.111 0.852 0.115 0.831 0.111 0.805 0.111 0.744 0.117 0.728 0.118 0.703 0.115 0.685 0.116 0.67 0.119 0.666 0.111 0.667 0.097 0.663 0.085 0.66 0.057 0.644 0.03 0.64 0.026 0.631 0.001 0.629 0.0
0 0.0 0.221 0.005 0.219 0.02 0.219 0.04 0.223 0.054 0.234 0.06 0.242 0.064 0.251 0.064 0.261 0.067 0.269 0.079 0.28 0.08 0.284 0.095 0.291 0.108 0.3 0.136 0.311 0.142 0.316 0.148 0.326 0.157 0.33 0.173 0.334 0.18 0.346 0.188 0.351 0.208 0.351 0.208 0.348 0.212 0.348 0.21 0.352 0.213 0.357 0.227 0.368 0.231 0.386 0.229 0.394 0.184 0.432 0.186 0.439 0.185 0.449 0.181 0.458 0.174 0.464 0.182 0.475 0.182 0.48 0.18 0.486 0.169 0.491 0.156 0.49 0.132 0.474 0.097 0.465 0.085 0.455 0.079 0.443 0.07 0.443 0.066 0.446 0.051 0.446 0.015 0.445 0.0 0.442
0 1.0 0.0 0.998 0.19 0.963 0.169 0.937 0.162 0.9 0.136 0.878 0.128 0.859 0.117 0.868 0.091 0.858 0.072 0.858 0.064 0.847 0.035 0.847 0.015 0.845 0.015 0.846 0.006 0.844 0.0
0 0.995 0.673 0.983 0.669 0.965 0.654 0.926 0.639 0.873 0.63 0.779 0.633 0.766 0.628 0.752 0.627 0.741 0.624 0.711 0.611 0.692 0.597 0.668 0.569 0.69 0.553 0.706 0.535 0.709 0.519 0.706 0.505 0.749 0.498 0.808 0.513 0.857 0.516 0.88 0.52 0.934 0.52 0.962 0.526 0.982 0.525 0.999 0.518 1.0 0.644 0.998 0.647 1.0 0.648 1.0 0.672 0.995 0.67
