0 0.069 0.0 0.072 0.026 0.07 0.052 0.045 0.096 0.024 0.151 0.021 0.157 0.017 0.157 0.019 0.164 0.015 0.191 0.013 0.23 0.014 0.254 0.018 0.273 0.006 0.31 0.0 0.351
0 0.467 0.0 0.467 0.021 0.438 0.021 0.375 0.027 0.335 0.034 0.323 0.039 0.316 0.04 0.312 0.044 0.303 0.048 0.284 0.065 0.268 0.076 0.261 0.089 0.247 0.105 0.24 0.12 0.224 0.14 0.206 0.151 0.189 0.167 0.164 0.193 0.138 0.226 0.115 0.248 0.101 0.26 0.082 0.269 0.064 0.281 0.047 0.279 0.033 0.263 0.022 0.233 0.018 0.206 0.02 0.157 0.027 0.145 0.039 0.108 0.056 0.074 0.072 0.05 0.108 0.006 0.116 0.0
0 0.86 0.054 0.847 0.052 0.822 0.04 0.791 0.033 0.736 0.035 0.731 0.038 0.728 0.034 0.724 0.037 0.702 0.035 0.677 0.001 0.868 0.001 0.879 0.014 0.891 0.021 0.892 0.026 0.886 0.029 0.874 0.042 0.87 0.052 0.863 0.051 0.86 0.054
0 0.311 0.233 0.305 0.233 0.299 0.226 0.284 0.222 0.259 0.209 0.23 0.181 0.225 0.174 0.225 0.168 0.236 0.129 0.247 0.108 0.258 0.095 0.266 0.079 0.299 0.051 0.312 0.044 0.317 0.04 0.321 0.041 0.336 0.034 0.387 0.027 0.4 0.023 0.424 0.024 0.456 0.021 0.525 0.025 0.545 0.017 0.586 0.015 0.615 0.019 0.618 0.016 0.62 0.019 0.63 0.019 0.65 0.025 0.688 0.04 0.686 0.043 0.634 0.074 0.589 0.108 0.565 0.123 0.531 0.134 0.522 0.141 0.508 0.142 0.498 0.152 0.439 0.173 0.416 0.188 0.384 0.202 0.374 0.204 0.367 0.211 0.311 0.233
0 0.086 0.336 0.068 0.332 0.054 0.321 0.051 0.316 0.054 0.311 0.047 0.294 0.048 0.288 0.053 0.282 0.061 0.283 0.094 0.269 0.115 0.254 0.126 0.243 0.131 0.244 0.133 0.258 0.126 0.28 0.11 0.303 0.098 0.33 0.086 0.336
0 0.121 0.529 0.119 0.528 0.116 0.482 0.108 0.435 0.098 0.411 0.082 0.388 0.086 0.359 0.11 0.304 0.127 0.278 0.131 0.264 0.132 0.245 0.13 0.24 0.133 0.234 0.166 0.193 0.196 0.161 0.212 0.149 0.223 0.144 0.227 0.135 0.234 0.135 0.226 0.168 0.227 0.175 0.26 0.207 0.288 0.22 0.289 0.24 0.262 0.26 0.248 0.281 0.24 0.312 0.244 0.331 0.243 0.337 0.237 0.354 0.233 0.373 0.225 0.389 0.21 0.405 0.205 0.414 0.193 0.423 0.173 0.463 0.163 0.473 0.151 0.495 0.121 0.529
0 0.0 0.316 0.006 0.312 0.007 0.317 0.012 0.318 0.02 0.328 0.033 0.337 0.043 0.354 0.052 0.362 0.051 0.374 0.054 0.378 0.037 0.389 0.025 0.402 0.011 0.428 0.005 0.45 0.0 0.459
0 0.331 0.375 0.308 0.375 0.287 0.372 0.267 0.362 0.25 0.343 0.24 0.319 0.24 0.307 0.249 0.277 0.265 0.256 0.302 0.232 0.31 0.231 0.352 0.212 0.365 0.209 0.373 0.202 0.384 0.2 0.423 0.182 0.437 0.171 0.447 0.169 0.468 0.159 0.499 0.15 0.51 0.139 0.522 0.139 0.566 0.119 0.587 0.107 0.598 0.097 0.634 0.072 0.697 0.037 0.703 0.035 0.724 0.037 0.738 0.045 0.744 0.053 0.747 0.063 0.748 0.092 0.744 0.108 0.734 0.128 0.724 0.146 0.698 0.181 0.666 0.211 0.597 0.258 0.582 0.26 0.572 0.264 0.562 0.275 0.517 0.299 0.506 0.31 0.474 0.323 0.46 0.334 0.441 0.341 0.419 0.353 0.389 0.364 0.331 0.375
0 0.775 0.186 0.761 0.184 0.759 0.182 0.771 0.166 0.781 0.161 0.775 0.151 0.778 0.135 0.777 0.121 0.768 0.101 0.748 0.076 0.749 0.074 0.755 0.075 0.763 0.07 0.77 0.052 0.767 0.052 0.76 0.068 0.75 0.07 0.747 0.068 0.741 0.044 0.732 0.042 0.73 0.04 0.733 0.037 0.737 0.035 0.749 0.036 0.789 0.033 0.82 0.039 0.849 0.052 0.882 0.061 0.901 0.075 0.91 0.091 0.913 0.102 0.91 0.123 0.905 0.136 0.897 0.147 0.882 0.159 0.86 0.167 0.831 0.171 0.808 0.18 0.792 0.183 0.787 0.182 0.775 0.186
0 0.862 0.747 0.846 0.747 0.828 0.743 0.818 0.737 0.81 0.73 0.802 0.72 0.797 0.708 0.794 0.691 0.793 0.672 0.8 0.631 0.813 0.611 0.818 0.596 0.838 0.571 0.857 0.536 0.867 0.512 0.88 0.494 0.884 0.474 0.893 0.455 0.905 0.401 0.905 0.371 0.899 0.356 0.899 0.345 0.894 0.329 0.893 0.306 0.887 0.283 0.886 0.265 0.866 0.175 0.867 0.167 0.879 0.162 0.898 0.146 0.906 0.134 0.911 0.12 0.913 0.102 0.904 0.08 0.891 0.067 0.87 0.055 0.871 0.047 0.873 0.043 0.885 0.029 0.895 0.024 0.904 0.024 0.925 0.036 0.953 0.077 0.96 0.09 0.971 0.119 0.995 0.162 1.0 0.181 1.0 0.58 0.978 0.639 0.96 0.669 0.938 0.701 0.909 0.721 0.892 0.737 0.88 0.744 0.862 0.747
0 0.735 0.484 0.732 0.483 0.729 0.454 0.729 0.448 0.731 0.446 0.733 0.447 0.735 0.441 0.733 0.415 0.731 0.412 0.729 0.412 0.722 0.4 0.715 0.371 0.703 0.342 0.674 0.303 0.662 0.295 0.649 0.282 0.633 0.274 0.628 0.267 0.621 0.264 0.616 0.271 0.61 0.269 0.605 0.273 0.6 0.269 0.596 0.269 0.598 0.257 0.612 0.247 0.616 0.249 0.633 0.232 0.657 0.219 0.68 0.2 0.707 0.197 0.729 0.201 0.768 0.242 0.812 0.309 0.833 0.37 0.831 0.376 0.808 0.388 0.785 0.414 0.763 0.441 0.735 0.484
0 0.812 0.306 0.801 0.293 0.768 0.242 0.741 0.213 0.74 0.204 0.753 0.195 0.769 0.188 0.782 0.185 0.786 0.188 0.791 0.184 0.808 0.18 0.831 0.171 0.86 0.168 0.862 0.172 0.861 0.193 0.857 0.205 0.846 0.221 0.844 0.25 0.839 0.253 0.835 0.261 0.821 0.298 0.812 0.306
0 0.615 0.462 0.612 0.453 0.615 0.436 0.605 0.42 0.6 0.399 0.605 0.361 0.617 0.334 0.622 0.33 0.652 0.311 0.674 0.308 0.679 0.31 0.702 0.342 0.708 0.354 0.725 0.408 0.728 0.443 0.717 0.4 0.697 0.404 0.684 0.402 0.663 0.402 0.66 0.41 0.634 0.437 0.615 0.462
0 0.295 0.417 0.284 0.416 0.278 0.412 0.268 0.417 0.253 0.416 0.235 0.411 0.233 0.394 0.234 0.371 0.237 0.355 0.245 0.333 0.259 0.353 0.275 0.366 0.297 0.374 0.321 0.377 0.32 0.389 0.295 0.417
0 0.155 0.685 0.129 0.685 0.125 0.672 0.119 0.628 0.119 0.598 0.123 0.576 0.12 0.552 0.12 0.533 0.128 0.525 0.141 0.504 0.155 0.489 0.165 0.47 0.173 0.465 0.196 0.438 0.209 0.408 0.225 0.388 0.231 0.375 0.234 0.376 0.233 0.395 0.235 0.41 0.249 0.416 0.268 0.416 0.28 0.406 0.295 0.4 0.304 0.391 0.304 0.417 0.292 0.436 0.266 0.501 0.252 0.484 0.243 0.48 0.23 0.48 0.214 0.491 0.204 0.501 0.192 0.519 0.178 0.558 0.167 0.603 0.162 0.618 0.155 0.685
0 0.0 0.463 0.01 0.43 0.024 0.404 0.037 0.389 0.052 0.381 0.061 0.371 0.066 0.372 0.075 0.384 0.089 0.397 0.104 0.423 0.111 0.453 0.117 0.493 0.12 0.555 0.123 0.572 0.12 0.596 0.12 0.628 0.124 0.663 0.13 0.687 0.128 0.702 0.133 0.776 0.141 0.798 0.142 0.824 0.146 0.837 0.144 0.857 0.15 0.869 0.156 0.888 0.174 0.922 0.185 0.952 0.197 0.998 0.027 0.999 0.012 0.932 0.0 0.857
0 0.221 0.849 0.197 0.832 0.192 0.82 0.178 0.803 0.169 0.776 0.163 0.768 0.158 0.755 0.158 0.744 0.154 0.727 0.155 0.673 0.161 0.618 0.167 0.6 0.178 0.554 0.191 0.52 0.203 0.501 0.22 0.485 0.228 0.481 0.241 0.48 0.257 0.487 0.266 0.502 0.262 0.508 0.242 0.61 0.237 0.624 0.24 0.641 0.24 0.655 0.236 0.741 0.234 0.757 0.23 0.77 0.234 0.787 0.234 0.802 0.23 0.817 0.23 0.833 0.221 0.849
0 0.354 1.0 0.218 0.999 0.223 0.979 0.224 0.947 0.22 0.939 0.22 0.924 0.223 0.914 0.221 0.902 0.226 0.883 0.227 0.866 0.225 0.85 0.228 0.818 0.232 0.803 0.232 0.786 0.228 0.77 0.232 0.759 0.233 0.748 0.234 0.699 0.238 0.656 0.235 0.626 0.259 0.509 0.269 0.494 0.291 0.437 0.302 0.42 0.312 0.398 0.333 0.376 0.39 0.364 0.402 0.39 0.407 0.406 0.409 0.424 0.41 0.46 0.402 0.498 0.394 0.567 0.379 0.625 0.372 0.668 0.362 0.709 0.357 0.735 0.355 0.768 0.349 0.777 0.346 0.788 0.346 0.801 0.35 0.812 0.344 0.833 0.348 0.927 0.355 0.958 0.364 0.978 0.358 0.988 0.355 0.989 0.354 1.0
0 0.415 1.0 0.388 1.0 0.377 0.994 0.361 0.976 0.354 0.961 0.349 0.945 0.345 0.906 0.345 0.85 0.361 0.756 0.372 0.716 0.379 0.677 0.402 0.621 0.415 0.568 0.427 0.528 0.452 0.434 0.459 0.419 0.469 0.388 0.482 0.36 0.49 0.334 0.501 0.315 0.511 0.308 0.515 0.302 0.549 0.281 0.562 0.276 0.569 0.267 0.575 0.264 0.581 0.271 0.584 0.279 0.593 0.35 0.593 0.375 0.59 0.382 0.588 0.428 0.58 0.458 0.579 0.471 0.562 0.541 0.557 0.568 0.547 0.591 0.54 0.617 0.531 0.671 0.518 0.707 0.514 0.741 0.506 0.769 0.503 0.791 0.494 0.817 0.476 0.892 0.459 0.936 0.439 0.979 0.431 0.99 0.415 1.0
0 0.428 0.522 0.425 0.514 0.422 0.491 0.417 0.433 0.416 0.385 0.42 0.355 0.436 0.344 0.46 0.334 0.481 0.32 0.501 0.313 0.469 0.39 0.46 0.416 0.454 0.428 0.445 0.466 0.441 0.474 0.438 0.491 0.428 0.522
0 0.38 0.67 0.381 0.614 0.391 0.567 0.405 0.467 0.407 0.459 0.42 0.459 0.422 0.491 0.43 0.512 0.428 0.526 0.412 0.577 0.404 0.615 0.392 0.64 0.387 0.66 0.38 0.67
0 0.557 0.577 0.555 0.571 0.569 0.504 0.576 0.477 0.578 0.459 0.585 0.431 0.589 0.381 0.593 0.372 0.595 0.377 0.595 0.388 0.604 0.418 0.614 0.436 0.612 0.454 0.615 0.464 0.58 0.53 0.572 0.548 0.562 0.564 0.557 0.577
0 0.806 0.621 0.806 0.581 0.818 0.561 0.842 0.51 0.851 0.496 0.861 0.441 0.862 0.418 0.854 0.382 0.851 0.375 0.844 0.37 0.844 0.276 0.853 0.23 0.862 0.202 0.869 0.196 0.884 0.249 0.888 0.272 0.888 0.283 0.895 0.306 0.895 0.339 0.899 0.343 0.899 0.355 0.906 0.374 0.905 0.405 0.897 0.444 0.879 0.495 0.868 0.511 0.84 0.569 0.819 0.597 0.814 0.611 0.806 0.621
0 0.597 1.0 0.458 1.0 0.458 0.997 0.461 0.975 0.465 0.966 0.471 0.94 0.472 0.921 0.478 0.907 0.484 0.898 0.489 0.88 0.492 0.858 0.492 0.823 0.502 0.785 0.506 0.761 0.512 0.742 0.516 0.71 0.529 0.675 0.535 0.641 0.561 0.569 0.62 0.455 0.655 0.416 0.662 0.411 0.664 0.404 0.684 0.402 0.698 0.405 0.719 0.401 0.719 0.408 0.721 0.411 0.731 0.461 0.731 0.499 0.701 0.618 0.695 0.636 0.682 0.686 0.668 0.727 0.638 0.852 0.623 0.885 0.619 0.9 0.619 0.917 0.608 0.942 0.603 0.963 0.602 0.983 0.597 1.0
0 0.665 0.837 0.648 0.82 0.648 0.806 0.655 0.786 0.656 0.773 0.669 0.724 0.681 0.687 0.706 0.59 0.71 0.581 0.731 0.493 0.745 0.467 0.755 0.456 0.765 0.438 0.807 0.388 0.837 0.372 0.847 0.372 0.854 0.38 0.857 0.402 0.862 0.421 0.861 0.444 0.858 0.464 0.853 0.477 0.851 0.495 0.789 0.612 0.782 0.631 0.778 0.636 0.775 0.654 0.754 0.691 0.752 0.718 0.746 0.735 0.746 0.772 0.725 0.797 0.685 0.827 0.665 0.837
0 0.701 0.997 0.597 0.996 0.597 0.99 0.601 0.981 0.602 0.963 0.607 0.936 0.617 0.915 0.618 0.898 0.622 0.882 0.636 0.853 0.682 0.827 0.724 0.796 0.74 0.778 0.757 0.769 0.779 0.751 0.804 0.721 0.821 0.737 0.837 0.743 0.87 0.743 0.881 0.74 0.897 0.73 0.935 0.701 0.945 0.689 0.949 0.689 0.952 0.709 0.951 0.727 0.939 0.755 0.931 0.786 0.906 0.841 0.895 0.854 0.878 0.864 0.854 0.888 0.828 0.908 0.822 0.918 0.809 0.926 0.797 0.941 0.779 0.955 0.776 0.958 0.77 0.977 0.757 0.982 0.735 0.997 0.701 0.99
