0 0.291 0.608 0.287 0.606 0.307 0.606 0.291 0.608
0 0.641 0.827 0.625 0.824 0.611 0.813 0.597 0.79 0.591 0.771 0.589 0.74 0.593 0.713 0.599 0.688 0.601 0.655 0.597 0.626 0.589 0.582 0.6 0.557 0.617 0.533 0.624 0.52 0.634 0.515 0.652 0.514 0.66 0.517 0.666 0.523 0.674 0.541 0.686 0.647 0.692 0.665 0.714 0.71 0.721 0.739 0.721 0.76 0.718 0.779 0.714 0.79 0.71 0.798 0.699 0.81 0.688 0.816 0.672 0.822 0.641 0.827
0 0.53 0.711 0.513 0.709 0.501 0.702 0.476 0.67 0.469 0.656 0.466 0.644 0.462 0.602 0.469 0.579 0.487 0.551 0.486 0.525 0.489 0.473 0.496 0.448 0.502 0.436 0.507 0.42 0.522 0.396 0.536 0.384 0.553 0.382 0.567 0.388 0.576 0.387 0.585 0.39 0.593 0.396 0.601 0.409 0.608 0.412 0.614 0.418 0.62 0.432 0.622 0.45 0.627 0.465 0.629 0.499 0.624 0.52 0.615 0.536 0.6 0.557 0.588 0.584 0.587 0.595 0.592 0.605 0.593 0.617 0.592 0.646 0.588 0.664 0.584 0.676 0.571 0.696 0.562 0.703 0.545 0.711 0.53 0.711
0 0.303 0.52 0.289 0.519 0.28 0.514 0.27 0.506 0.261 0.492 0.256 0.473 0.254 0.444 0.257 0.417 0.264 0.399 0.276 0.386 0.29 0.38 0.304 0.38 0.321 0.386 0.338 0.395 0.348 0.398 0.37 0.396 0.404 0.387 0.416 0.388 0.424 0.392 0.43 0.4 0.433 0.408 0.434 0.422 0.446 0.423 0.448 0.427 0.449 0.434 0.446 0.438 0.44 0.437 0.438 0.442 0.439 0.449 0.439 0.458 0.409 0.457 0.396 0.461 0.376 0.476 0.364 0.498 0.345 0.503 0.322 0.515 0.303 0.52
0 0.451 0.413 0.434 0.408 0.423 0.392 0.41 0.387 0.402 0.374 0.393 0.347 0.37 0.337 0.362 0.33 0.356 0.321 0.35 0.301 0.35 0.287 0.357 0.262 0.37 0.241 0.381 0.236 0.397 0.236 0.411 0.243 0.428 0.265 0.45 0.259 0.467 0.262 0.485 0.274 0.498 0.291 0.502 0.306 0.504 0.318 0.501 0.337 0.499 0.368 0.498 0.373 0.488 0.391 0.477 0.403 0.467 0.41 0.451 0.413
0 0.496 0.272 0.488 0.272 0.47 0.263 0.457 0.243 0.447 0.241 0.429 0.233 0.414 0.218 0.406 0.201 0.399 0.17 0.399 0.146 0.405 0.126 0.414 0.109 0.427 0.094 0.443 0.085 0.453 0.082 0.469 0.085 0.481 0.092 0.491 0.101 0.501 0.121 0.508 0.141 0.51 0.156 0.522 0.165 0.53 0.178 0.538 0.214 0.537 0.225 0.532 0.246 0.527 0.255 0.515 0.266 0.496 0.272
0 0.423 0.621 0.411 0.617 0.403 0.617 0.397 0.613 0.387 0.602 0.373 0.575 0.361 0.538 0.361 0.514 0.367 0.491 0.377 0.475 0.396 0.46 0.407 0.457 0.444 0.458 0.504 0.427 0.49 0.466 0.485 0.53 0.486 0.551 0.469 0.578 0.464 0.591 0.455 0.602 0.438 0.616 0.423 0.621
0 0.515 0.406 0.506 0.391 0.499 0.365 0.501 0.338 0.506 0.318 0.5 0.288 0.501 0.273 0.514 0.268 0.529 0.254 0.538 0.22 0.549 0.215 0.554 0.215 0.562 0.22 0.567 0.228 0.572 0.227 0.582 0.241 0.585 0.261 0.583 0.302 0.585 0.301 0.586 0.305 0.592 0.309 0.601 0.325 0.603 0.349 0.602 0.374 0.595 0.398 0.579 0.389 0.567 0.389 0.557 0.384 0.541 0.383 0.531 0.388 0.515 0.406
0 0.675 0.542 0.667 0.525 0.656 0.515 0.635 0.515 0.625 0.518 0.629 0.504 0.629 0.478 0.626 0.462 0.622 0.449 0.621 0.433 0.615 0.419 0.61 0.413 0.602 0.409 0.595 0.398 0.602 0.373 0.604 0.361 0.603 0.336 0.601 0.325 0.603 0.322 0.612 0.321 0.623 0.33 0.636 0.332 0.644 0.343 0.648 0.351 0.651 0.363 0.652 0.388 0.658 0.426 0.678 0.455 0.687 0.482 0.687 0.495 0.685 0.518 0.675 0.542
0 0.645 0.332 0.628 0.332 0.622 0.329 0.599 0.308 0.599 0.299 0.592 0.278 0.587 0.254 0.582 0.241 0.575 0.232 0.567 0.229 0.561 0.219 0.557 0.216 0.555 0.21 0.555 0.183 0.558 0.167 0.562 0.157 0.576 0.135 0.593 0.122 0.603 0.119 0.618 0.12 0.639 0.129 0.649 0.14 0.657 0.158 0.66 0.172 0.66 0.201 0.676 0.223 0.685 0.247 0.685 0.277 0.677 0.305 0.66 0.325 0.645 0.332
0 0.716 0.443 0.699 0.442 0.687 0.435 0.674 0.418 0.668 0.396 0.667 0.374 0.67 0.355 0.662 0.324 0.678 0.303 0.685 0.278 0.687 0.257 0.691 0.255 0.705 0.258 0.713 0.263 0.72 0.275 0.735 0.306 0.756 0.317 0.768 0.327 0.776 0.34 0.78 0.359 0.779 0.381 0.776 0.396 0.765 0.42 0.753 0.431 0.745 0.436 0.716 0.44
