0 0.421 0.665 0.398 0.663 0.384 0.658 0.376 0.651 0.369 0.64 0.367 0.629 0.348 0.597 0.343 0.566 0.343 0.553 0.348 0.534 0.355 0.516 0.366 0.497 0.376 0.486 0.39 0.475 0.416 0.467 0.434 0.469 0.45 0.478 0.47 0.502 0.485 0.531 0.49 0.531 0.494 0.534 0.493 0.538 0.488 0.541 0.494 0.57 0.493 0.589 0.49 0.604 0.482 0.621 0.467 0.641 0.454 0.653 0.439 0.661 0.421 0.665
0 0.117 0.782 0.096 0.781 0.084 0.777 0.075 0.771 0.06 0.753 0.051 0.731 0.045 0.702 0.045 0.679 0.047 0.652 0.053 0.627 0.06 0.609 0.071 0.592 0.083 0.58 0.098 0.571 0.12 0.566 0.15 0.566 0.183 0.581 0.204 0.603 0.211 0.614 0.216 0.633 0.219 0.652 0.22 0.677 0.216 0.697 0.208 0.72 0.197 0.74 0.184 0.757 0.165 0.771 0.13 0.781 0.117 0.782
0 0.305 0.802 0.287 0.802 0.28 0.799 0.252 0.785 0.238 0.773 0.228 0.759 0.223 0.745 0.218 0.724 0.217 0.701 0.221 0.678 0.227 0.661 0.237 0.641 0.253 0.619 0.273 0.604 0.312 0.596 0.33 0.602 0.351 0.621 0.358 0.631 0.368 0.652 0.373 0.669 0.377 0.69 0.377 0.709 0.372 0.736 0.358 0.762 0.335 0.786 0.333 0.794 0.325 0.794 0.305 0.802
0 0.128 1.0 0.026 1.0 0.015 0.975 0.006 0.937 0.006 0.905 0.01 0.882 0.018 0.86 0.034 0.831 0.048 0.814 0.07 0.797 0.096 0.788 0.117 0.791 0.134 0.802 0.16 0.829 0.174 0.809 0.177 0.797 0.184 0.794 0.189 0.798 0.187 0.802 0.165 0.833 0.175 0.851 0.184 0.876 0.184 0.899 0.179 0.925 0.171 0.948 0.159 0.969 0.146 0.985 0.128 1.0
0 0.417 0.81 0.408 0.808 0.373 0.788 0.367 0.781 0.362 0.771 0.36 0.761 0.371 0.737 0.377 0.708 0.375 0.681 0.367 0.648 0.372 0.648 0.387 0.66 0.412 0.666 0.437 0.663 0.462 0.649 0.478 0.67 0.486 0.69 0.489 0.714 0.489 0.726 0.475 0.771 0.463 0.787 0.444 0.802 0.431 0.809 0.417 0.81
0 0.267 0.606 0.253 0.6 0.244 0.591 0.23 0.573 0.222 0.554 0.214 0.519 0.215 0.498 0.219 0.467 0.223 0.453 0.229 0.439 0.247 0.42 0.267 0.408 0.28 0.404 0.299 0.403 0.309 0.405 0.325 0.415 0.345 0.434 0.354 0.445 0.36 0.466 0.36 0.507 0.354 0.519 0.344 0.547 0.344 0.575 0.335 0.588 0.325 0.596 0.319 0.594 0.3 0.596 0.267 0.606
0 0.226 0.574 0.182 0.544 0.16 0.557 0.133 0.566 0.11 0.564 0.083 0.549 0.071 0.534 0.065 0.523 0.056 0.495 0.053 0.45 0.062 0.42 0.072 0.41 0.084 0.407 0.096 0.399 0.11 0.397 0.124 0.384 0.141 0.376 0.156 0.375 0.177 0.384 0.206 0.417 0.215 0.438 0.22 0.459 0.213 0.507 0.203 0.524 0.187 0.54 0.226 0.566 0.228 0.57 0.226 0.574
0 0.228 0.89 0.211 0.887 0.192 0.874 0.183 0.863 0.167 0.837 0.167 0.83 0.187 0.802 0.188 0.796 0.183 0.793 0.179 0.795 0.167 0.819 0.164 0.822 0.164 0.818 0.164 0.796 0.172 0.768 0.209 0.73 0.213 0.733 0.219 0.73 0.228 0.759 0.238 0.773 0.248 0.782 0.284 0.801 0.307 0.803 0.305 0.82 0.3 0.833 0.279 0.858 0.26 0.871 0.248 0.883 0.228 0.89
0 0.354 0.999 0.228 0.999 0.221 0.979 0.22 0.954 0.223 0.927 0.23 0.905 0.24 0.886 0.249 0.882 0.26 0.87 0.276 0.86 0.288 0.847 0.308 0.845 0.32 0.847 0.337 0.857 0.351 0.872 0.361 0.892 0.368 0.931 0.366 0.966 0.354 0.999
0 0.229 1.0 0.119 0.999 0.134 0.994 0.154 0.974 0.171 0.946 0.182 0.914 0.226 0.914 0.222 0.936 0.22 0.961 0.223 0.984 0.226 0.996 0.229 1.0
0 0.049 0.812 0.047 0.811 0.046 0.787 0.038 0.758 0.051 0.732 0.061 0.756 0.072 0.769 0.085 0.778 0.106 0.783 0.127 0.782 0.139 0.779 0.141 0.781 0.14 0.806 0.117 0.791 0.095 0.788 0.069 0.797 0.049 0.812
0 0.0 0.71 0.006 0.712 0.015 0.72 0.029 0.74 0.043 0.773 0.047 0.804 0.047 0.815 0.029 0.838 0.016 0.862 0.007 0.892 0.004 0.916 0.0 0.916
0 0.037 0.758 0.029 0.742 0.016 0.723 0.0 0.712 0.0 0.611 0.02 0.606 0.035 0.605 0.047 0.609 0.057 0.615 0.047 0.65 0.045 0.674 0.045 0.701 0.051 0.732 0.037 0.758
0 0.025 1.0 0.0 0.999 0.0 0.901 0.006 0.901 0.005 0.916 0.006 0.939 0.022 0.991 0.026 0.998 0.025 1.0
0 0.425 0.981 0.413 0.98 0.398 0.973 0.383 0.959 0.373 0.944 0.366 0.924 0.363 0.906 0.362 0.879 0.367 0.855 0.381 0.818 0.389 0.806 0.395 0.8 0.414 0.809 0.429 0.809 0.443 0.802 0.467 0.782 0.476 0.782 0.477 0.803 0.483 0.834 0.493 0.862 0.509 0.884 0.509 0.896 0.496 0.932 0.48 0.955 0.462 0.968 0.425 0.981
0 0.357 0.88 0.347 0.868 0.326 0.851 0.293 0.845 0.305 0.828 0.307 0.813 0.307 0.804 0.329 0.793 0.336 0.785 0.34 0.789 0.348 0.805 0.352 0.818 0.347 0.798 0.345 0.778 0.359 0.763 0.365 0.776 0.37 0.783 0.394 0.798 0.378 0.826 0.367 0.856 0.353 0.82 0.358 0.867 0.357 0.88
0 0.611 0.922 0.608 0.919 0.585 0.875 0.552 0.895 0.535 0.898 0.514 0.888 0.497 0.868 0.484 0.839 0.478 0.803 0.478 0.781 0.481 0.753 0.485 0.739 0.493 0.727 0.53 0.698 0.547 0.689 0.557 0.687 0.573 0.695 0.587 0.708 0.602 0.73 0.611 0.746 0.62 0.77 0.623 0.79 0.623 0.81 0.62 0.827 0.614 0.842 0.59 0.87 0.604 0.896 0.614 0.911 0.616 0.917 0.611 0.922
0 0.602 1.0 0.486 1.0 0.483 0.979 0.485 0.95 0.498 0.928 0.508 0.895 0.513 0.889 0.529 0.896 0.543 0.897 0.571 0.883 0.59 0.883 0.609 0.922 0.618 0.948 0.622 0.964 0.622 0.979 0.602 1.
