0 0.309 0.8 0.285 0.796 0.266 0.785 0.225 0.723 0.219 0.708 0.217 0.694 0.217 0.667 0.222 0.643 0.228 0.624 0.238 0.605 0.251 0.59 0.265 0.579 0.284 0.57 0.299 0.567 0.321 0.571 0.333 0.578 0.342 0.587 0.373 0.637 0.382 0.665 0.385 0.686 0.384 0.704 0.38 0.725 0.375 0.74 0.365 0.758 0.352 0.775 0.338 0.787 0.321 0.796 0.309 0.8
0 0.141 0.631 0.095 0.626 0.07 0.615 0.057 0.606 0.04 0.586 0.03 0.572 0.014 0.525 0.011 0.493 0.015 0.472 0.023 0.447 0.041 0.419 0.066 0.394 0.078 0.386 0.099 0.379 0.119 0.379 0.132 0.382 0.153 0.392 0.167 0.403 0.195 0.434 0.203 0.449 0.212 0.476 0.216 0.497 0.217 0.536 0.213 0.557 0.206 0.575 0.195 0.593 0.171 0.617 0.157 0.626 0.141 0.631
0 0.103 0.827 0.079 0.825 0.065 0.819 0.052 0.809 0.04 0.793 0.03 0.772 0.026 0.752 0.026 0.724 0.031 0.701 0.042 0.674 0.05 0.66 0.069 0.641 0.092 0.626 0.115 0.631 0.157 0.626 0.176 0.646 0.186 0.662 0.195 0.688 0.199 0.736 0.186 0.77 0.17 0.794 0.135 0.818 0.118 0.825 0.103 0.827
0 0.352 0.348 0.333 0.345 0.317 0.336 0.305 0.324 0.294 0.308 0.286 0.29 0.28 0.266 0.279 0.246 0.281 0.227 0.286 0.206 0.292 0.19 0.308 0.17 0.327 0.158 0.356 0.144 0.368 0.142 0.38 0.143 0.403 0.155 0.414 0.17 0.422 0.187 0.429 0.205 0.434 0.228 0.434 0.267 0.429 0.288 0.423 0.304 0.412 0.322 0.4 0.335 0.38 0.345 0.352 0.348
0 0.234 0.414 0.22 0.406 0.198 0.402 0.185 0.394 0.17 0.39 0.167 0.385 0.154 0.379 0.144 0.372 0.135 0.359 0.129 0.344 0.125 0.33 0.125 0.307 0.132 0.266 0.148 0.232 0.157 0.219 0.17 0.209 0.183 0.205 0.199 0.206 0.245 0.221 0.266 0.237 0.281 0.264 0.288 0.294 0.287 0.313 0.284 0.328 0.285 0.348 0.277 0.362 0.272 0.376 0.258 0.386 0.244 0.407 0.234 0.414
0 0.497 0.34 0.494 0.34 0.48 0.324 0.464 0.313 0.438 0.31 0.417 0.316 0.426 0.297 0.434 0.267 0.435 0.246 0.43 0.206 0.442 0.192 0.452 0.185 0.465 0.18 0.478 0.179 0.499 0.186 0.511 0.195 0.519 0.205 0.53 0.229 0.533 0.241 0.534 0.265 0.532 0.291 0.529 0.303 0.524 0.316 0.516 0.329 0.506 0.337 0.497 0.34
0 0.636 0.499 0.621 0.491 0.604 0.473 0.589 0.481 0.576 0.493 0.559 0.491 0.537 0.48 0.519 0.46 0.511 0.445 0.506 0.429 0.503 0.398 0.506 0.381 0.511 0.365 0.525 0.341 0.537 0.33 0.549 0.324 0.572 0.32 0.587 0.324 0.599 0.331 0.619 0.353 0.627 0.368 0.632 0.384 0.634 0.401 0.634 0.42 0.629 0.443 0.62 0.456 0.607 0.471 0.622 0.485 0.636 0.49 0.639 0.496 0.636 0.499
0 0.475 0.464 0.459 0.454 0.437 0.448 0.411 0.447 0.397 0.453 0.392 0.448 0.383 0.416 0.383 0.379 0.388 0.359 0.394 0.343 0.415 0.32 0.426 0.314 0.441 0.311 0.464 0.314 0.485 0.329 0.498 0.349 0.507 0.381 0.505 0.419 0.494 0.443 0.475 0.464
0 0.601 0.325 0.59 0.325 0.573 0.319 0.562 0.302 0.55 0.291 0.544 0.275 0.541 0.257 0.543 0.226 0.552 0.199 0.568 0.18 0.59 0.169 0.609 0.171 0.628 0.184 0.646 0.209 0.651 0.225 0.653 0.24 0.65 0.271 0.64 0.297 0.621 0.32 0.612 0.325 0.601 0.325
0 0.521 0.208 0.502 0.189 0.478 0.18 0.463 0.181 0.45 0.186 0.43 0.206 0.419 0.179 0.407 0.16 0.409 0.146 0.415 0.131 0.43 0.105 0.441 0.096 0.454 0.091 0.465 0.091 0.475 0.095 0.488 0.104 0.497 0.114 0.499 0.106 0.502 0.105 0.503 0.112 0.5 0.119 0.515 0.138 0.524 0.164 0.525 0.19 0.521 0.208
0 0.393 0.147 0.374 0.141 0.346 0.146 0.344 0.141 0.339 0.138 0.335 0.099 0.322 0.06 0.33 0.04 0.342 0.028 0.353 0.022 0.367 0.02 0.384 0.026 0.396 0.028 0.417 0.043 0.427 0.06 0.434 0.081 0.434 0.096 0.417 0.121 0.406 0.143 0.393 0.147
0 0.677 0.244 0.666 0.242 0.652 0.229 0.646 0.211 0.634 0.189 0.633 0.173 0.635 0.159 0.641 0.145 0.646 0.138 0.678 0.112 0.706 0.101 0.724 0.105 0.741 0.123 0.75 0.148 0.752 0.172 0.747 0.196 0.741 0.21 0.735 0.218 0.722 0.22 0.705 0.229 0.694 0.231 0.688 0.241 0.677 0.244
0 0.719 0.363 0.711 0.362 0.697 0.351 0.684 0.331 0.677 0.304 0.679 0.276 0.682 0.264 0.69 0.246 0.705 0.23 0.725 0.22 0.745 0.219 0.767 0.232 0.78 0.247 0.786 0.258 0.791 0.281 0.79 0.31 0.783 0.334 0.77 0.352 0.763 0.355 0.744 0.355 0.719 0.363
0 0.811 0.271 0.79 0.27 0.782 0.25 0.764 0.228 0.76 0.215 0.758 0.195 0.758 0.181 0.763 0.16 0.769 0.147 0.78 0.133 0.79 0.123 0.805 0.114 0.832 0.109 0.858 0.115 0.876 0.131 0.884 0.142 0.889 0.154 0.894 0.184 0.893 0.199 0.89 0.214 0.879 0.237 0.863 0.258 0.829 0.262 0.811 0.271
0 0.828 0.403 0.817 0.403 0.809 0.388 0.79 0.366 0.787 0.347 0.787 0.331 0.793 0.3 0.806 0.277 0.822 0.264 0.856 0.258 0.869 0.259 0.881 0.263 0.9 0.283 0.907 0.304 0.909 0.331 0.902 0.362 0.894 0.378 0.877 0.396 0.863 0.392 0.849 0.392 0.837 0.396 0.828 0.403
0 0.744 0.539 0.733 0.538 0.719 0.533 0.702 0.52 0.693 0.509 0.684 0.496 0.678 0.481 0.675 0.453 0.685 0.408 0.692 0.395 0.703 0.381 0.715 0.369 0.73 0.36 0.748 0.356 0.765 0.357 0.778 0.361 0.79 0.368 0.804 0.381 0.812 0.392 0.819 0.413 0.82 0.451 0.817 0.47 0.812 0.485 0.795 0.512 0.774 0.531 0.744 0.539
0 0.923 0.51 0.9 0.482 0.904 0.448 0.908 0.434 0.908 0.43 0.904 0.427 0.902 0.427 0.9 0.43 0.896 0.47 0.894 0.479 0.874 0.464 0.852 0.461 0.837 0.464 0.813 0.482 0.82 0.45 0.82 0.412 0.828 0.402 0.837 0.396 0.859 0.392 0.883 0.4 0.901 0.401 0.923 0.413 0.936 0.434 0.94 0.454 0.94 0.468 0.935 0.487 0.923 0.51
0 0.863 0.634 0.836 0.628 0.825 0.622 0.817 0.613 0.801 0.58 0.792 0.553 0.792 0.526 0.797 0.509 0.807 0.492 0.819 0.477 0.834 0.466 0.85 0.461 0.864 0.461 0.88 0.468 0.894 0.478 0.897 0.467 0.9 0.429 0.906 0.426 0.909 0.435 0.904 0.447 0.9 0.482 0.922 0.51 0.932 0.53 0.935 0.552 0.934 0.574 0.93 0.587 0.922 0.601 0.906 0.619 0.89 0.628 0.863 0.634
0 0.284 0.535 0.261 0.528 0.24 0.507 0.228 0.481 0.225 0.453 0.228 0.438 0.235 0.424 0.247 0.413 0.254 0.413 0.276 0.374 0.29 0.366 0.305 0.365 0.325 0.373 0.343 0.391 0.356 0.419 0.358 0.435 0.358 0.451 0.354 0.467 0.333 0.501 0.305 0.529 0.297 0.533 0.284 0.535
0 0.437 0.667 0.422 0.667 0.402 0.661 0.381 0.646 0.351 0.602 0.341 0.571 0.341 0.528 0.344 0.513 0.351 0.494 0.362 0.477 0.374 0.466 0.406 0.45 0.447 0.451 0.459 0.455 0.473 0.464 0.487 0.477 0.499 0.495 0.506 0.513 0.511 0.54 0.512 0.564 0.508 0.589 0.504 0.607 0.496 0.625 0.487 0.637 0.476 0.647 0.453 0.663 0.437 0.667
0 0.604 0.944 0.587 0.943 0.564 0.934 0.551 0.925 0.538 0.91 0.527 0.891 0.519 0.871 0.511 0.834 0.509 0.813 0.51 0.792 0.514 0.771 0.52 0.755 0.529 0.738 0.546 0.716 0.562 0.703 0.579 0.695 0.593 0.693 0.611 0.693 0.627 0.698 0.662 0.718 0.679 0.736 0.692 0.758 0.699 0.776 0.703 0.797 0.703 0.831 0.698 0.865 0.689 0.891 0.681 0.906 0.668 0.922 0.655 0.931 0.628 0.941 0.604 0.944
0 0.766 0.996 0.687 0.995 0.677 0.985 0.659 0.961 0.648 0.94 0.648 0.935 0.671 0.919 0.689 0.894 0.699 0.861 0.704 0.812 0.727 0.815 0.746 0.827 0.769 0.851 0.781 0.876 0.79 0.91 0.79 0.945 0.783 0.973 0.766 0.996
0 0.523 0.663 0.501 0.659 0.486 0.65 0.482 0.645 0.494 0.628 0.5 0.617 0.508 0.595 0.511 0.576 0.507 0.524 0.503 0.506 0.497 0.491 0.51 0.484 0.529 0.482 0.54 0.485 0.552 0.493 0.569 0.514 0.581 0.543 0.584 0.578 0.58 0.607 0.573 0.625 0.567 0.636 0.551 0.653 0.536 0.661 0.523 0.663
0 0.508 0.393 0.505 0.368 0.495 0.344 0.505 0.337 0.518 0.322 0.526 0.307 0.531 0.287 0.544 0.29 0.556 0.296 0.574 0.315 0.577 0.322 0.566 0.321 0.553 0.324 0.541 0.331 0.53 0.341 0.515 0.365 0.508 0.393
0 0.69 0.752 0.681 0.738 0.663 0.719 0.639 0.703 0.612 0.694 0.605 0.681 0.602 0.67 0.603 0.657 0.604 0.636 0.607 0.623 0.62 0.599 0.641 0.583 0.628 0.578 0.622 0.581 0.617 0.579 0.616 0.576 0.621 0.568 0.622 0.571 0.639 0.576 0.645 0.581 0.672 0.574 0.692 0.574 0.702 0.577 0.719 0.59 0.737 0.619 0.744 0.656 0.743 0.684 0.738 0.711 0.733 0.724 0.725 0.734 0.709 0.745 0.69 0.752
0 0.289 0.998 0.109 0.998 0.112 0.997 0.104 0.966 0.103 0.946 0.104 0.925 0.112 0.891 0.13 0.848 0.141 0.831 0.153 0.818 0.166 0.809 0.182 0.802 0.207 0.798 0.229 0.798 0.254 0.806 0.273 0.82 0.281 0.829 0.291 0.847 0.298 0.867 0.303 0.896 0.303 0.928 0.301 0.947 0.298 0.951 0.295 0.971 0.289 0.986 0.288 0.992 0.285 0.995 0.289 0.998
0 0.115 0.998 0.098 0.993 0.077 0.98 0.066 0.969 0.054 0.952 0.047 0.934 0.044 0.912 0.045 0.893 0.048 0.872 0.059 0.843 0.071 0.824 0.075 0.825 0.079 0.821 0.095 0.827 0.11 0.826 0.13 0.817 0.137 0.82 0.14 0.819 0.15 0.81 0.156 0.815 0.145 0.825 0.146 0.827 0.126 0.855 0.113 0.888 0.107 0.911 0.104 0.953 0.108 0.979 0.115 0.998
0 0.298 0.884 0.295 0.864 0.288 0.845 0.276 0.828 0.265 0.817 0.227 0.797 0.209 0.796 0.193 0.801 0.194 0.782 0.2 0.759 0.219 0.745 0.23 0.726 0.244 0.745 0.254 0.767 0.263 0.778 0.276 0.789 0.29 0.795 0.307 0.796 0.32 0.793 0.336 0.784 0.338 0.812 0.336 0.83 0.331 0.846 0.316 0.87 0.298 0.88
