0 0.122 0.35 0.112 0.35 0.106 0.346 0.104 0.339 0.103 0.328 0.116 0.307 0.122 0.288 0.131 0.276 0.136 0.272 0.139 0.266 0.161 0.234 0.223 0.184 0.264 0.16 0.287 0.14 0.301 0.133 0.324 0.116 0.4 0.076 0.442 0.063 0.485 0.044 0.52 0.034 0.535 0.032 0.564 0.034 0.574 0.04 0.586 0.059 0.587 0.089 0.584 0.11 0.581 0.12 0.575 0.128 0.562 0.14 0.532 0.154 0.466 0.171 0.43 0.184 0.396 0.201 0.364 0.22 0.351 0.225 0.342 0.233 0.31 0.252 0.291 0.266 0.246 0.291 0.234 0.304 0.212 0.32 0.193 0.327 0.179 0.336 0.161 0.335 0.15 0.338 0.142 0.345 0.122 0.35
0 0.441 0.691 0.39 0.633 0.349 0.595 0.334 0.569 0.328 0.548 0.329 0.513 0.327 0.508 0.324 0.508 0.331 0.505 0.332 0.502 0.326 0.498 0.323 0.489 0.324 0.483 0.332 0.479 0.333 0.474 0.328 0.468 0.322 0.471 0.323 0.464 0.334 0.464 0.347 0.476 0.351 0.472 0.357 0.476 0.372 0.474 0.389 0.48 0.404 0.493 0.422 0.523 0.47 0.62 0.488 0.662 0.488 0.665 0.454 0.68 0.441 0.691
0 0.692 0.726 0.662 0.688 0.644 0.668 0.632 0.658 0.619 0.653 0.622 0.616 0.622 0.542 0.628 0.517 0.622 0.472 0.619 0.402 0.619 0.348 0.622 0.316 0.621 0.303 0.641 0.236 0.649 0.224 0.652 0.209 0.658 0.208 0.66 0.205 0.663 0.205 0.667 0.212 0.672 0.242 0.689 0.308 0.693 0.34 0.697 0.347 0.703 0.417 0.702 0.472 0.699 0.497 0.701 0.511 0.707 0.533 0.712 0.562 0.715 0.597 0.715 0.645 0.706 0.679 0.702 0.706 0.699 0.71 0.694 0.725 0.692 0.726
0 0.657 1.0 0.624 0.999 0.637 0.928 0.649 0.891 0.648 0.878 0.662 0.843 0.667 0.815 0.673 0.792 0.678 0.782 0.678 0.774 0.687 0.747 0.689 0.733 0.701 0.704 0.705 0.681 0.712 0.656 0.731 0.561 0.742 0.479 0.752 0.429 0.762 0.403 0.777 0.385 0.788 0.38 0.805 0.382 0.818 0.39 0.829 0.405 0.833 0.421 0.833 0.438 0.829 0.463 0.815 0.505 0.802 0.563 0.79 0.603 0.776 0.666 0.766 0.704 0.748 0.789 0.734 0.836 0.729 0.846 0.714 0.89 0.698 0.929 0.678 0.968 0.664 0.986 0.657 1.0
0 0.235 0.923 0.23 0.922 0.226 0.918 0.221 0.903 0.218 0.885 0.218 0.869 0.215 0.857 0.216 0.843 0.224 0.802 0.249 0.731 0.263 0.676 0.268 0.641 0.27 0.554 0.28 0.507 0.292 0.466 0.309 0.394 0.32 0.363 0.339 0.28 0.354 0.24 0.358 0.232 0.369 0.224 0.387 0.223 0.408 0.228 0.423 0.245 0.428 0.265 0.427 0.3 0.425 0.317 0.41 0.381 0.38 0.477 0.366 0.475 0.357 0.477 0.353 0.474 0.346 0.476 0.333 0.464 0.326 0.463 0.322 0.465 0.322 0.47 0.33 0.469 0.333 0.478 0.323 0.485 0.324 0.494 0.328 0.503 0.317 0.502 0.317 0.506 0.329 0.513 0.329 0.551 0.331 0.562 0.351 0.599 0.334 0.678 0.286 0.834 0.274 0.864 0.257 0.888 0.256 0.896 0.249 0.911 0.241 0.921 0.235 0.923
0 0.31 0.0 0.32 0.006 0.324 0.018 0.326 0.054 0.331 0.079 0.329 0.098 0.326 0.116 0.314 0.122 0.298 0.137 0.29 0.141 0.29 0.127 0.286 0.112 0.281 0.103 0.273 0.096 0.275 0.081 0.287 0.059 0.292 0.036 0.305 0.0
0 0.236 1.0 0.18 1.0 0.167 0.984 0.153 0.95 0.134 0.889 0.115 0.836 0.099 0.773 0.099 0.763 0.094 0.748 0.094 0.713 0.091 0.704 0.091 0.643 0.088 0.612 0.088 0.596 0.083 0.567 0.083 0.543 0.076 0.478 0.066 0.421 0.062 0.372 0.063 0.346 0.072 0.32 0.08 0.31 0.096 0.3 0.112 0.3 0.117 0.304 0.117 0.308 0.102 0.331 0.103 0.341 0.107 0.348 0.121 0.35 0.146 0.343 0.15 0.358 0.151 0.375 0.158 0.412 0.158 0.522 0.155 0.562 0.155 0.643 0.16 0.702 0.156 0.705 0.156 0.71 0.166 0.741 0.171 0.773 0.179 0.788 0.186 0.81 0.208 0.859 0.228 0.92 0.232 0.938 0.235 0.967 0.236 1.0
0 0.291 0.892 0.286 0.892 0.281 0.884 0.272 0.877 0.27 0.869 0.282 0.842 0.296 0.801 0.341 0.756 0.391 0.729 0.408 0.714 0.414 0.712 0.455 0.68 0.505 0.658 0.525 0.656 0.55 0.662 0.56 0.671 0.571 0.689 0.574 0.706 0.573 0.725 0.568 0.743 0.56 0.753 0.53 0.768 0.509 0.785 0.459 0.808 0.42 0.832 0.398 0.84 0.384 0.849 0.373 0.847 0.363 0.854 0.351 0.854 0.339 0.862 0.326 0.864 0.317 0.872 0.306 0.886 0.291 0.892
0 0.663 0.834 0.609 0.77 0.591 0.743 0.582 0.726 0.578 0.706 0.578 0.693 0.594 0.666 0.605 0.654 0.618 0.653 0.636 0.661 0.663 0.688 0.691 0.724 0.692 0.729 0.687 0.75 0.682 0.762 0.678 0.782 0.674 0.791 0.663 0.834
0 0.641 0.914 0.612 0.884 0.581 0.838 0.575 0.833 0.575 0.828 0.57 0.82 0.575 0.806 0.575 0.793 0.574 0.787 0.567 0.784 0.553 0.787 0.539 0.764 0.541 0.76 0.562 0.75 0.568 0.741 0.571 0.731 0.574 0.705 0.571 0.691 0.562 0.673 0.569 0.676 0.579 0.688 0.578 0.706 0.58 0.718 0.593 0.746 0.609 0.77 0.663 0.834 0.66 0.849 0.649 0.876 0.65 0.889 0.641 0.914
0 0.236 0.974 0.233 0.942 0.228 0.921 0.231 0.92 0.24 0.924 0.242 0.917 0.253 0.901 0.259 0.896 0.304 0.885 0.32 0.866 0.327 0.861 0.366 0.856 0.409 0.844 0.416 0.844 0.438 0.837 0.447 0.83 0.462 0.831 0.472 0.82 0.491 0.818 0.509 0.806 0.559 0.785 0.57 0.784 0.576 0.791 0.575 0.807 0.57 0.821 0.542 0.864 0.5 0.906 0.486 0.912 0.476 0.92 0.392 0.948 0.326 0.96 0.292 0.961 0.264 0.968 0.252 0.967 0.247 0.972 0.236 0.974
0 0.62 0.999 0.235 0.999 0.234 0.995 0.235 0.975 0.238 0.972 0.295 0.962 0.323 0.96 0.385 0.951 0.44 0.933 0.452 0.927 0.472 0.922 0.495 0.91 0.506 0.912 0.573 0.896 0.593 0.898 0.606 0.901 0.607 0.895 0.614 0.892 0.62 0.901 0.631 0.902 0.641 0.914 0.629 0.978 0.625 0.991 0.626 0.996 0.62 0.999
0 0.758 0.812 0.754 0.811 0.745 0.803 0.745 0.797 0.75 0.778 0.766 0.749 0.786 0.724 0.831 0.653 0.881 0.591 0.886 0.582 0.912 0.554 0.958 0.516 0.982 0.5 1.0 0.49 1.0 0.58 0.974 0.594 0.937 0.625 0.902 0.666 0.838 0.747 0.809 0.779 0.794 0.788 0.788 0.796 0.758 0.812
0 0.191 0.207 0.188 0.199 0.17 0.182 0.163 0.168 0.156 0.162 0.15 0.161 0.142 0.165 0.134 0.18 0.114 0.176 0.102 0.171 0.1 0.173 0.09 0.166 0.078 0.162 0.061 0.147 0.05 0.127 0.046 0.113 0.051 0.112 0.067 0.115 0.08 0.127 0.081 0.122 0.084 0.122 0.091 0.127 0.105 0.132 0.117 0.13 0.149 0.15 0.163 0.156 0.189 0.16 0.209 0.169 0.226 0.169 0.246 0.16 0.264 0.156 0.263 0.16 0.258 0.164 0.235 0.176 0.191 0.207
0 0.068 0.0 0.084 0.01 0.103 0.026 0.125 0.034 0.166 0.055 0.193 0.064 0.209 0.065 0.228 0.071 0.27 0.093 0.282 0.102 0.289 0.115 0.291 0.138 0.27 0.154 0.236 0.166 0.213 0.169 0.2 0.163 0.162 0.156 0.132 0.14 0.123 0.132 0.094 0.128 0.087 0.123 0.08 0.123 0.062 0.114 0.042 0.111 0.0 0.12
0 0.134 0.274 0.132 0.274 0.128 0.249 0.126 0.218 0.127 0.199 0.138 0.169 0.145 0.162 0.153 0.159 0.161 0.165 0.164 0.174 0.176 0.192 0.184 0.215 0.162 0.233 0.147 0.253 0.134 0.274
0 0.0 0.606 0.001 0.595 0.076 0.6 0.082 0.592 0.085 0.592 0.088 0.609 0.083 0.62 0.076 0.625 0.066 0.627 0.063 0.631 0.052 0.636 0.039 0.64 0.021 0.641 0.002 0.647 0.0 0.642
0 0.08 0.6 0.042 0.597 0.029 0.571 0.015 0.548 0.001 0.51 0.0 0.478 0.001 0.47 0.004 0.466 0.04 0.443 0.062 0.437 0.07 0.441 0.083 0.533 0.086 0.572 0.086 0.591 0.08 0.592 0.08 0.6
0 0.0 0.12 0.015 0.115 0.046 0.112 0.051 0.126 0.062 0.147 0.075 0.159 0.069 0.202 0.064 0.218 0.061 0.241 0.047 0.355 0.047 0.409 0.05 0.44 0.022 0.454 0.006 0.464 0.0 0.472
0 0.734 0.324 0.69 0.32 0.687 0.303 0.672 0.244 0.667 0.212 0.718 0.196 0.759 0.193 0.777 0.201 0.789 0.213 0.793 0.224 0.793 0.239 0.798 0.241 0.799 0.248 0.798 0.252 0.793 0.252 0.793 0.279 0.785 0.297 0.776 0.31 0.764 0.318 0.734 0.32
