0 0.395 0.98 0.374 0.979 0.354 0.975 0.328 0.959 0.314 0.944 0.308 0.935 0.303 0.924 0.298 0.919 0.294 0.909 0.287 0.874 0.289 0.856 0.288 0.845 0.297 0.823 0.298 0.816 0.301 0.812 0.302 0.807 0.307 0.804 0.307 0.799 0.315 0.785 0.335 0.759 0.354 0.741 0.383 0.727 0.427 0.728 0.474 0.748 0.486 0.755 0.502 0.77 0.514 0.789 0.518 0.799 0.523 0.823 0.522 0.839 0.516 0.876 0.509 0.892 0.505 0.897 0.504 0.905 0.495 0.909 0.478 0.935 0.449 0.961 0.442 0.964 0.438 0.97 0.43 0.974 0.428 0.971 0.395 0.98
0 0.596 0.955 0.582 0.955 0.576 0.952 0.567 0.951 0.562 0.943 0.549 0.932 0.544 0.932 0.541 0.918 0.53 0.897 0.518 0.865 0.518 0.856 0.524 0.841 0.521 0.814 0.544 0.762 0.552 0.749 0.56 0.741 0.616 0.702 0.631 0.698 0.652 0.701 0.662 0.708 0.667 0.716 0.67 0.722 0.674 0.742 0.67 0.799 0.671 0.845 0.668 0.875 0.663 0.882 0.662 0.888 0.655 0.905 0.633 0.939 0.632 0.944 0.616 0.952 0.596 0.955
0 0.537 0.757 0.522 0.757 0.505 0.747 0.494 0.735 0.487 0.723 0.485 0.713 0.482 0.679 0.485 0.666 0.489 0.661 0.494 0.647 0.496 0.635 0.496 0.599 0.494 0.576 0.496 0.572 0.499 0.556 0.53 0.52 0.549 0.509 0.568 0.504 0.572 0.506 0.58 0.505 0.592 0.511 0.617 0.539 0.619 0.538 0.635 0.579 0.633 0.594 0.634 0.615 0.625 0.651 0.602 0.695 0.599 0.703 0.587 0.713 0.577 0.728 0.568 0.733 0.549 0.753 0.537 0.757
0 0.413 0.716 0.397 0.714 0.383 0.707 0.357 0.672 0.343 0.636 0.339 0.615 0.337 0.582 0.34 0.555 0.344 0.541 0.356 0.506 0.366 0.489 0.368 0.48 0.378 0.463 0.384 0.456 0.4 0.447 0.413 0.445 0.428 0.446 0.44 0.452 0.456 0.469 0.466 0.486 0.479 0.509 0.486 0.528 0.491 0.548 0.494 0.576 0.493 0.597 0.489 0.617 0.483 0.656 0.474 0.674 0.461 0.691 0.442 0.708 0.432 0.713 0.418 0.713 0.413 0.716
0 0.266 0.544 0.247 0.543 0.217 0.528 0.205 0.518 0.202 0.512 0.197 0.507 0.19 0.492 0.185 0.473 0.185 0.444 0.195 0.398 0.205 0.373 0.217 0.355 0.231 0.341 0.267 0.325 0.282 0.323 0.334 0.327 0.355 0.338 0.369 0.347 0.378 0.361 0.383 0.376 0.384 0.387 0.386 0.395 0.376 0.427 0.369 0.437 0.359 0.463 0.332 0.509 0.309 0.528 0.266 0.544
0 0.513 0.495 0.491 0.49 0.478 0.484 0.464 0.47 0.452 0.451 0.448 0.438 0.446 0.411 0.447 0.385 0.453 0.361 0.461 0.343 0.477 0.326 0.501 0.312 0.522 0.309 0.54 0.312 0.557 0.317 0.58 0.329 0.594 0.345 0.601 0.364 0.607 0.396 0.601 0.424 0.592 0.443 0.58 0.46 0.568 0.472 0.556 0.481 0.525 0.493 0.513 0.495
0 0.663 0.586 0.652 0.586 0.639 0.583 0.635 0.58 0.628 0.558 0.619 0.54 0.607 0.526 0.591 0.513 0.59 0.495 0.591 0.461 0.604 0.429 0.613 0.416 0.629 0.399 0.641 0.39 0.657 0.381 0.67 0.377 0.683 0.376 0.704 0.385 0.717 0.4 0.726 0.424 0.729 0.439 0.731 0.499 0.724 0.532 0.705 0.562 0.695 0.572 0.684 0.579 0.663 0.586
0 0.442 0.377 0.392 0.377 0.388 0.37 0.38 0.365 0.37 0.349 0.355 0.338 0.35 0.324 0.347 0.312 0.348 0.26 0.359 0.226 0.376 0.204 0.392 0.191 0.406 0.181 0.429 0.175 0.456 0.182 0.473 0.199 0.483 0.226 0.488 0.263 0.489 0.292 0.483 0.316 0.479 0.324 0.461 0.343 0.452 0.361 0.448 0.375 0.442 0.377
0 0.295 0.305 0.277 0.298 0.26 0.286 0.25 0.271 0.239 0.246 0.236 0.227 0.235 0.189 0.24 0.168 0.266 0.126 0.286 0.113 0.291 0.106 0.302 0.097 0.321 0.088 0.327 0.088 0.333 0.081 0.34 0.083 0.355 0.091 0.361 0.099 0.368 0.121 0.364 0.219 0.358 0.228 0.353 0.243 0.349 0.257 0.344 0.289 0.322 0.295 0.303 0.305 0.295 0.305
0 0.456 0.182 0.433 0.174 0.411 0.179 0.395 0.174 0.385 0.163 0.378 0.148 0.375 0.133 0.374 0.109 0.381 0.075 0.396 0.05 0.412 0.037 0.436 0.03 0.461 0.03 0.474 0.038 0.482 0.04 0.5 0.057 0.524 0.101 0.526 0.114 0.519 0.143 0.495 0.168 0.483 0.169 0.469 0.18 0.456 0.182
0 0.596 0.338 0.587 0.338 0.58 0.33 0.556 0.317 0.54 0.312 0.509 0.31 0.506 0.307 0.506 0.297 0.502 0.29 0.497 0.275 0.496 0.251 0.5 0.222 0.505 0.209 0.514 0.194 0.528 0.18 0.539 0.173 0.546 0.166 0.568 0.163 0.587 0.163 0.594 0.165 0.6 0.173 0.616 0.182 0.639 0.201 0.652 0.218 0.655 0.227 0.657 0.243 0.66 0.251 0.66 0.256 0.656 0.267 0.654 0.28 0.649 0.294 0.632 0.311 0.614 0.324 0.606 0.335 0.596 0.33
