0 0.213 0.703 0.185 0.7 0.162 0.685 0.151 0.672 0.144 0.66 0.139 0.645 0.136 0.628 0.135 0.604 0.141 0.58 0.149 0.563 0.159 0.549 0.168 0.54 0.184 0.531 0.211 0.528 0.232 0.536 0.264 0.56 0.272 0.573 0.277 0.586 0.279 0.62 0.276 0.636 0.269 0.656 0.261 0.668 0.243 0.687 0.224 0.7 0.213 0.703
0 0.264 0.667 0.262 0.666 0.269 0.655 0.276 0.636 0.288 0.64 0.301 0.65 0.274 0.658 0.264 0.667
0 0.71 0.748 0.699 0.733 0.702 0.707 0.696 0.691 0.715 0.675 0.728 0.651 0.737 0.651 0.747 0.646 0.751 0.654 0.732 0.667 0.71 0.702 0.709 0.709 0.71 0.748
0 0.726 0.581 0.715 0.558 0.702 0.542 0.687 0.532 0.665 0.527 0.671 0.508 0.673 0.496 0.688 0.478 0.69 0.478 0.699 0.487 0.715 0.496 0.735 0.496 0.75 0.492 0.761 0.514 0.74 0.532 0.735 0.54 0.729 0.558 0.726 0.581
0 0.845 0.698 0.83 0.674 0.821 0.665 0.833 0.654 0.843 0.638 0.849 0.621 0.852 0.602 0.873 0.606 0.875 0.611 0.879 0.634 0.879 0.645 0.875 0.665 0.863 0.684 0.845 0.698
0 0.787 0.36 0.777 0.344 0.764 0.331 0.748 0.324 0.733 0.321 0.747 0.317 0.763 0.299 0.771 0.282 0.774 0.258 0.786 0.271 0.779 0.306 0.778 0.328 0.789 0.357 0.787 0.36
0 0.169 0.542 0.167 0.54 0.171 0.531 0.171 0.513 0.166 0.495 0.141 0.456 0.115 0.443 0.14 0.421 0.142 0.422 0.142 0.437 0.148 0.462 0.157 0.479 0.17 0.495 0.18 0.502 0.196 0.506 0.21 0.507 0.228 0.503 0.226 0.514 0.218 0.532 0.188 0.53 0.169 0.542
0 0.171 0.719 0.157 0.718 0.141 0.712 0.129 0.702 0.121 0.69 0.113 0.675 0.109 0.659 0.108 0.635 0.11 0.624 0.135 0.614 0.138 0.644 0.145 0.66 0.155 0.677 0.174 0.693 0.188 0.7 0.202 0.703 0.19 0.713 0.171 0.719
0 0.361 0.789 0.355 0.788 0.355 0.785 0.364 0.744 0.362 0.71 0.357 0.696 0.347 0.678 0.331 0.662 0.32 0.654 0.327 0.632 0.34 0.652 0.361 0.666 0.384 0.67 0.396 0.668 0.411 0.66 0.417 0.677 0.42 0.696 0.421 0.732 0.414 0.756 0.4 0.771 0.372 0.786 0.361 0.789
0 0.385 0.67 0.372 0.67 0.358 0.666 0.335 0.648 0.329 0.639 0.322 0.617 0.32 0.589 0.321 0.577 0.326 0.559 0.335 0.543 0.344 0.532 0.365 0.518 0.389 0.514 0.411 0.522 0.421 0.53 0.429 0.542 0.438 0.567 0.44 0.599 0.433 0.627 0.416 0.654 0.402 0.665 0.385 0.67
0 0.291 0.605 0.279 0.604 0.274 0.578 0.263 0.558 0.225 0.534 0.224 0.518 0.229 0.504 0.249 0.485 0.259 0.469 0.264 0.456 0.29 0.448 0.309 0.449 0.321 0.453 0.333 0.462 0.339 0.481 0.357 0.511 0.358 0.521 0.341 0.536 0.329 0.554 0.323 0.572 0.319 0.597 0.291 0.605
0 0.109 0.623 0.081 0.62 0.07 0.615 0.054 0.604 0.045 0.592 0.038 0.58 0.031 0.557 0.028 0.541 0.028 0.521 0.031 0.506 0.036 0.489 0.043 0.476 0.054 0.464 0.066 0.453 0.093 0.442 0.114 0.443 0.14 0.456 0.149 0.464 0.161 0.484 0.168 0.497 0.171 0.514 0.169 0.537 0.155 0.553 0.145 0.57 0.139 0.586 0.133 0.612 0.127 0.618 0.109 0.623
0 0.212 0.508 0.186 0.506 0.172 0.498 0.162 0.487 0.15 0.466 0.141 0.432 0.144 0.404 0.15 0.386 0.156 0.374 0.178 0.354 0.2 0.348 0.215 0.347 0.226 0.35 0.248 0.366 0.258 0.379 0.263 0.39 0.269 0.417 0.269 0.434 0.264 0.461 0.257 0.474 0.249 0.486 0.238 0.495 0.224 0.505 0.212 0.508
0 0.142 0.414 0.131 0.409 0.121 0.4 0.108 0.381 0.102 0.365 0.1 0.352 0.1 0.332 0.104 0.316 0.112 0.301 0.12 0.289 0.132 0.278 0.148 0.269 0.166 0.263 0.185 0.262 0.198 0.264 0.212 0.27 0.226 0.28 0.235 0.293 0.231 0.311 0.232 0.35 0.23 0.352 0.216 0.348 0.199 0.348 0.184 0.352 0.17 0.36 0.156 0.374 0.149 0.388 0.142 0.414
0 0.3 0.426 0.291 0.426 0.271 0.42 0.266 0.399 0.258 0.379 0.248 0.366 0.233 0.354 0.229 0.345 0.229 0.313 0.239 0.283 0.255 0.263 0.276 0.252 0.298 0.252 0.311 0.256 0.322 0.264 0.342 0.288 0.351 0.318 0.352 0.337 0.351 0.361 0.344 0.389 0.326 0.414 0.316 0.42 0.3 0.426
0 0.461 0.438 0.443 0.435 0.425 0.424 0.406 0.408 0.4 0.398 0.398 0.39 0.394 0.364 0.397 0.332 0.405 0.313 0.413 0.301 0.431 0.288 0.441 0.285 0.456 0.287 0.484 0.301 0.497 0.315 0.51 0.344 0.512 0.365 0.51 0.378 0.507 0.391 0.499 0.412 0.486 0.429 0.461 0.438
0 0.514 0.632 0.49 0.631 0.468 0.625 0.452 0.616 0.441 0.597 0.438 0.569 0.431 0.546 0.434 0.514 0.449 0.469 0.469 0.442 0.48 0.434 0.49 0.43 0.502 0.43 0.516 0.437 0.527 0.448 0.537 0.463 0.551 0.495 0.559 0.542 0.557 0.577 0.548 0.606 0.541 0.618 0.533 0.625 0.514 0.632
0 0.606 0.61 0.594 0.608 0.586 0.602 0.576 0.591 0.567 0.574 0.559 0.543 0.549 0.467 0.553 0.428 0.564 0.396 0.572 0.382 0.581 0.37 0.591 0.364 0.599 0.363 0.624 0.366 0.65 0.378 0.661 0.387 0.666 0.394 0.671 0.426 0.678 0.458 0.677 0.48 0.67 0.525 0.652 0.528 0.638 0.535 0.627 0.545 0.619 0.558 0.612 0.575 0.608 0.592 0.608 0.608 0.606 0.61
0 0.71 0.323 0.695 0.321 0.688 0.317 0.679 0.311 0.673 0.301 0.666 0.277 0.667 0.25 0.675 0.225 0.688 0.206 0.709 0.193 0.731 0.192 0.75 0.203 0.765 0.223 0.772 0.24 0.774 0.271 0.768 0.293 0.754 0.312 0.722 0.322 0.71 0.323
0 0.853 0.398 0.844 0.398 0.825 0.391 0.802 0.376 0.785 0.348 0.781 0.335 0.78 0.32 0.784 0.275 0.797 0.248 0.81 0.233 0.826 0.22 0.844 0.213 0.861 0.212 0.875 0.214 0.89 0.22 0.909 0.238 0.927 0.268 0.932 0.285 0.932 0.305 0.93 0.32 0.923 0.344 0.916 0.359 0.906 0.372 0.881 0.391 0.866 0.396 0.853 0.398
0 0.792 0.675 0.779 0.674 0.766 0.668 0.756 0.66 0.748 0.65 0.739 0.633 0.738 0.607 0.73 0.587 0.727 0.572 0.729 0.552 0.741 0.531 0.757 0.517 0.776 0.51 0.801 0.513 0.824 0.528 0.838 0.544 0.845 0.556 0.85 0.572 0.852 0.587 0.851 0.616 0.846 0.632 0.838 0.647 0.82 0.666 0.807 0.673 0.792 0.675
0 0.681 0.696 0.658 0.692 0.645 0.683 0.634 0.672 0.623 0.657 0.613 0.637 0.608 0.617 0.608 0.59 0.617 0.561 0.631 0.541 0.652 0.528 0.676 0.529 0.703 0.542 0.715 0.557 0.724 0.574 0.734 0.603 0.735 0.641 0.723 0.665 0.707 0.684 0.696 0.692 0.681 0.696
0 0.738 0.498 0.712 0.496 0.696 0.486 0.688 0.477 0.678 0.456 0.665 0.397 0.667 0.383 0.671 0.368 0.682 0.348 0.7 0.331 0.724 0.323 0.739 0.323 0.754 0.326 0.763 0.331 0.773 0.34 0.786 0.354 0.795 0.376 0.798 0.396 0.798 0.418 0.795 0.435 0.783 0.465 0.76 0.487 0.738 0.498
0 0.654 0.378 0.62 0.365 0.591 0.364 0.582 0.351 0.58 0.341 0.582 0.286 0.59 0.269 0.603 0.255 0.616 0.248 0.64 0.246 0.653 0.248 0.666 0.256 0.666 0.276 0.669 0.29 0.686 0.32 0.687 0.331 0.685 0.343 0.671 0.368 0.654 0.378
0 0.538 0.434 0.514 0.426 0.5 0.413 0.511 0.374 0.51 0.345 0.497 0.315 0.488 0.304 0.473 0.294 0.478 0.269 0.49 0.251 0.506 0.241 0.534 0.236 0.554 0.239 0.567 0.252 0.576 0.272 0.583 0.306 0.582 0.334 0.573 0.378 0.554 0.418 0.538 0.434
0 0.881 0.607 0.853 0.606 0.851 0.576 0.841 0.548 0.823 0.528 0.805 0.513 0.81 0.503 0.82 0.49 0.848 0.47 0.867 0.462 0.889 0.46 0.912 0.464 0.929 0.474 0.941 0.49 0.953 0.526 0.953 0.559 0.944 0.577 0.933 0.59 0.922 0.597 0.9 0.605 0.881 0.607
0 0.784 0.82 0.76 0.816 0.739 0.803 0.723 0.781 0.712 0.753 0.71 0.729 0.719 0.688 0.734 0.664 0.746 0.656 0.75 0.656 0.767 0.67 0.782 0.675 0.8 0.675 0.822 0.666 0.828 0.671 0.839 0.687 0.848 0.714 0.851 0.735 0.85 0.755 0.846 0.771 0.838 0.788 0.827 0.802 0.817 0.809 0.784 0.82
0 0.626 0.79 0.593 0.789 0.574 0.781 0.559 0.766 0.552 0.754 0.547 0.74 0.545 0.728 0.551 0.703 0.55 0.69 0.547 0.681 0.55 0.653 0.554 0.643 0.563 0.632 0.584 0.617 0.607 0.613 0.614 0.637 0.624 0.658 0.637 0.676 0.654 0.69 0.674 0.696 0.688 0.695 0.703 0.689 0.707 0.69 0.697 0.74 0.685 0.762 0.659 0.782 0.626 0.79
0 0.477 0.792 0.462 0.788 0.449 0.782 0.43 0.757 0.422 0.739 0.417 0.718 0.421 0.689 0.43 0.662 0.439 0.65 0.449 0.64 0.478 0.628 0.511 0.632 0.526 0.645 0.541 0.671 0.548 0.701 0.546 0.726 0.537 0.753 0.523 0.771 0.505 0.783 0.477 0.792
0 0.292 0.856 0.278 0.856 0.264 0.852 0.251 0.842 0.238 0.829 0.23 0.814 0.224 0.795 0.22 0.772 0.221 0.746 0.227 0.717 0.231 0.704 0.238 0.691 0.253 0.675 0.277 0.656 0.294 0.652 0.312 0.652 0.322 0.656 0.334 0.663 0.353 0.687 0.362 0.71 0.364 0.728 0.363 0.744 0.352 0.797 0.342 0.822 0.321 0.844 0.305 0.853 0.292 0.856
0 0.417 0.526 0.393 0.514 0.381 0.514 0.362 0.518 0.34 0.484 0.332 0.461 0.332 0.436 0.34 0.412 0.356 0.392 0.379 0.382 0.396 0.384 0.413 0.414 0.424 0.424 0.443 0.436 0.446 0.456 0.443 0.482 0.433 0.507 0.426 0.518 0.417 0.526
0 0.396 0.383 0.378 0.38 0.362 0.36 0.352 0.334 0.352 0.308 0.361 0.281 0.373 0.257 0.389 0.248 0.404 0.246 0.418 0.25 0.428 0.257 0.441 0.27 0.451 0.285 0.436 0.286 0.425 0.29 0.415 0.298 0.405 0.313 0.398 0.327 0.395 0.34 0.394 0.365 0.396 0.383
0 0.754 0.518 0.753 0.491 0.761 0.486 0.78 0.468 0.789 0.454 0.793 0.442 0.798 0.422 0.799 0.385 0.808 0.383 0.822 0.391 0.849 0.398 0.854 0.405 0.866 0.434 0.87 0.453 0.869 0.462 0.85 0.468 0.829 0.481 0.816 0.493 0.804 0.513 0.778 0.509 0.766 0.512 0.754 0.51
