0 0.574 0.793 0.55 0.792 0.538 0.787 0.526 0.778 0.51 0.758 0.501 0.742 0.495 0.725 0.491 0.706 0.491 0.67 0.496 0.648 0.504 0.629 0.525 0.605 0.545 0.594 0.594 0.593 0.607 0.597 0.625 0.61 0.635 0.625 0.638 0.635 0.639 0.697 0.63 0.734 0.619 0.756 0.604 0.778 0.588 0.789 0.574 0.793
0 0.672 0.632 0.65 0.629 0.638 0.623 0.628 0.613 0.618 0.598 0.611 0.582 0.607 0.568 0.605 0.553 0.605 0.536 0.609 0.516 0.618 0.492 0.626 0.481 0.639 0.468 0.65 0.462 0.661 0.459 0.687 0.462 0.706 0.471 0.714 0.477 0.725 0.49 0.733 0.506 0.738 0.52 0.74 0.535 0.74 0.553 0.737 0.573 0.733 0.587 0.726 0.6 0.714 0.613 0.697 0.625 0.685 0.63 0.672 0.632
0 0.72 0.485 0.713 0.477 0.7 0.469 0.666 0.458 0.653 0.43 0.648 0.412 0.646 0.385 0.648 0.366 0.657 0.341 0.664 0.327 0.672 0.317 0.683 0.308 0.713 0.298 0.742 0.296 0.76 0.301 0.779 0.316 0.789 0.331 0.795 0.347 0.8 0.381 0.8 0.398 0.795 0.424 0.786 0.449 0.771 0.47 0.751 0.481 0.727 0.483 0.72 0.485
0 0.672 0.32 0.654 0.29 0.647 0.269 0.644 0.249 0.645 0.233 0.653 0.212 0.661 0.199 0.674 0.184 0.692 0.171 0.704 0.168 0.716 0.169 0.727 0.172 0.739 0.18 0.755 0.204 0.761 0.22 0.764 0.234 0.763 0.259 0.759 0.283 0.753 0.299 0.728 0.297 0.704 0.301 0.683 0.309 0.672 0.32
0 0.601 0.372 0.577 0.368 0.553 0.354 0.537 0.333 0.53 0.313 0.527 0.294 0.526 0.277 0.531 0.252 0.538 0.237 0.546 0.227 0.556 0.218 0.566 0.212 0.596 0.207 0.615 0.214 0.624 0.221 0.636 0.234 0.643 0.248 0.647 0.262 0.651 0.287 0.652 0.304 0.65 0.319 0.645 0.333 0.638 0.346 0.627 0.359 0.615 0.368 0.601 0.372
0 0.505 0.268 0.494 0.266 0.479 0.257 0.465 0.239 0.453 0.215 0.447 0.181 0.447 0.166 0.451 0.146 0.461 0.122 0.478 0.102 0.492 0.092 0.498 0.091 0.519 0.094 0.535 0.102 0.545 0.11 0.553 0.122 0.561 0.14 0.565 0.17 0.563 0.196 0.56 0.206 0.557 0.212 0.556 0.219 0.543 0.23 0.539 0.242 0.531 0.255 0.514 0.267 0.505 0.268
0 0.401 0.327 0.388 0.327 0.377 0.324 0.366 0.318 0.355 0.309 0.347 0.299 0.34 0.286 0.332 0.256 0.332 0.227 0.341 0.201 0.356 0.18 0.376 0.169 0.401 0.166 0.412 0.169 0.423 0.175 0.433 0.184 0.443 0.199 0.451 0.226 0.452 0.253 0.451 0.267 0.442 0.294 0.432 0.309 0.422 0.318 0.412 0.324 0.401 0.327
0 0.51 0.487 0.484 0.485 0.465 0.474 0.449 0.454 0.438 0.424 0.435 0.388 0.44 0.363 0.445 0.35 0.455 0.335 0.465 0.326 0.475 0.32 0.501 0.316 0.511 0.319 0.523 0.327 0.534 0.331 0.543 0.343 0.554 0.354 0.561 0.367 0.566 0.381 0.568 0.396 0.567 0.416 0.555 0.453 0.545 0.468 0.535 0.477 0.525 0.483 0.51 0.487
0 0.333 0.538 0.319 0.538 0.308 0.535 0.292 0.527 0.282 0.517 0.274 0.507 0.265 0.487 0.26 0.473 0.258 0.458 0.258 0.434 0.26 0.419 0.272 0.388 0.282 0.373 0.293 0.361 0.305 0.353 0.319 0.349 0.339 0.352 0.362 0.362 0.377 0.372 0.388 0.386 0.395 0.399 0.399 0.413 0.401 0.428 0.398 0.475 0.393 0.489 0.387 0.503 0.379 0.513 0.36 0.53 0.333 0.538
0 0.432 0.668 0.416 0.668 0.402 0.664 0.386 0.654 0.375 0.64 0.366 0.622 0.361 0.602 0.358 0.582 0.357 0.565 0.36 0.546 0.366 0.53 0.376 0.515 0.385 0.507 0.388 0.498 0.398 0.482 0.404 0.476 0.415 0.469 0.435 0.464 0.451 0.466 0.457 0.469 0.465 0.475 0.47 0.482 0.483 0.509 0.493 0.536 0.5 0.552 0.504 0.568 0.505 0.589 0.503 0.604 0.498 0.62 0.491 0.635 0.484 0.645 0.474 0.655 0.463 0.66 0.432 0.66
