0 0.0 0.784 0.011 0.815 0.03 0.848 0.051 0.895 0.064 0.914 0.086 0.955 0.107 0.977 0.139 0.997 0.066 0.998 0.023 0.976 0.0 0.955
0 0.0 0.64 0.012 0.606 0.031 0.569 0.05 0.547 0.07 0.528 0.096 0.511 0.109 0.505 0.12 0.503 0.168 0.513 0.211 0.517 0.218 0.52 0.227 0.527 0.241 0.547 0.253 0.568 0.258 0.59 0.259 0.626 0.257 0.642 0.246 0.663 0.253 0.666 0.256 0.673 0.245 0.674 0.242 0.684 0.244 0.696 0.258 0.693 0.261 0.7 0.268 0.705 0.269 0.713 0.259 0.718 0.251 0.729 0.278 0.745 0.303 0.769 0.328 0.819 0.333 0.832 0.335 0.848 0.335 0.873 0.329 0.909 0.322 0.917 0.315 0.932 0.292 0.962 0.278 0.975 0.255 0.992 0.24 1.0 0.0 1.0
0 0.421 0.995 0.386 0.992 0.355 0.976 0.338 0.964 0.315 0.936 0.322 0.915 0.329 0.902 0.335 0.864 0.334 0.838 0.324 0.808 0.358 0.833 0.381 0.842 0.413 0.843 0.446 0.835 0.461 0.827 0.49 0.8 0.513 0.765 0.538 0.732 0.553 0.703 0.583 0.723 0.592 0.731 0.593 0.735 0.585 0.752 0.579 0.772 0.577 0.802 0.585 0.85 0.592 0.868 0.599 0.881 0.595 0.896 0.59 0.897 0.588 0.899 0.588 0.906 0.594 0.916 0.593 0.941 0.571 0.956 0.489 0.989 0.467 0.994 0.421 0.995
0 0.801 1.0 0.596 0.998 0.593 0.979 0.594 0.916 0.588 0.907 0.587 0.9 0.59 0.896 0.594 0.896 0.599 0.881 0.588 0.861 0.582 0.841 0.577 0.809 0.577 0.782 0.582 0.759 0.593 0.734 0.606 0.715 0.618 0.701 0.64 0.686 0.661 0.677 0.685 0.674 0.716 0.675 0.74 0.683 0.762 0.696 0.793 0.725 0.809 0.746 0.82 0.769 0.829 0.799 0.837 0.883 0.837 0.929 0.834 0.967 0.828 0.998 0.801 1.0
0 0.921 0.995 0.897 0.995 0.874 0.991 0.852 0.983 0.833 0.969 0.837 0.894 0.83 0.807 0.819 0.767 0.803 0.737 0.799 0.726 0.807 0.71 0.816 0.71 0.835 0.73 0.855 0.746 0.885 0.76 0.903 0.764 0.934 0.766 0.953 0.762 0.98 0.752 1.0 0.741 1.0 0.963 0.98 0.977 0.961 0.987 0.921 0.995
0 0.404 0.846 0.376 0.842 0.338 0.823 0.322 0.804 0.298 0.762 0.283 0.72 0.277 0.682 0.279 0.646 0.284 0.628 0.293 0.611 0.304 0.595 0.329 0.574 0.342 0.542 0.374 0.5 0.388 0.487 0.422 0.464 0.432 0.453 0.443 0.445 0.447 0.445 0.471 0.459 0.526 0.485 0.562 0.493 0.595 0.495 0.606 0.517 0.61 0.534 0.614 0.565 0.614 0.591 0.608 0.628 0.591 0.666 0.576 0.686 0.554 0.701 0.534 0.739 0.519 0.758 0.495 0.795 0.476 0.816 0.461 0.829 0.448 0.836 0.404 0.846
0 0.295 0.758 0.271 0.74 0.251 0.73 0.256 0.719 0.268 0.713 0.268 0.707 0.261 0.7 0.258 0.693 0.243 0.694 0.242 0.681 0.244 0.675 0.255 0.673 0.251 0.665 0.246 0.665 0.256 0.645 0.259 0.628 0.259 0.601 0.255 0.574 0.238 0.54 0.262 0.514 0.295 0.499 0.317 0.48 0.332 0.483 0.391 0.484 0.366 0.51 0.345 0.539 0.329 0.574 0.299 0.603 0.283 0.633 0.278 0.653 0.279 0.692 0.283 0.717 0.294 0.748 0.295 0.758
0 0.601 0.721 0.577 0.704 0.568 0.693 0.59 0.665 0.603 0.637 0.61 0.613 0.613 0.574 0.611 0.541 0.605 0.51 0.637 0.493 0.67 0.494 0.738 0.482 0.763 0.484 0.782 0.547 0.78 0.579 0.785 0.601 0.786 0.634 0.791 0.654 0.801 0.681 0.799 0.687 0.787 0.7 0.775 0.708 0.747 0.688 0.727 0.679 0.706 0.675 0.676 0.675 0.65 0.682 0.63 0.692 0.618 0.702 0.601 0.721
0 0.926 0.767 0.892 0.763 0.87 0.754 0.851 0.743 0.827 0.72 0.804 0.685 0.796 0.668 0.789 0.646 0.786 0.627 0.786 0.601 0.781 0.58 0.783 0.547 0.776 0.529 0.774 0.513 0.763 0.475 0.763 0.43 0.766 0.408 0.772 0.39 0.788 0.356 0.808 0.333 0.832 0.316 0.857 0.304 0.885 0.298 0.92 0.297 0.94 0.3 0.982 0.315 0.997 0.323 1.0 0.328 0.999 0.741 0.989 0.749 0.967 0.758 0.95 0.764 0.926 0.767
0 0.592 0.494 0.557 0.493 0.521 0.483 0.461 0.454 0.429 0.433 0.396 0.406 0.36 0.368 0.338 0.341 0.306 0.288 0.295 0.261 0.292 0.244 0.291 0.2 0.296 0.171 0.307 0.14 0.321 0.112 0.342 0.088 0.37 0.063 0.402 0.046 0.426 0.041 0.466 0.042 0.494 0.05 0.515 0.063 0.539 0.087 0.556 0.099 0.612 0.124 0.629 0.135 0.659 0.173 0.673 0.184 0.691 0.205 0.709 0.239 0.723 0.275 0.732 0.322 0.732 0.345 0.729 0.366 0.72 0.394 0.705 0.419 0.694 0.433 0.655 0.467 0.621 0.488 0.592 0.494
0 0.674 0.489 0.648 0.488 0.631 0.484 0.653 0.469 0.689 0.439 0.706 0.418 0.717 0.399 0.724 0.382 0.731 0.345 0.728 0.299 0.715 0.253 0.693 0.212 0.671 0.184 0.682 0.182 0.708 0.186 0.738 0.198 0.755 0.209 0.776 0.23 0.8 0.249 0.807 0.256 0.82 0.283 0.825 0.299 0.827 0.318 0.804 0.337 0.795 0.347 0.787 0.358 0.774 0.383 0.766 0.408 0.763 0.428 0.761 0.473 0.724 0.485 0.674 0.489
0 0.963 0.0 0.981 0.01 1.0 0.027 1.0 0.199 0.982 0.222 0.959 0.242 0.921 0.261 0.886 0.267 0.844 0.265 0.804 0.249 0.775 0.227 0.749 0.196 0.72 0.14 0.709 0.11 0.715 0.068 0.713 0.021 0.722 0.0
0 0.71 0.0 0.716 0.042 0.716 0.066 0.707 0.112 0.698 0.132 0.683 0.151 0.658 0.169 0.654 0.167 0.638 0.146 0.621 0.13 0.553 0.099 0.532 0.083 0.507 0.059 0.488 0.049 0.463 0.042 0.429 0.041 0.408 0.045 0.379 0.058 0.389 0.026 0.402 0.0
0 0.0 0.419 0.017 0.436 0.048 0.46 0.073 0.473 0.088 0.486 0.116 0.502 0.069 0.528 0.043 0.553 0.026 0.577 0.0 0.638
0 0.0 0.076 0.035 0.057 0.084 0.045 0.099 0.045 0.131 0.054 0.157 0.07 0.177 0.087 0.191 0.103 0.201 0.118 0.209 0.136 0.215 0.164 0.215 0.189 0.224 0.216 0.224 0.227 0.22 0.239 0.223 0.241 0.239 0.238 0.26 0.239 0.277 0.246 0.295 0.258 0.311 0.297 0.344 0.349 0.346 0.364 0.344 0.423 0.341 0.439 0.336 0.45 0.317 0.48 0.305 0.493 0.28 0.508 0.25 0.517 0.193 0.517 0.123 0.505 0.097 0.493 0.044 0.46 0.0 0.421
0 0.294 0.257 0.263 0.24 0.238 0.238 0.258 0.211 0.282 0.19 0.292 0.185 0.291 0.235 0.294 0.257
0 0.275 0.195 0.249 0.193 0.238 0.184 0.217 0.182 0.211 0.14 0.196 0.11 0.174 0.085 0.152 0.066 0.13 0.054 0.101 0.047 0.095 0.022 0.094 0.001 0.402 0.001 0.389 0.027 0.38 0.057 0.343 0.088 0.327 0.105 0.316 0.122 0.301 0.158 0.291 0.193 0.275 0.19
