0 0.387 0.841 0.376 0.839 0.365 0.829 0.357 0.812 0.349 0.784 0.337 0.71 0.312 0.6 0.298 0.525 0.29 0.468 0.291 0.444 0.274 0.364 0.27 0.329 0.266 0.325 0.253 0.268 0.248 0.235 0.248 0.206 0.245 0.18 0.246 0.17 0.245 0.14 0.252 0.124 0.263 0.114 0.277 0.112 0.282 0.116 0.29 0.124 0.298 0.14 0.301 0.163 0.308 0.174 0.317 0.205 0.331 0.259 0.332 0.279 0.336 0.297 0.337 0.323 0.344 0.34 0.353 0.38 0.355 0.413 0.361 0.434 0.37 0.479 0.371 0.505 0.388 0.556 0.396 0.588 0.413 0.698 0.417 0.729 0.418 0.76 0.414 0.781 0.413 0.802 0.409 0.818 0.399 0.834 0.387 0.841
0 0.445 0.744 0.436 0.744 0.427 0.738 0.418 0.723 0.414 0.712 0.413 0.697 0.405 0.64 0.399 0.605 0.389 0.558 0.381 0.54 0.348 0.365 0.337 0.316 0.331 0.263 0.327 0.212 0.322 0.184 0.322 0.15 0.324 0.135 0.329 0.122 0.335 0.111 0.344 0.103 0.355 0.101 0.364 0.105 0.371 0.113 0.376 0.122 0.381 0.135 0.383 0.15 0.383 0.169 0.39 0.186 0.392 0.206 0.397 0.22 0.402 0.241 0.407 0.268 0.408 0.292 0.432 0.395 0.455 0.529 0.476 0.623 0.481 0.657 0.481 0.672 0.479 0.686 0.471 0.705 0.467 0.721 0.461 0.733 0.453 0.741 0.445 0.744
0 0.536 0.731 0.524 0.729 0.514 0.72 0.485 0.663 0.48 0.648 0.472 0.601 0.466 0.575 0.462 0.567 0.455 0.518 0.445 0.48 0.445 0.465 0.441 0.447 0.434 0.399 0.424 0.365 0.421 0.342 0.409 0.293 0.402 0.241 0.388 0.183 0.387 0.133 0.388 0.108 0.392 0.084 0.398 0.065 0.404 0.054 0.413 0.046 0.419 0.045 0.43 0.046 0.439 0.054 0.445 0.065 0.454 0.087 0.457 0.104 0.464 0.12 0.478 0.175 0.493 0.223 0.506 0.288 0.51 0.314 0.526 0.394 0.545 0.505 0.555 0.557 0.562 0.598 0.568 0.653 0.568 0.673 0.565 0.689 0.556 0.711 0.547 0.725 0.536 0.731
0 0.709 0.85 0.701 0.85 0.695 0.846 0.688 0.838 0.683 0.83 0.659 0.751 0.647 0.685 0.641 0.615 0.639 0.561 0.634 0.545 0.632 0.535 0.623 0.41 0.622 0.323 0.624 0.23 0.627 0.185 0.632 0.141 0.638 0.106 0.65 0.068 0.658 0.054 0.677 0.038 0.689 0.068 0.701 0.139 0.705 0.154 0.706 0.171 0.712 0.202 0.714 0.238 0.719 0.281 0.721 0.311 0.72 0.418 0.729 0.484 0.73 0.594 0.74 0.726 0.739 0.775 0.735 0.816 0.73 0.83 0.725 0.838 0.718 0.846 0.709 0.85
0 0.754 0.829 0.742 0.827 0.732 0.819 0.736 0.798 0.739 0.716 0.735 0.689 0.734 0.64 0.731 0.62 0.728 0.571 0.73 0.556 0.73 0.505 0.726 0.485 0.725 0.456 0.72 0.43 0.721 0.331 0.718 0.279 0.713 0.237 0.711 0.198 0.706 0.169 0.719 0.176 0.731 0.197 0.743 0.25 0.755 0.318 0.76 0.35 0.762 0.384 0.765 0.473 0.77 0.539 0.773 0.621 0.788 0.718 0.788 0.759 0.782 0.795 0.769 0.819 0.762 0.825 0.754 0.829
0 0.477 0.941 0.386 0.938 0.353 0.933 0.317 0.921 0.281 0.918 0.265 0.912 0.235 0.89 0.221 0.874 0.212 0.869 0.204 0.86 0.198 0.849 0.194 0.833 0.193 0.823 0.194 0.803 0.198 0.787 0.204 0.776 0.212 0.768 0.218 0.765 0.226 0.764 0.234 0.767 0.239 0.765 0.346 0.763 0.348 0.78 0.356 0.811 0.364 0.827 0.375 0.837 0.389 0.84 0.397 0.836 0.404 0.829 0.418 0.787 0.418 0.765 0.492 0.771 0.655 0.773 0.67 0.781 0.679 0.817 0.688 0.834 0.684 0.857 0.675 0.875 0.657 0.891 0.627 0.908 0.584 0.924 0.544 0.933 0.507 0.94 0.477 0.941
0 0.285 0.765 0.232 0.739 0.217 0.726 0.199 0.707 0.191 0.691 0.187 0.67 0.188 0.65 0.194 0.631 0.203 0.617 0.214 0.61 0.223 0.611 0.229 0.614 0.258 0.613 0.297 0.606 0.307 0.611 0.312 0.605 0.324 0.66 0.336 0.705 0.334 0.706 0.337 0.716 0.341 0.74 0.346 0.761 0.338 0.759 0.328 0.763 0.291 0.762 0.285 0.765
0 0.258 0.614 0.239 0.614 0.221 0.61 0.211 0.611 0.207 0.598 0.205 0.584 0.205 0.569 0.208 0.552 0.216 0.536 0.224 0.528 0.242 0.523 0.267 0.503 0.295 0.496 0.302 0.538 0.303 0.553 0.307 0.568 0.312 0.609 0.305 0.612 0.297 0.606 0.288 0.606 0.281 0.609 0.271 0.609 0.258 0.614
0 0.548 0.516 0.547 0.516 0.543 0.495 0.539 0.479 0.534 0.445 0.529 0.427 0.527 0.398 0.589 0.397 0.601 0.405 0.615 0.408 0.624 0.419 0.624 0.431 0.626 0.444 0.627 0.475 0.629 0.488 0.621 0.503 0.615 0.509 0.603 0.514 0.593 0.509 0.58 0.509 0.548 0.516
0 0.531 0.4 0.526 0.4 0.522 0.376 0.513 0.339 0.511 0.318 0.506 0.305 0.56 0.29 0.609 0.289 0.62 0.296 0.622 0.315 0.622 0.365 0.623 0.375 0.623 0.387 0.62 0.391 0.609 0.397 0.561 0.4 0.545 0.397 0.531 0.4
0 0.509 0.308 0.508 0.307 0.496 0.234 0.492 0.222 0.49 0.209 0.503 0.204 0.531 0.204 0.566 0.197 0.609 0.196 0.617 0.199 0.626 0.21 0.624 0.223 0.624 0.292 0.62 0.297 0.608 0.291 0.566 0.291 0.532 0.297 0.52 0.305 0.509 0.308
0 0.627 0.209 0.617 0.198 0.609 0.194 0.568 0.197 0.562 0.2 0.55 0.2 0.543 0.204 0.494 0.205 0.486 0.209 0.476 0.16 0.462 0.11 0.487 0.104 0.541 0.1 0.576 0.1 0.588 0.107 0.605 0.105 0.619 0.102 0.625 0.102 0.633 0.105 0.638 0.111 0.635 0.123 0.63 0.158 0.627 0.20
