0 0.387 0.925 0.374 0.923 0.36 0.916 0.342 0.902 0.334 0.89 0.326 0.872 0.319 0.841 0.321 0.809 0.333 0.774 0.351 0.749 0.363 0.74 0.374 0.738 0.395 0.741 0.416 0.754 0.435 0.782 0.445 0.818 0.444 0.853 0.438 0.878 0.431 0.894 0.422 0.906 0.408 0.918 0.398 0.923 0.387 0.925
0 0.386 0.718 0.362 0.714 0.352 0.708 0.341 0.695 0.33 0.669 0.322 0.641 0.322 0.622 0.328 0.604 0.335 0.592 0.354 0.57 0.373 0.56 0.39 0.557 0.408 0.558 0.432 0.572 0.45 0.594 0.455 0.606 0.458 0.62 0.457 0.648 0.446 0.678 0.431 0.698 0.41 0.713 0.386 0.718
0 0.504 0.796 0.484 0.794 0.449 0.779 0.439 0.764 0.431 0.74 0.431 0.698 0.44 0.686 0.451 0.665 0.46 0.656 0.474 0.646 0.488 0.642 0.506 0.644 0.523 0.653 0.539 0.679 0.544 0.698 0.544 0.736 0.537 0.767 0.531 0.778 0.522 0.789 0.513 0.796 0.504 0.796
0 0.58 0.7 0.569 0.699 0.558 0.695 0.542 0.684 0.524 0.654 0.515 0.621 0.514 0.603 0.515 0.589 0.525 0.563 0.54 0.545 0.558 0.537 0.57 0.536 0.58 0.538 0.6 0.549 0.608 0.556 0.617 0.567 0.623 0.578 0.632 0.613 0.632 0.635 0.622 0.662 0.598 0.693 0.59 0.698 0.58 0.7
0 0.483 0.582 0.467 0.582 0.455 0.578 0.443 0.567 0.433 0.542 0.422 0.489 0.423 0.467 0.428 0.453 0.434 0.443 0.447 0.43 0.47 0.42 0.495 0.422 0.507 0.428 0.519 0.438 0.531 0.458 0.539 0.482 0.542 0.499 0.541 0.527 0.529 0.554 0.512 0.571 0.483 0.582
0 0.405 0.446 0.381 0.442 0.362 0.428 0.353 0.415 0.346 0.398 0.342 0.371 0.343 0.362 0.347 0.349 0.355 0.335 0.367 0.318 0.379 0.306 0.398 0.299 0.416 0.304 0.437 0.321 0.45 0.341 0.458 0.36 0.46 0.372 0.46 0.388 0.457 0.399 0.442 0.424 0.421 0.441 0.405 0.446
0 0.53 0.391 0.506 0.388 0.491 0.374 0.48 0.352 0.473 0.321 0.474 0.283 0.483 0.256 0.496 0.239 0.512 0.232 0.527 0.232 0.559 0.244 0.572 0.257 0.583 0.278 0.582 0.322 0.57 0.36 0.553 0.382 0.544 0.388 0.53 0.391
0 0.313 0.296 0.298 0.296 0.283 0.291 0.27 0.283 0.259 0.271 0.246 0.239 0.247 0.203 0.256 0.178 0.277 0.152 0.29 0.143 0.309 0.136 0.334 0.136 0.356 0.147 0.367 0.164 0.369 0.177 0.368 0.238 0.361 0.262 0.35 0.279 0.336 0.29 0.313 0.296
0 0.44 0.287 0.417 0.286 0.397 0.275 0.38 0.258 0.369 0.232 0.369 0.21 0.379 0.166 0.386 0.149 0.397 0.138 0.416 0.13 0.43 0.13 0.44 0.133 0.466 0.153 0.486 0.179 0.492 0.192 0.495 0.205 0.496 0.221 0.494 0.237 0.48 0.266 0.472 0.274 0.458 0.282 0.44 0.287
0 0.576 0.262 0.561 0.246 0.536 0.234 0.528 0.205 0.528 0.178 0.53 0.168 0.542 0.143 0.564 0.12 0.59 0.11 0.611 0.114 0.618 0.119 0.624 0.127 0.638 0.164 0.639 0.196 0.637 0.214 0.628 0.231 0.613 0.248 0.597 0.256 0.576 0.26
