0 0.888 0.872 0.877 0.872 0.87 0.869 0.858 0.858 0.836 0.848 0.822 0.838 0.792 0.81 0.764 0.776 0.748 0.762 0.738 0.746 0.72 0.729 0.689 0.708 0.668 0.688 0.644 0.672 0.602 0.629 0.568 0.602 0.558 0.59 0.518 0.554 0.492 0.527 0.47 0.496 0.455 0.466 0.453 0.457 0.453 0.432 0.45 0.419 0.45 0.411 0.453 0.403 0.465 0.392 0.472 0.392 0.477 0.396 0.477 0.392 0.483 0.384 0.492 0.38 0.503 0.38 0.526 0.385 0.563 0.405 0.593 0.429 0.616 0.45 0.648 0.491 0.681 0.524 0.715 0.569 0.725 0.578 0.737 0.594 0.754 0.61 0.77 0.63 0.782 0.641 0.792 0.657 0.808 0.672 0.842 0.722 0.849 0.734 0.874 0.794 0.901 0.838 0.899 0.853 0.896 0.859 0.897 0.866 0.888 0.872
0 0.35 0.628 0.338 0.626 0.328 0.61 0.329 0.614 0.326 0.615 0.319 0.61 0.311 0.598 0.306 0.559 0.311 0.514 0.335 0.447 0.34 0.428 0.356 0.396 0.407 0.26 0.413 0.252 0.433 0.249 0.439 0.263 0.44 0.27 0.44 0.32 0.438 0.337 0.43 0.366 0.421 0.438 0.419 0.485 0.409 0.54 0.397 0.587 0.388 0.607 0.382 0.613 0.365 0.612 0.359 0.623 0.35 0.628
0 0.667 0.0 0.667 0.019 0.661 0.043 0.652 0.057 0.632 0.074 0.598 0.09 0.584 0.1 0.5 0.136 0.468 0.156 0.459 0.159 0.457 0.156 0.454 0.155 0.44 0.166 0.431 0.168 0.424 0.174 0.397 0.186 0.343 0.196 0.317 0.194 0.314 0.189 0.311 0.18 0.311 0.172 0.318 0.151 0.352 0.11 0.4 0.07 0.434 0.047 0.482 0.019 0.503 0.011 0.522 0.0
0 0.889 0.654 0.88 0.654 0.836 0.634 0.825 0.634 0.795 0.619 0.772 0.614 0.758 0.615 0.716 0.571 0.681 0.525 0.65 0.494 0.615 0.452 0.579 0.418 0.561 0.404 0.521 0.384 0.503 0.379 0.484 0.38 0.486 0.367 0.478 0.354 0.476 0.346 0.478 0.331 0.484 0.322 0.493 0.316 0.503 0.318 0.511 0.326 0.524 0.32 0.536 0.32 0.571 0.336 0.583 0.348 0.599 0.358 0.63 0.397 0.659 0.417 0.676 0.424 0.696 0.442 0.713 0.452 0.737 0.472 0.743 0.479 0.767 0.494 0.788 0.511 0.841 0.548 0.859 0.565 0.886 0.599 0.892 0.612 0.903 0.626 0.905 0.633 0.905 0.642 0.889 0.654
0 0.0 0.272 0.074 0.186 0.107 0.139 0.122 0.114 0.148 0.08 0.152 0.069 0.164 0.055 0.175 0.037 0.185 0.024 0.209 0.0
0 0.186 0.486 0.162 0.48 0.153 0.473 0.152 0.476 0.134 0.459 0.129 0.449 0.124 0.426 0.125 0.392 0.135 0.341 0.149 0.29 0.171 0.235 0.174 0.218 0.18 0.206 0.191 0.191 0.197 0.174 0.21 0.153 0.218 0.131 0.218 0.123 0.22 0.119 0.219 0.109 0.221 0.097 0.229 0.081 0.243 0.041 0.245 0.03 0.242 0.01 0.244 0.006 0.257 0.013 0.263 0.023 0.268 0.038 0.265 0.109 0.263 0.128 0.265 0.176 0.257 0.223 0.245 0.344 0.246 0.361 0.238 0.415 0.234 0.436 0.226 0.458 0.212 0.476 0.202 0.482 0.194 0.481 0.186 0.486
0 0.372 0.0 0.382 0.009 0.386 0.021 0.391 0.029 0.392 0.036 0.391 0.072 0.382 0.086 0.352 0.109 0.326 0.141 0.318 0.153 0.31 0.174 0.312 0.188 0.318 0.195 0.345 0.196 0.372 0.191 0.377 0.193 0.368 0.261 0.37 0.279 0.365 0.296 0.354 0.364 0.342 0.407 0.341 0.423 0.336 0.448 0.306 0.526 0.296 0.536 0.284 0.538 0.28 0.534 0.273 0.545 0.261 0.548 0.255 0.545 0.248 0.537 0.245 0.528 0.244 0.52 0.239 0.518 0.231 0.503 0.229 0.489 0.229 0.449 0.247 0.367 0.253 0.35 0.267 0.321 0.285 0.263 0.311 0.13 0.335 0.04 0.343 0.022 0.351 0.009 0.362 0.0
0 0.303 1.0 0.204 1.0 0.204 0.998 0.223 0.934 0.235 0.905 0.278 0.818 0.314 0.758 0.36 0.693 0.373 0.681 0.401 0.645 0.409 0.63 0.427 0.605 0.438 0.581 0.459 0.549 0.472 0.537 0.486 0.532 0.5 0.536 0.507 0.555 0.507 0.567 0.504 0.583 0.497 0.606 0.493 0.612 0.49 0.631 0.466 0.688 0.453 0.713 0.402 0.79 0.359 0.863 0.326 0.912 0.31 0.952 0.304 0.98 0.303 1.0
0 0.32 0.75 0.214 0.733 0.15 0.733 0.144 0.729 0.134 0.73 0.117 0.716 0.11 0.698 0.11 0.684 0.116 0.673 0.13 0.66 0.139 0.655 0.152 0.651 0.189 0.644 0.228 0.642 0.236 0.638 0.269 0.631 0.292 0.63 0.331 0.624 0.339 0.625 0.345 0.629 0.35 0.626 0.389 0.62 0.415 0.62 0.399 0.65 0.372 0.683 0.36 0.694 0.32 0.75
0 0.558 1.0 0.488 1.0 0.486 0.994 0.481 0.906 0.475 0.856 0.467 0.822 0.455 0.708 0.467 0.685 0.487 0.633 0.491 0.614 0.501 0.587 0.506 0.559 0.501 0.539 0.491 0.532 0.475 0.536 0.461 0.548 0.46 0.547 0.464 0.511 0.47 0.495 0.492 0.526 0.545 0.58 0.546 0.63 0.543 0.74 0.544 0.777 0.559 0.873 0.56 0.954 0.558 1.0
0 0.622 1.0 0.557 0.999 0.559 0.982 0.558 0.876 0.552 0.823 0.544 0.779 0.542 0.735 0.545 0.648 0.544 0.581 0.554 0.586 0.575 0.609 0.575 0.618 0.579 0.623 0.581 0.63 0.587 0.677 0.594 0.71 0.596 0.739 0.608 0.795 0.612 0.831 0.619 0.873 0.622 1.0
0 0.72 1.0 0.622 0.999 0.619 0.887 0.608 0.782 0.609 0.742 0.601 0.673 0.598 0.627 0.641 0.669 0.669 0.691 0.68 0.738 0.686 0.778 0.697 0.863 0.699 0.903 0.715 0.963 0.72 1.0
0 0.716 0.884 0.706 0.88 0.696 0.864 0.684 0.765 0.67 0.692 0.688 0.708 0.719 0.729 0.737 0.746 0.746 0.761 0.76 0.773 0.763 0.805 0.763 0.838 0.758 0.869 0.749 0.877 0.716 0.884
0 0.717 0.978 0.714 0.971 0.709 0.935 0.702 0.918 0.698 0.897 0.699 0.894 0.709 0.889 0.727 0.887 0.76 0.872 0.774 0.874 0.784 0.88 0.789 0.888 0.794 0.906 0.793 0.917 0.788 0.928 0.78 0.937 0.74 0.961 0.717 0.978
0 1.0 0.518 0.993 0.515 0.992 0.504 0.985 0.498 0.983 0.489 0.978 0.482 0.967 0.476 0.954 0.477 0.953 0.483 0.944 0.492 0.945 0.497 0.942 0.502 0.932 0.502 0.924 0.498 0.903 0.48 0.855 0.45 0.832 0.429 0.773 0.384 0.732 0.358 0.7 0.335 0.682 0.315 0.674 0.297 0.671 0.282 0.672 0.262 0.677 0.249 0.692 0.233 0.709 0.23 0.725 0.233 0.746 0.246 0.77 0.269 0.808 0.297 0.834 0.31 0.855 0.327 0.89 0.348 0.925 0.365 0.99 0.408 1.0 0.417 1.0 0.518
0 0.998 0.614 0.957 0.61 0.934 0.598 0.92 0.594 0.875 0.57 0.798 0.519 0.77 0.496 0.743 0.48 0.738 0.473 0.712 0.452 0.696 0.442 0.68 0.427 0.659 0.417 0.63 0.398 0.601 0.36 0.58 0.345 0.578 0.34 0.582 0.329 0.592 0.313 0.602 0.304 0.616 0.3 0.63 0.301 0.643 0.305 0.679 0.326 0.704 0.343 0.718 0.349 0.775 0.386 0.812 0.416 0.829 0.427 0.852 0.449 0.901 0.481 0.924 0.5 0.952 0.518 0.957 0.525 0.988 0.546 1.0 0.558 0.998 0.614
0 0.408 0.622 0.394 0.621 0.392 0.618 0.394 0.597 0.413 0.519 0.42 0.458 0.426 0.442 0.441 0.38 0.451 0.352 0.461 0.302 0.477 0.265 0.491 0.247 0.502 0.243 0.511 0.243 0.522 0.247 0.532 0.255 0.542 0.274 0.546 0.299 0.544 0.323 0.527 0.32 0.507 0.328 0.5 0.321 0.5 0.318 0.492 0.318 0.49 0.309 0.486 0.308 0.478 0.313 0.477 0.319 0.482 0.326 0.474 0.339 0.477 0.346 0.475 0.356 0.48 0.367 0.48 0.377 0.483 0.378 0.483 0.383 0.479 0.39 0.476 0.391 0.476 0.396 0.472 0.392 0.46 0.394 0.453 0.403 0.448 0.413 0.451 0.429 0.454 0.435 0.454 0.463 0.469 0.494 0.463 0.519 0.459 0.548 0.437 0.582 0.422 0.613 0.414 0.62 0.408 0.622
0 0.0 0.508 0.034 0.492 0.054 0.486 0.069 0.48 0.14 0.464 0.152 0.475 0.165 0.481 0.178 0.482 0.182 0.486 0.183 0.484 0.201 0.483 0.218 0.471 0.224 0.462 0.227 0.451 0.228 0.451 0.23 0.498 0.232 0.506 0.237 0.515 0.244 0.52 0.246 0.531 0.252 0.541 0.259 0.546 0.267 0.546 0.276 0.541 0.28 0.534 0.284 0.537 0.293 0.536 0.305 0.528 0.308 0.523 0.308 0.528 0.307 0.541 0.29 0.55 0.176 0.569 0.109 0.576 0.062 0.586 0.042 0.594 0.0 0.604
0 0.0 0.827 0.079 0.797 0.137 0.785 0.162 0.782 0.187 0.774 0.223 0.759 0.279 0.748 0.32 0.748 0.268 0.836 0.236 0.903 0.218 0.908 0.187 0.908 0.058 0.921 0.0 0.93
