0 0.571 0.877 0.481 0.873 0.414 0.853 0.405 0.853 0.397 0.862 0.391 0.865 0.374 0.855 0.351 0.855 0.346 0.851 0.332 0.85 0.328 0.846 0.296 0.839 0.29 0.835 0.257 0.826 0.252 0.822 0.215 0.812 0.207 0.806 0.191 0.808 0.187 0.803 0.185 0.796 0.154 0.777 0.149 0.77 0.13 0.772 0.113 0.767 0.104 0.76 0.093 0.759 0.078 0.752 0.068 0.738 0.068 0.726 0.075 0.715 0.087 0.712 0.099 0.712 0.117 0.719 0.161 0.723 0.177 0.713 0.237 0.699 0.345 0.696 0.458 0.707 0.482 0.712 0.555 0.72 0.614 0.74 0.635 0.751 0.668 0.756 0.672 0.759 0.678 0.759 0.684 0.753 0.701 0.748 0.742 0.751 0.76 0.744 0.779 0.73 0.805 0.72 0.827 0.72 0.837 0.725 0.84 0.731 0.839 0.738 0.826 0.757 0.805 0.777 0.778 0.794 0.769 0.804 0.73 0.818 0.711 0.83 0.697 0.834 0.68 0.846 0.653 0.857 0.602 0.874 0.578 0.874 0.571 0.877
0 0.0 0.779 0.018 0.782 0.079 0.785 0.115 0.791 0.146 0.798 0.213 0.823 0.251 0.83 0.286 0.843 0.344 0.856 0.367 0.866 0.393 0.883 0.408 0.897 0.406 0.902 0.412 0.912 0.434 0.931 0.442 0.931 0.431 0.915 0.429 0.914 0.429 0.912 0.449 0.922 0.456 0.922 0.461 0.918 0.462 0.907 0.477 0.902 0.488 0.902 0.505 0.911 0.513 0.911 0.537 0.901 0.561 0.882 0.578 0.875 0.598 0.874 0.618 0.89 0.614 0.904 0.585 0.933 0.55 0.952 0.546 0.962 0.522 0.979 0.502 0.987 0.494 0.995 0.476 0.999 0.116 0.999 0.072 0.974 0.06 0.962 0.057 0.952 0.04 0.945 0.0 0.914
0 0.836 0.999 0.612 0.999 0.558 0.98 0.548 0.979 0.539 0.975 0.536 0.967 0.546 0.962 0.547 0.955 0.552 0.95 0.583 0.935 0.615 0.902 0.618 0.889 0.612 0.887 0.602 0.877 0.603 0.875 0.683 0.845 0.883 0.824 0.909 0.825 0.934 0.822 0.969 0.827 1.0 0.836 1.0 0.937 0.998 0.939 0.97 0.954 0.836 0.999
0 0.914 0.732 0.848 0.727 0.819 0.72 0.745 0.727 0.729 0.732 0.709 0.732 0.676 0.724 0.653 0.713 0.62 0.687 0.595 0.673 0.589 0.666 0.57 0.665 0.545 0.64 0.526 0.634 0.507 0.608 0.504 0.599 0.504 0.59 0.508 0.58 0.517 0.577 0.539 0.59 0.554 0.605 0.563 0.605 0.575 0.599 0.601 0.596 0.633 0.599 0.637 0.585 0.647 0.578 0.661 0.58 0.671 0.573 0.692 0.569 0.736 0.569 0.812 0.587 0.855 0.601 0.913 0.613 1.0 0.639 0.999 0.718 0.964 0.729 0.914 0.732
0 0.543 0.53 0.493 0.527 0.453 0.518 0.43 0.518 0.395 0.504 0.341 0.491 0.319 0.483 0.281 0.485 0.251 0.481 0.22 0.469 0.215 0.464 0.211 0.454 0.211 0.444 0.215 0.428 0.22 0.423 0.243 0.418 0.28 0.417 0.304 0.409 0.318 0.4 0.4 0.395 0.415 0.391 0.439 0.378 0.469 0.372 0.495 0.363 0.51 0.36 0.64 0.362 0.674 0.358 0.747 0.358 0.777 0.363 0.804 0.363 0.822 0.37 0.833 0.38 0.882 0.391 0.912 0.407 0.927 0.41 0.945 0.422 0.953 0.432 0.95 0.446 0.939 0.457 0.879 0.45 0.856 0.464 0.843 0.465 0.803 0.48 0.751 0.49 0.732 0.498 0.709 0.498 0.62 0.522 0.543 0.53
0 0.97 0.196 0.961 0.195 0.933 0.18 0.897 0.18 0.882 0.172 0.856 0.173 0.829 0.169 0.814 0.171 0.802 0.165 0.784 0.162 0.742 0.161 0.718 0.157 0.694 0.158 0.587 0.144 0.541 0.13 0.48 0.096 0.465 0.092 0.442 0.093 0.431 0.084 0.431 0.079 0.449 0.046 0.461 0.033 0.54 0.005 0.587 0.002 0.664 0.011 0.755 0.04 0.783 0.043 0.796 0.054 0.857 0.074 0.866 0.085 0.89 0.1 0.91 0.116 0.922 0.118 0.927 0.121 0.966 0.118 0.97 0.101 0.971 0.112 0.975 0.123 0.986 0.131 0.991 0.149 0.989 0.165 0.98 0.183 0.975 0.187 0.97 0.196
0 0.495 0.0 0.486 0.011 0.464 0.026 0.447 0.049 0.426 0.088 0.402 0.106 0.392 0.118 0.36 0.128 0.316 0.15 0.228 0.161 0.204 0.169 0.187 0.18 0.156 0.184 0.119 0.183 0.081 0.175 0.069 0.176 0.076 0.184 0.095 0.194 0.095 0.198 0.102 0.202 0.105 0.207 0.106 0.219 0.102 0.228 0.092 0.235 0.066 0.245 0.059 0.245 0.058 0.203 0.046 0.187 0.035 0.185 0.018 0.197 0.003 0.19 0.003 0.119 0.019 0.118 0.048 0.104 0.071 0.092 0.096 0.073 0.147 0.045 0.211 0.016 0.252 0.0
0 0.032 0.306 0.019 0.304 0.014 0.296 0.014 0.275 0.019 0.263 0.044 0.251 0.092 0.235 0.117 0.219 0.167 0.196 0.2 0.173 0.234 0.159 0.306 0.15 0.384 0.149 0.511 0.16 0.525 0.159 0.562 0.171 0.59 0.173 0.62 0.182 0.655 0.189 0.672 0.187 0.678 0.191 0.691 0.189 0.707 0.178 0.723 0.178 0.732 0.183 0.755 0.182 0.761 0.177 0.764 0.181 0.764 0.194 0.761 0.207 0.76 0.226 0.754 0.229 0.747 0.236 0.738 0.234 0.729 0.239 0.706 0.26 0.697 0.26 0.688 0.263 0.672 0.262 0.657 0.267 0.624 0.27 0.612 0.275 0.574 0.282 0.515 0.282 0.498 0.289 0.477 0.289 0.471 0.283 0.453 0.283 0.439 0.288 0.416 0.291 0.271 0.297 0.243 0.301 0.179 0.301 0.146 0.293 0.116 0.293 0.089 0.298 0.044 0.302 0.032 0.306
0 0.0 0.346 0.016 0.341 0.025 0.341 0.047 0.331 0.067 0.331 0.098 0.336 0.123 0.325 0.143 0.32 0.154 0.313 0.205 0.302 0.397 0.292 0.438 0.288 0.452 0.283 0.469 0.282 0.477 0.288 0.558 0.283 0.562 0.294 0.581 0.293 0.627 0.298 0.672 0.308 0.696 0.318 0.712 0.328 0.735 0.351 0.741 0.354 0.737 0.359 0.699 0.357 0.628 0.362 0.509 0.36 0.493 0.363 0.476 0.371 0.436 0.38 0.408 0.393 0.323 0.4 0.287 0.414 0.229 0.421 0.215 0.428 0.214 0.435 0.21 0.443 0.198 0.435 0.183 0.439 0.17 0.439 0.165 0.437 0.134 0.439 0.119 0.435 0.077 0.412 0.042 0.401 0.012 0.41 0.0 0.41
0 0.0 0.449 0.014 0.453 0.034 0.451 0.055 0.452 0.076 0.461 0.095 0.461 0.115 0.463 0.118 0.466 0.132 0.466 0.145 0.461 0.161 0.461 0.166 0.458 0.211 0.452 0.219 0.468 0.229 0.47 0.235 0.476 0.246 0.48 0.268 0.484 0.318 0.483 0.341 0.491 0.354 0.493 0.394 0.504 0.427 0.518 0.448 0.518 0.484 0.526 0.532 0.532 0.615 0.524 0.662 0.509 0.717 0.501 0.735 0.508 0.761 0.525 0.769 0.536 0.786 0.548 0.788 0.553 0.819 0.579 0.823 0.584 0.823 0.587 0.815 0.589 0.794 0.585 0.741 0.571 0.688 0.571 0.673 0.574 0.664 0.579 0.644 0.581 0.637 0.586 0.631 0.596 0.622 0.589 0.536 0.59 0.524 0.585 0.519 0.579 0.512 0.579 0.504 0.588 0.5 0.597 0.478 0.597 0.466 0.594 0.437 0.594 0.427 0.59 0.4 0.59 0.396 0.588 0.374 0.585 0.32 0.584 0.304 0.578 0.279 0.578 0.254 0.571 0.21 0.565 0.152 0.564 0.145 0.567 0.132 0.567 0.12 0.562 0.094 0.56 0.09 0.562 0.05 0.567 0.016 0.56 0.007 0.557 0.004 0.553 0.004 0.545 0.01 0.535 0.024 0.522 0.042 0.512 0.042 0.51 0.013 0.493 0.0 0.49
0 0.0 0.547 0.015 0.557 0.047 0.565 0.067 0.565 0.102 0.558 0.119 0.566 0.145 0.566 0.153 0.562 0.242 0.566 0.304 0.575 0.367 0.581 0.375 0.584 0.464 0.591 0.473 0.596 0.498 0.596 0.503 0.599 0.508 0.61 0.513 0.613 0.524 0.632 0.545 0.639 0.569 0.664 0.575 0.666 0.589 0.665 0.596 0.672 0.622 0.687 0.624 0.693 0.583 0.711 0.56 0.718 0.548 0.718 0.391 0.701 0.354 0.695 0.226 0.695 0.17 0.692 0.155 0.689 0.069 0.702 0.05 0.731 0.036 0.734 0.023 0.73 0.014 0.72 0.006 0.717 0.004 0.707 0.002 0.707 0.002 0.697 0.0 0.682
0 0.999 0.425 0.966 0.403 0.961 0.405 0.946 0.39 0.941 0.388 0.93 0.388 0.93 0.384 0.917 0.381 0.913 0.382 0.908 0.379 0.9 0.382 0.886 0.377 0.871 0.378 0.857 0.372 0.832 0.368 0.794 0.354 0.746 0.355 0.73 0.339 0.687 0.313 0.654 0.302 0.601 0.295 0.593 0.291 0.603 0.276 0.627 0.268 0.654 0.267 0.659 0.264 0.688 0.263 0.7 0.259 0.706 0.26 0.71 0.252 0.717 0.25 0.731 0.237 0.738 0.234 0.748 0.235 0.752 0.229 0.759 0.226 0.766 0.214 0.783 0.215 0.833 0.229 0.871 0.246 0.924 0.281 0.952 0.31 0.973 0.323 0.989 0.337 1.0 0.352 0.999 0.425
0 0.675 0.758 0.633 0.749 0.613 0.74 0.555 0.72 0.627 0.692 0.651 0.711 0.68 0.724 0.72 0.734 0.766 0.735 0.761 0.742 0.745 0.749 0.701 0.747 0.683 0.753 0.675 0.758
0 0.965 0.285 0.915 0.275 0.87 0.247 0.837 0.231 0.769 0.21 0.762 0.21 0.76 0.202 0.763 0.196 0.762 0.179 0.766 0.173 0.774 0.17 0.822 0.172 0.878 0.171 0.887 0.175 0.926 0.2 0.949 0.23 1.0 0.251 0.999 0.279 0.992 0.283 0.965 0.285
0 0.683 0.19 0.671 0.185 0.656 0.187 0.627 0.182 0.601 0.173 0.565 0.17 0.544 0.164 0.544 0.16 0.542 0.162 0.525 0.16 0.524 0.157 0.494 0.157 0.408 0.148 0.321 0.148 0.357 0.132 0.406 0.128 0.504 0.127 0.551 0.131 0.589 0.142 0.629 0.15 0.736 0.158 0.753 0.167 0.756 0.175 0.752 0.181 0.739 0.183 0.731 0.182 0.724 0.177 0.705 0.177 0.696 0.185 0.683 0.19
0 0.95 0.615 0.936 0.612 0.93 0.606 0.919 0.606 0.91 0.599 0.904 0.6 0.902 0.596 0.892 0.595 0.879 0.587 0.825 0.581 0.809 0.57 0.806 0.564 0.809 0.559 0.822 0.554 0.847 0.548 0.857 0.537 0.864 0.536 0.885 0.543 0.913 0.544 0.948 0.559 0.979 0.56 0.997 0.565 1.0 0.572 1.0 0.598 0.997 0.602 0.99 0.6 0.984 0.605 0.978 0.605 0.965 0.612 0.95 0.615
0 0.972 0.629 0.918 0.615 0.896 0.606 0.853 0.601 0.823 0.59 0.817 0.587 0.817 0.583 0.822 0.583 0.806 0.565 0.808 0.56 0.824 0.553 0.848 0.548 0.858 0.537 0.889 0.544 0.908 0.544 0.949 0.56 0.995 0.563 1.0 0.572 1.0 0.602 0.99 0.615 0.972 0.629
0 0.0 0.312 0.005 0.304 0.01 0.301 0.074 0.302 0.123 0.291 0.208 0.302 0.141 0.315 0.121 0.326 0.098 0.332 0.045 0.331 0.03 0.339 0.014 0.338 0.005 0.335 0.0 0.327
0 0.105 0.467 0.075 0.462 0.058 0.456 0.067 0.445 0.077 0.443 0.089 0.434 0.105 0.429 0.112 0.429 0.117 0.434 0.129 0.438 0.206 0.438 0.208 0.446 0.208 0.452 0.195 0.456 0.105 0.467
0 0.751 0.514 0.741 0.511 0.737 0.506 0.735 0.495 0.788 0.481 0.801 0.48 0.809 0.475 0.853 0.464 0.87 0.454 0.939 0.456 0.944 0.453 0.961 0.452 0.967 0.455 0.973 0.467 0.971 0.48 0.967 0.485 0.958 0.489 0.905 0.492 0.829 0.491 0.8 0.504 0.751 0.51
