0 0.013 0.159 0.004 0.087 0.018 0.052 0.029 0.037 0.046 0.025 0.071 0.02 0.128 0.037 0.136 0.093 0.091 0.085 0.059 0.088 0.038 0.111 0.013 0.159
0 0.193 0.24 0.18 0.236 0.139 0.185 0.108 0.167 0.062 0.16 0.01 0.182 0.008 0.173 0.024 0.13 0.058 0.087 0.076 0.081 0.123 0.087 0.168 0.12 0.194 0.159 0.214 0.22 0.193 0.24
0 0.205 0.0 0.199 0.05 0.2 0.085 0.209 0.122 0.232 0.172 0.229 0.175 0.199 0.172 0.167 0.12 0.135 0.094 0.127 0.048 0.135 0.0
0 0.373 0.0 0.391 0.032 0.402 0.08 0.397 0.14 0.387 0.169 0.366 0.198 0.314 0.215 0.285 0.211 0.26 0.199 0.229 0.165 0.209 0.122 0.199 0.084 0.197 0.055 0.204 0.0
0 0.483 0.0 0.494 0.054 0.455 0.057 0.433 0.071 0.408 0.115 0.4 0.176 0.396 0.179 0.384 0.179 0.384 0.174 0.397 0.138 0.401 0.081 0.391 0.034 0.372 0.0
0 0.494 0.306 0.463 0.302 0.433 0.285 0.412 0.255 0.401 0.221 0.399 0.172 0.406 0.117 0.432 0.072 0.458 0.055 0.507 0.059 0.523 0.109 0.542 0.132 0.571 0.152 0.575 0.167 0.574 0.216 0.558 0.26 0.528 0.293 0.494 0.306
0 0.709 0.0 0.7 0.05 0.681 0.096 0.644 0.143 0.614 0.16 0.567 0.152 0.536 0.129 0.521 0.109 0.507 0.06 0.505 0.0
0 0.787 0.0 0.806 0.005 0.826 0.02 0.859 0.083 0.865 0.105 0.865 0.139 0.854 0.189 0.836 0.225 0.817 0.248 0.757 0.233 0.734 0.237 0.692 0.261 0.66 0.22 0.649 0.157 0.654 0.131 0.692 0.068 0.711 0.0
0 0.999 0.0 0.999 0.171 0.962 0.196 0.918 0.213 0.863 0.155 0.864 0.104 0.841 0.044 0.855 0.0
0 0.0 0.19 0.038 0.165 0.061 0.159 0.106 0.165 0.128 0.176 0.154 0.197 0.18 0.237 0.195 0.284 0.197 0.314 0.195 0.345 0.179 0.379 0.156 0.405 0.128 0.42 0.1 0.423 0.049 0.415 0.022 0.399 0.0 0.376
0 0.288 0.444 0.239 0.439 0.215 0.427 0.183 0.378 0.195 0.342 0.197 0.318 0.189 0.252 0.215 0.224 0.244 0.207 0.266 0.206 0.336 0.227 0.359 0.256 0.374 0.302 0.376 0.36 0.362 0.397 0.347 0.418 0.328 0.432 0.288 0.444
0 0.386 0.398 0.364 0.393 0.374 0.371 0.378 0.341 0.368 0.276 0.356 0.25 0.321 0.218 0.325 0.215 0.365 0.2 0.39 0.211 0.401 0.222 0.412 0.257 0.434 0.288 0.402 0.322 0.391 0.358 0.386 0.398
0 0.472 0.483 0.426 0.475 0.4 0.435 0.389 0.399 0.389 0.368 0.4 0.325 0.433 0.287 0.471 0.305 0.525 0.308 0.495 0.351 0.481 0.385 0.477 0.429 0.486 0.474 0.472 0.483
0 0.607 0.515 0.558 0.472 0.52 0.464 0.487 0.474 0.479 0.455 0.476 0.404 0.489 0.36 0.521 0.312 0.556 0.287 0.594 0.287 0.622 0.307 0.646 0.335 0.657 0.368 0.659 0.407 0.651 0.453 0.642 0.473 0.607 0.515
0 0.637 0.315 0.594 0.287 0.569 0.283 0.56 0.27 0.558 0.259 0.574 0.208 0.573 0.155 0.615 0.16 0.653 0.138 0.651 0.162 0.657 0.209 0.688 0.264 0.637 0.315
0 0.782 0.514 0.739 0.505 0.704 0.478 0.675 0.437 0.658 0.384 0.659 0.327 0.676 0.286 0.702 0.255 0.739 0.235 0.791 0.237 0.831 0.256 0.86 0.292 0.88 0.342 0.881 0.418 0.869 0.45 0.847 0.48 0.825 0.5 0.782 0.514
0 0.883 0.369 0.878 0.34 0.861 0.294 0.821 0.248 0.841 0.215 0.862 0.158 0.887 0.175 0.915 0.212 0.93 0.262 0.925 0.305 0.883 0.369
0 0.942 0.427 0.935 0.426 0.91 0.397 0.881 0.38 0.882 0.37 0.928 0.295 0.95 0.323 0.961 0.362 0.958 0.398 0.942 0.427
0 0.999 0.794 0.984 0.793 0.896 0.751 0.849 0.7 0.825 0.652 0.815 0.592 0.82 0.551 0.844 0.486 0.878 0.442 0.881 0.426 0.945 0.427 0.999 0.445 0.999 0.794
0 0.0 0.379 0.042 0.41 0.07 0.419 0.069 0.429 0.042 0.471 0.033 0.516 0.037 0.557 0.057 0.613 0.063 0.617 0.0 0.618
0 0.123 0.641 0.069 0.617 0.05 0.592 0.033 0.536 0.038 0.48 0.053 0.448 0.081 0.417 0.123 0.419 0.162 0.399 0.179 0.403 0.203 0.419 0.217 0.437 0.233 0.471 0.239 0.522 0.196 0.534 0.167 0.555 0.141 0.592 0.123 0.641
0 0.326 0.587 0.28 0.536 0.238 0.522 0.233 0.473 0.246 0.441 0.295 0.442 0.325 0.431 0.35 0.414 0.374 0.445 0.382 0.478 0.378 0.516 0.357 0.562 0.326 0.587
0 0.228 0.81 0.202 0.809 0.179 0.8 0.142 0.762 0.123 0.702 0.122 0.656 0.135 0.603 0.168 0.555 0.216 0.525 0.255 0.525 0.29 0.542 0.321 0.582 0.337 0.638 0.337 0.693 0.329 0.722 0.293 0.785 0.268 0.802 0.228 0.81
0 0.0 0.749 0.003 0.692 0.052 0.667 0.088 0.67 0.121 0.682 0.137 0.752 0.17 0.795 0.167 0.826 0.152 0.868 0.108 0.928 0.078 0.95 0.059 0.957 0.0 0.956
0 0.0 0.64 0.002 0.61 0.023 0.62 0.039 0.62 0.061 0.61 0.084 0.627 0.12 0.64 0.12 0.658 0.114 0.68 0.058 0.667 0.003 0.691 0.0 0.65
0 0.3 0.928 0.255 0.925 0.242 0.913 0.217 0.858 0.218 0.81 0.265 0.803 0.294 0.785 0.282 0.853 0.315 0.921 0.3 0.928
0 0.392 0.961 0.353 0.955 0.321 0.93 0.292 0.883 0.282 0.858 0.281 0.838 0.295 0.78 0.321 0.734 0.381 0.692 0.409 0.686 0.441 0.697 0.491 0.744 0.508 0.799 0.509 0.847 0.493 0.895 0.46 0.936 0.436 0.953 0.392 0.961
0 0.531 0.747 0.489 0.739 0.453 0.71 0.428 0.665 0.421 0.618 0.425 0.562 0.443 0.52 0.5 0.461 0.513 0.459 0.545 0.464 0.585 0.49 0.619 0.547 0.629 0.605 0.625 0.649 0.604 0.698 0.577 0.729 0.531 0.747
0 0.432 0.69 0.395 0.686 0.383 0.676 0.361 0.641 0.353 0.602 0.357 0.561 0.373 0.523 0.402 0.493 0.427 0.481 0.468 0.488 0.439 0.528 0.426 0.569 0.423 0.635 0.437 0.688 0.432 0.69
0 0.723 0.742 0.685 0.737 0.667 0.714 0.634 0.69 0.619 0.671 0.628 0.631 0.628 0.585 0.623 0.557 0.608 0.518 0.643 0.474 0.679 0.458 0.687 0.458 0.73 0.5 0.773 0.515 0.798 0.597 0.799 0.654 0.79 0.684 0.76 0.731 0.723 0.742
0 0.621 0.931 0.567 0.924 0.525 0.887 0.508 0.854 0.507 0.798 0.495 0.751 0.501 0.745 0.537 0.747 0.564 0.737 0.588 0.718 0.616 0.68 0.676 0.722 0.698 0.771 0.701 0.808 0.695 0.859 0.683 0.89 0.655 0.92 0.621 0.931
0 0.742 0.914 0.699 0.914 0.677 0.902 0.694 0.862 0.701 0.816 0.698 0.776 0.686 0.735 0.706 0.741 0.739 0.74 0.751 0.755 0.756 0.746 0.754 0.777 0.765 0.827 0.786 0.871 0.764 0.904 0.742 0.914
0 0.869 0.91 0.824 0.9 0.792 0.874 0.765 0.832 0.755 0.782 0.757 0.746 0.771 0.714 0.793 0.684 0.826 0.665 0.879 0.735 0.909 0.759 0.952 0.774 0.959 0.785 0.956 0.84 0.937 0.878 0.907 0.901 0.869 0.91
0 0.216 0.229 0.198 0.17 0.214 0.176 0.234 0.172 0.253 0.192 0.251 0.206 0.229 0.215 0.216 0.229
0 0.657 0.37 0.649 0.343 0.634 0.321 0.67 0.28 0.685 0.273 0.666 0.311 0.657 0.37
0 0.907 0.432 0.877 0.428 0.881 0.382 0.911 0.397 0.935 0.426 0.907 0.432
0 0.507 0.0 0.508 0.06 0.493 0.045 0.485 0.0
0 0.857 0.0 0.85 0.009 0.841 0.04 0.822 0.015 0.796 0.
