0 0.408 0.0 0.491 0.028 0.57 0.084 0.62 0.158 0.632 0.223 0.611 0.287 0.547 0.348 0.488 0.375 0.388 0.393 0.293 0.391 0.222 0.371 0.155 0.323 0.112 0.262 0.102 0.2 0.119 0.116 0.175 0.04 0.25 0.0
0 0.377 0.69 0.33 0.686 0.285 0.673 0.2 0.617 0.164 0.555 0.164 0.48 0.216 0.41 0.26 0.387 0.393 0.394 0.491 0.377 0.55 0.417 0.566 0.48 0.603 0.527 0.599 0.55 0.573 0.6 0.529 0.639 0.449 0.676 0.377 0.69
0 0.158 0.696 0.089 0.669 0.024 0.618 0.018 0.542 0.036 0.494 0.077 0.45 0.132 0.425 0.205 0.415 0.164 0.484 0.164 0.546 0.201 0.614 0.273 0.668 0.225 0.685 0.158 0.696
0 0.623 0.272 0.631 0.199 0.62 0.158 0.587 0.104 0.542 0.059 0.574 0.01 0.583 0.002 0.927 0.002 0.954 0.048 0.965 0.094 0.954 0.168 0.928 0.208 0.862 0.202 0.748 0.205 0.691 0.225 0.623 0.272
0 0.868 0.59 0.764 0.583 0.653 0.553 0.596 0.518 0.558 0.462 0.556 0.385 0.57 0.339 0.625 0.272 0.659 0.244 0.716 0.215 0.758 0.204 0.908 0.206 0.958 0.223 0.997 0.251 0.997 0.549 0.934 0.579 0.868 0.59
0 0.802 0.892 0.732 0.889 0.656 0.865 0.615 0.837 0.578 0.789 0.559 0.73 0.562 0.661 0.586 0.612 0.649 0.555 0.8 0.588 0.857 0.59 0.921 0.584 0.995 0.644 0.995 0.799 0.956 0.834 0.901 0.869 0.85 0.885 0.802 0.892
0 0.281 0.916 0.217 0.909 0.17 0.885 0.133 0.848 0.114 0.793 0.124 0.743 0.158 0.699 0.173 0.69 0.276 0.669 0.342 0.685 0.395 0.685 0.442 0.726 0.442 0.753 0.392 0.773 0.335 0.82 0.304 0.863 0.281 0.916
0 0.708 0.995 0.308 0.995 0.287 0.931 0.29 0.89 0.305 0.858 0.351 0.798 0.384 0.775 0.428 0.757 0.503 0.747 0.568 0.752 0.589 0.8 0.623 0.842 0.656 0.863 0.735 0.893 0.729 0.951 0.708 0.995
0 0.562 0.749 0.456 0.735 0.417 0.712 0.396 0.688 0.487 0.659 0.539 0.629 0.574 0.597 0.599 0.597 0.561 0.678 0.562 0.749
0 0.219 0.41 0.167 0.39 0.13 0.355 0.107 0.299 0.117 0.251 0.139 0.306 0.159 0.329 0.221 0.367 0.275 0.385 0.219 0.4
