0 0.097 0.0 0.116 0.014 0.14 0.042 0.157 0.071 0.165 0.09 0.169 0.105 0.174 0.129 0.175 0.15 0.168 0.192 0.162 0.21 0.163 0.24 0.161 0.251 0.157 0.256 0.148 0.26 0.136 0.256 0.117 0.246 0.096 0.25 0.076 0.25 0.064 0.247 0.046 0.239 0.025 0.225 0.0 0.197
0 0.317 0.28 0.299 0.279 0.269 0.279 0.243 0.27 0.225 0.258 0.209 0.239 0.199 0.236 0.188 0.229 0.172 0.202 0.17 0.196 0.169 0.189 0.17 0.173 0.174 0.151 0.185 0.137 0.201 0.105 0.216 0.088 0.245 0.067 0.271 0.055 0.286 0.052 0.318 0.051 0.345 0.055 0.349 0.094 0.354 0.111 0.362 0.13 0.383 0.162 0.396 0.175 0.413 0.187 0.408 0.206 0.4 0.223 0.39 0.238 0.378 0.25 0.366 0.26 0.35 0.27 0.332 0.277 0.317 0.28
0 0.145 0.531 0.14 0.517 0.126 0.487 0.117 0.472 0.102 0.455 0.086 0.441 0.072 0.434 0.056 0.428 0.03 0.424 0.028 0.408 0.028 0.388 0.033 0.369 0.037 0.36 0.056 0.33 0.063 0.322 0.071 0.314 0.083 0.309 0.098 0.307 0.131 0.308 0.143 0.312 0.152 0.318 0.173 0.335 0.187 0.353 0.191 0.362 0.195 0.434 0.191 0.465 0.186 0.479 0.167 0.497 0.151 0.52 0.145 0.531
0 0.0 0.436 0.016 0.427 0.038 0.425 0.068 0.431 0.084 0.439 0.107 0.459 0.119 0.475 0.14 0.517 0.144 0.533 0.139 0.549 0.133 0.588 0.133 0.6 0.138 0.631 0.138 0.639 0.126 0.666 0.113 0.687 0.098 0.702 0.083 0.714 0.058 0.722 0.038 0.722 0.026 0.72 0.007 0.71 0.0 0.704
0 0.152 0.956 0.119 0.955 0.098 0.941 0.089 0.937 0.075 0.923 0.05 0.89 0.043 0.868 0.043 0.856 0.037 0.84 0.038 0.828 0.043 0.807 0.048 0.799 0.059 0.786 0.07 0.767 0.086 0.749 0.121 0.723 0.159 0.706 0.172 0.703 0.196 0.702 0.209 0.707 0.228 0.711 0.25 0.712 0.257 0.715 0.267 0.723 0.285 0.747 0.294 0.769 0.298 0.774 0.309 0.782 0.315 0.79 0.317 0.796 0.317 0.808 0.314 0.818 0.311 0.823 0.298 0.835 0.282 0.88 0.276 0.892 0.261 0.909 0.235 0.93 0.199 0.948 0.182 0.953 0.152 0.956
0 0.253 0.71 0.226 0.71 0.206 0.705 0.179 0.694 0.162 0.678 0.16 0.671 0.156 0.668 0.143 0.648 0.137 0.63 0.134 0.608 0.133 0.587 0.139 0.548 0.149 0.523 0.166 0.498 0.183 0.483 0.196 0.475 0.214 0.466 0.246 0.459 0.286 0.459 0.303 0.463 0.323 0.473 0.342 0.487 0.354 0.502 0.362 0.522 0.376 0.534 0.385 0.547 0.388 0.556 0.388 0.579 0.387 0.589 0.384 0.596 0.384 0.606 0.38 0.617 0.366 0.639 0.34 0.67 0.326 0.684 0.3 0.699 0.291 0.703 0.253 0.71
0 0.444 0.979 0.429 0.978 0.42 0.973 0.398 0.959 0.382 0.941 0.37 0.923 0.353 0.895 0.337 0.85 0.329 0.801 0.329 0.77 0.33 0.76 0.336 0.74 0.347 0.713 0.348 0.679 0.35 0.671 0.354 0.659 0.361 0.653 0.374 0.653 0.394 0.668 0.412 0.663 0.418 0.66 0.43 0.66 0.454 0.669 0.464 0.677 0.489 0.704 0.507 0.731 0.52 0.759 0.531 0.794 0.536 0.829 0.536 0.866 0.534 0.888 0.528 0.907 0.531 0.922 0.531 0.932 0.528 0.939 0.524 0.946 0.516 0.952 0.504 0.953 0.497 0.964 0.494 0.966 0.476 0.969 0.464 0.976 0.444 0.979
0 0.725 1.0 0.693 1.0 0.686 0.992 0.676 0.986 0.666 0.969 0.648 0.954 0.616 0.901 0.603 0.869 0.598 0.853 0.592 0.81 0.59 0.773 0.597 0.739 0.611 0.702 0.622 0.688 0.627 0.676 0.63 0.672 0.641 0.665 0.653 0.644 0.66 0.636 0.672 0.636 0.701 0.663 0.73 0.678 0.747 0.69 0.755 0.698 0.766 0.713 0.775 0.73 0.786 0.764 0.791 0.784 0.795 0.817 0.795 0.85 0.794 0.875 0.789 0.898 0.777 0.931 0.761 0.96 0.756 0.966 0.751 0.978 0.738 0.989 0.733 0.99 0.729 0.997 0.725 1.0
0 0.998 0.799 0.984 0.797 0.958 0.789 0.937 0.779 0.931 0.773 0.924 0.758 0.908 0.734 0.903 0.723 0.896 0.692 0.893 0.672 0.895 0.642 0.901 0.609 0.913 0.575 0.929 0.544 0.944 0.524 0.963 0.508 0.976 0.501 0.997 0.495 0.998 0.495 1.0 0.497 1.0 0.797 0.998 0.799
0 0.762 0.6 0.754 0.599 0.746 0.591 0.74 0.59 0.733 0.585 0.73 0.581 0.722 0.577 0.712 0.576 0.695 0.561 0.692 0.553 0.686 0.543 0.679 0.527 0.67 0.493 0.667 0.474 0.667 0.439 0.671 0.414 0.681 0.378 0.685 0.369 0.696 0.354 0.706 0.335 0.712 0.322 0.716 0.318 0.734 0.311 0.741 0.301 0.743 0.298 0.742 0.29 0.745 0.287 0.776 0.277 0.791 0.277 0.815 0.283 0.833 0.294 0.847 0.307 0.864 0.333 0.87 0.351 0.877 0.383 0.878 0.413 0.877 0.447 0.867 0.49 0.856 0.515 0.842 0.536 0.823 0.558 0.814 0.562 0.803 0.569 0.795 0.577 0.785 0.584 0.772 0.597 0.762 0.6
0 0.998 0.495 0.978 0.491 0.958 0.483 0.941 0.473 0.922 0.459 0.895 0.43 0.884 0.411 0.877 0.391 0.875 0.378 0.868 0.341 0.871 0.318 0.868 0.309 0.862 0.296 0.862 0.287 0.891 0.268 0.925 0.234 0.943 0.224 0.956 0.22 0.973 0.218 0.992 0.219 1.0 0.221 1.0 0.494 0.998 0.495
0 0.832 0.282 0.814 0.282 0.79 0.276 0.773 0.264 0.759 0.251 0.75 0.239 0.743 0.226 0.741 0.214 0.733 0.191 0.731 0.18 0.731 0.143 0.734 0.136 0.737 0.118 0.741 0.105 0.758 0.072 0.77 0.059 0.807 0.03 0.823 0.022 0.85 0.016 0.871 0.016 0.895 0.022 0.909 0.03 0.929 0.046 0.934 0.052 0.946 0.078 0.947 0.095 0.945 0.106 0.947 0.116 0.947 0.134 0.943 0.161 0.928 0.207 0.913 0.231 0.901 0.246 0.886 0.26 0.865 0.274 0.848 0.279 0.832 0.282
0 0.632 0.394 0.606 0.393 0.577 0.387 0.544 0.37 0.531 0.358 0.522 0.354 0.503 0.329 0.495 0.321 0.489 0.31 0.484 0.296 0.479 0.289 0.467 0.265 0.462 0.252 0.462 0.244 0.464 0.231 0.463 0.219 0.464 0.213 0.467 0.206 0.477 0.193 0.493 0.186 0.504 0.177 0.523 0.158 0.532 0.146 0.548 0.137 0.564 0.132 0.574 0.132 0.578 0.13 0.601 0.129 0.631 0.135 0.643 0.139 0.66 0.148 0.688 0.169 0.7 0.184 0.708 0.201 0.716 0.225 0.718 0.244 0.723 0.255 0.724 0.261 0.727 0.27 0.742 0.29 0.743 0.299 0.739 0.306 0.733 0.313 0.717 0.319 0.713 0.323 0.707 0.335 0.694 0.359 0.68 0.375 0.674 0.38 0.656 0.389 0.632 0.394
0 0.451 0.577 0.43 0.575 0.415 0.571 0.4 0.563 0.387 0.552 0.384 0.545 0.372 0.53 0.363 0.514 0.354 0.48 0.354 0.465 0.361 0.434 0.371 0.405 0.385 0.382 0.402 0.36 0.419 0.344 0.436 0.334 0.45 0.322 0.469 0.317 0.489 0.32 0.501 0.325 0.521 0.351 0.533 0.358 0.541 0.369 0.548 0.392 0.548 0.401 0.551 0.412 0.551 0.458 0.545 0.486 0.538 0.503 0.532 0.515 0.51 0.544 0.501 0.555 0.48 0.569 0.466 0.575 0.451 0.577
0 0.551 0.0 0.56 0.03 0.562 0.039 0.56 0.076 0.552 0.112 0.535 0.142 0.523 0.159 0.515 0.167 0.491 0.187 0.479 0.192 0.464 0.196 0.43 0.192 0.406 0.183 0.395 0.175 0.384 0.163 0.367 0.138 0.353 0.11 0.348 0.094 0.346 0.079 0.345 0.023 0.349 0.0
0 0.338 0.483 0.314 0.469 0.299 0.462 0.285 0.459 0.252 0.459 0.233 0.462 0.223 0.465 0.216 0.465 0.2 0.438 0.195 0.425 0.191 0.407 0.192 0.36 0.195 0.348 0.2 0.338 0.216 0.317 0.233 0.301 0.252 0.289 0.272 0.281 0.293 0.28 0.311 0.283 0.333 0.295 0.351 0.311 0.361 0.325 0.371 0.344 0.379 0.365 0.382 0.387 0.372 0.403 0.364 0.422 0.353 0.469 0.349 0.475 0.338 0.483
0 0.173 0.999 0.033 0.999 0.031 0.994 0.031 0.984 0.028 0.973 0.026 0.944 0.029 0.926 0.036 0.898 0.043 0.885 0.047 0.882 0.05 0.889 0.055 0.897 0.082 0.931 0.092 0.939 0.118 0.953 0.157 0.956 0.183 0.952 0.197 0.948 0.211 0.942 0.211 0.946 0.201 0.963 0.182 0.99 0.173 0.999
0 0.448 0.999 0.24 0.999 0.238 0.998 0.236 0.989 0.234 0.973 0.224 0.946 0.222 0.937 0.248 0.919 0.266 0.903 0.276 0.891 0.285 0.873 0.289 0.86 0.297 0.851 0.313 0.843 0.335 0.844 0.353 0.892 0.379 0.936 0.396 0.955 0.415 0.969 0.428 0.976 0.443 0.978 0.444 0.986 0.449 0.997 0.448 0.999
0 0.67 0.999 0.477 0.999 0.475 0.992 0.474 0.971 0.476 0.968 0.486 0.967 0.497 0.963 0.502 0.957 0.504 0.952 0.518 0.95 0.527 0.941 0.531 0.93 0.531 0.922 0.528 0.907 0.534 0.886 0.536 0.87 0.536 0.846 0.548 0.841 0.565 0.84 0.587 0.849 0.6 0.858 0.616 0.899 0.643 0.947 0.65 0.956 0.668 0.97 0.67 0.997 0.672 0.998 0.67 0.999
0 0.815 0.999 0.67 0.999 0.668 0.972 0.674 0.981 0.678 0.986 0.691 0.992 0.709 0.994 0.729 0.993 0.732 0.989 0.737 0.987 0.748 0.979 0.777 0.929 0.789 0.896 0.794 0.867 0.795 0.867 0.804 0.89 0.815 0.941 0.818 0.968 0.815 0.999
0 0.918 0.977 0.905 0.977 0.894 0.975 0.878 0.968 0.874 0.968 0.867 0.971 0.858 0.971 0.852 0.968 0.849 0.963 0.843 0.942 0.825 0.915 0.818 0.894 0.815 0.872 0.817 0.836 0.822 0.808 0.834 0.798 0.842 0.787 0.855 0.759 0.864 0.732 0.88 0.722 0.898 0.713 0.901 0.714 0.909 0.735 0.925 0.758 0.964 0.789 0.992 0.798 0.994 0.814 0.995 0.839 0.992 0.864 0.985 0.895 0.975 0.923 0.966 0.94 0.951 0.959 0.935 0.971 0.918 0.977
0 0.121 0.723 0.118 0.721 0.112 0.708 0.11 0.7 0.109 0.691 0.125 0.666 0.138 0.637 0.144 0.651 0.159 0.676 0.168 0.685 0.182 0.695 0.183 0.699 0.176 0.702 0.155 0.708 0.121 0.723
0 0.33 0.845 0.313 0.845 0.301 0.839 0.303 0.833 0.314 0.818 0.318 0.807 0.317 0.796 0.309 0.783 0.294 0.77 0.283 0.745 0.269 0.726 0.259 0.716 0.257 0.711 0.296 0.702 0.326 0.684 0.356 0.652 0.369 0.634 0.378 0.639 0.389 0.646 0.399 0.656 0.406 0.664 0.399 0.667 0.393 0.667 0.372 0.652 0.36 0.654 0.353 0.661 0.348 0.677 0.347 0.714 0.335 0.74 0.33 0.762 0.328 0.782 0.329 0.799 0.335 0.84 0.335 0.844 0.33 0.845
0 0.815 0.938 0.804 0.89 0.795 0.865 0.796 0.821 0.803 0.825 0.81 0.836 0.813 0.851 0.816 0.88 0.824 0.913 0.822 0.923 0.815 0.938
0 0.191 0.362 0.185 0.351 0.174 0.336 0.149 0.316 0.131 0.308 0.116 0.307 0.118 0.27 0.123 0.253 0.126 0.252 0.143 0.26 0.15 0.26 0.159 0.255 0.162 0.251 0.163 0.242 0.162 0.211 0.169 0.192 0.171 0.2 0.189 0.229 0.197 0.235 0.208 0.239 0.222 0.255 0.23 0.263 0.256 0.276 0.271 0.281 0.24 0.296 0.217 0.316 0.2 0.338 0.195 0.349 0.191 0.362
0 0.192 0.0 0.191 0.005 0.186 0.013 0.176 0.024 0.16 0.036 0.153 0.043 0.148 0.046 0.142 0.045 0.117 0.015 0.098 0.0
0 0.176 0.149 0.175 0.148 0.174 0.134 0.172 0.119 0.165 0.09 0.156 0.067 0.146 0.052 0.145 0.048 0.17 0.03 0.185 0.014 0.195 0.011 0.203 0.01 0.208 0.013 0.222 0.016 0.231 0.021 0.234 0.025 0.244 0.045 0.254 0.059 0.254 0.061 0.224 0.08 0.21 0.094 0.202 0.103 0.183 0.141 0.176 0.149
0 0.35 0.0 0.346 0.02 0.345 0.054 0.322 0.051 0.288 0.052 0.273 0.055 0.257 0.061 0.252 0.056 0.24 0.039 0.233 0.02 0.23 0.0
0 0.795 0.817 0.789 0.774 0.78 0.746 0.772 0.724 0.755 0.698 0.733 0.68 0.745 0.664 0.75 0.653 0.759 0.623 0.762 0.6 0.772 0.599 0.781 0.609 0.802 0.625 0.834 0.639 0.843 0.646 0.849 0.653 0.855 0.667 0.862 0.691 0.863 0.72 0.861 0.738 0.856 0.756 0.843 0.784 0.837 0.793 0.827 0.803 0.811 0.812 0.795 0.817
0 0.863 0.642 0.839 0.64 0.809 0.63 0.797 0.622 0.782 0.61 0.771 0.597 0.802 0.567 0.822 0.556 0.84 0.538 0.855 0.514 0.866 0.49 0.875 0.456 0.877 0.44 0.878 0.437 0.88 0.437 0.886 0.44 0.903 0.45 0.918 0.463 0.936 0.481 0.943 0.497 0.946 0.52 0.928 0.544 0.914 0.573 0.9 0.612 0.896 0.635 0.884 0.639 0.863 0.642
0 0.625 0.683 0.61 0.665 0.6 0.639 0.589 0.588 0.591 0.571 0.599 0.543 0.612 0.519 0.622 0.507 0.636 0.497 0.648 0.492 0.659 0.489 0.67 0.491 0.681 0.531 0.699 0.562 0.709 0.571 0.716 0.574 0.724 0.575 0.731 0.579 0.734 0.585 0.738 0.588 0.748 0.59 0.752 0.595 0.761 0.6 0.759 0.624 0.748 0.66 0.734 0.68 0.703 0.664 0.674 0.637 0.662 0.635 0.658 0.637 0.643 0.662 0.638 0.667 0.63 0.673 0.625 0.683
0 0.598 0.856 0.578 0.844 0.566 0.84 0.555 0.84 0.537 0.845 0.536 0.829 0.532 0.797 0.527 0.777 0.518 0.753 0.52 0.75 0.535 0.744 0.563 0.717 0.58 0.694 0.59 0.67 0.604 0.668 0.614 0.671 0.624 0.683 0.612 0.702 0.606 0.715 0.597 0.74 0.591 0.768 0.592 0.804 0.598 0.856
0 0.519 0.75 0.516 0.749 0.507 0.731 0.492 0.709 0.465 0.678 0.453 0.669 0.436 0.662 0.426 0.66 0.417 0.66 0.417 0.641 0.418 0.631 0.424 0.614 0.441 0.578 0.466 0.575 0.482 0.568 0.502 0.553 0.522 0.529 0.534 0.529 0.54 0.531 0.556 0.54 0.572 0.556 0.58 0.567 0.588 0.586 0.593 0.607 0.595 0.622 0.595 0.639 0.588 0.673 0.581 0.691 0.573 0.705 0.563 0.718 0.543 0.738 0.531 0.747 0.519 0.75
0 0.407 0.65 0.393 0.648 0.37 0.634 0.371 0.63 0.381 0.615 0.385 0.606 0.384 0.596 0.39 0.579 0.388 0.576 0.388 0.554 0.401 0.564 0.413 0.57 0.425 0.575 0.44 0.577 0.422 0.619 0.418 0.632 0.416 0.647 0.407 0.65
0 0.385 0.379 0.381 0.378 0.374 0.352 0.362 0.326 0.36 0.32 0.358 0.29 0.358 0.277 0.361 0.268 0.364 0.263 0.391 0.237 0.4 0.224 0.41 0.2 0.431 0.192 0.462 0.196 0.476 0.193 0.467 0.206 0.464 0.213 0.462 0.249 0.47 0.271 0.484 0.294 0.49 0.311 0.496 0.322 0.482 0.319 0.468 0.318 0.448 0.324 0.419 0.343 0.399 0.364 0.389 0.378 0.385 0.379
0 0.578 0.546 0.564 0.544 0.538 0.53 0.522 0.529 0.534 0.511 0.544 0.49 0.551 0.457 0.551 0.411 0.542 0.371 0.538 0.364 0.565 0.38 0.583 0.387 0.604 0.392 0.641 0.392 0.642 0.394 0.642 0.401 0.646 0.419 0.648 0.434 0.641 0.493 0.621 0.509 0.601 0.539 0.59 0.544 0.578 0.546
0 0.568 0.0 0.583 0.008 0.597 0.02 0.614 0.051 0.623 0.072 0.627 0.087 0.631 0.112 0.633 0.135 0.6 0.129 0.58 0.129 0.571 0.133 0.553 0.135 0.536 0.141 0.543 0.126 0.547 0.113 0.551 0.107 0.558 0.081 0.561 0.069 0.561 0.035 0.554 0.015 0.552 0.012 0.553 0.009 0.551 0.0
0 0.795 0.0 0.784 0.026 0.762 0.054 0.744 0.072 0.728 0.08 0.714 0.085 0.697 0.088 0.678 0.089 0.656 0.086 0.643 0.08 0.631 0.071 0.619 0.057 0.608 0.041 0.597 0.021 0.593 0.0
0 1.0 0.0 0.999 0.136 0.982 0.144 0.962 0.145 0.949 0.143 0.947 0.141 0.947 0.12 0.945 0.101 0.947 0.093 0.947 0.084 0.945 0.071 0.938 0.062 0.934 0.052 0.93 0.046 0.911 0.031 0.892 0.021 0.895 0.0
0 0.847 0.302 0.842 0.3 0.821 0.285 0.821 0.282 0.843 0.28 0.863 0.274 0.884 0.261 0.898 0.248 0.912 0.231 0.928 0.206 0.939 0.174 0.945 0.151 0.945 0.149 0.948 0.152 0.956 0.165 0.965 0.182 0.971 0.203 0.972 0.218 0.956 0.22 0.936 0.227 0.912 0.247 0.888 0.275 0.878 0.281 0.863 0.284 0.858 0.294 0.847 0.302
0 0.742 0.289 0.726 0.267 0.718 0.244 0.717 0.232 0.715 0.22 0.706 0.197 0.699 0.183 0.687 0.168 0.674 0.157 0.648 0.142 0.663 0.124 0.687 0.108 0.7 0.089 0.728 0.08 0.736 0.083 0.74 0.086 0.743 0.086 0.749 0.09 0.74 0.108 0.731 0.147 0.73 0.165 0.731 0.179 0.737 0.204 0.743 0.225 0.752 0.242 0.772 0.264 0.789 0.276 0.77 0.279 0.742 0.289
0 0.647 0.141 0.633 0.135 0.631 0.113 0.627 0.089 0.623 0.074 0.614 0.051 0.632 0.072 0.644 0.081 0.669 0.09 0.685 0.091 0.674 0.112 0.647 0.141
0 0.832 0.0 0.832 0.016 0.833 0.019 0.81 0.029 0.771 0.058 0.756 0.075 0.749 0.089 0.74 0.086 0.729 0.08 0.744 0.072 0.761 0.054 0.783 0.026 0.793 0.0
0 0.892 0.021 0.874 0.016 0.859 0.015 0.865 0.009 0.874 0.005 0.883 0.004 0.888 0.002 0.894 0.003 0.892 0.02
