0 0.941 0.358 0.933 0.353 0.928 0.354 0.914 0.344 0.903 0.342 0.901 0.339 0.883 0.286 0.87 0.229 0.871 0.197 0.881 0.169 0.893 0.153 0.907 0.142 0.916 0.138 0.93 0.135 0.956 0.142 0.967 0.15 0.98 0.182 0.981 0.192 0.98 0.204 0.976 0.217 0.954 0.26 0.949 0.272 0.949 0.333 0.951 0.351 0.949 0.358 0.941 0.358
0 0.259 0.889 0.233 0.889 0.215 0.882 0.198 0.871 0.191 0.854 0.188 0.837 0.188 0.813 0.193 0.786 0.21 0.762 0.219 0.754 0.236 0.746 0.254 0.746 0.274 0.762 0.295 0.786 0.309 0.797 0.32 0.802 0.34 0.806 0.352 0.816 0.367 0.823 0.375 0.821 0.38 0.822 0.377 0.83 0.371 0.832 0.367 0.842 0.357 0.856 0.332 0.874 0.32 0.879 0.291 0.882 0.259 0.889
0 0.221 0.712 0.21 0.712 0.192 0.708 0.16 0.686 0.144 0.664 0.132 0.639 0.104 0.601 0.098 0.591 0.089 0.568 0.089 0.55 0.091 0.535 0.104 0.514 0.142 0.496 0.158 0.49 0.168 0.49 0.189 0.501 0.206 0.522 0.213 0.547 0.216 0.588 0.225 0.639 0.223 0.649 0.217 0.665 0.217 0.677 0.219 0.686 0.227 0.699 0.227 0.708 0.221 0.712
0 0.362 0.785 0.348 0.784 0.328 0.776 0.248 0.726 0.235 0.713 0.222 0.693 0.218 0.677 0.22 0.659 0.227 0.64 0.24 0.622 0.255 0.608 0.273 0.599 0.289 0.6 0.305 0.611 0.316 0.626 0.34 0.679 0.377 0.742 0.38 0.753 0.378 0.772 0.373 0.782 0.362 0.785
0 0.31 0.614 0.3 0.605 0.29 0.599 0.278 0.598 0.268 0.6 0.246 0.583 0.224 0.558 0.205 0.52 0.193 0.505 0.179 0.492 0.165 0.457 0.164 0.445 0.165 0.412 0.175 0.396 0.202 0.385 0.227 0.379 0.238 0.379 0.25 0.388 0.262 0.404 0.269 0.417 0.272 0.46 0.277 0.492 0.292 0.549 0.299 0.563 0.299 0.592 0.31 0.614
0 0.398 0.707 0.389 0.706 0.377 0.699 0.367 0.688 0.358 0.674 0.348 0.648 0.343 0.626 0.331 0.596 0.3 0.544 0.29 0.521 0.287 0.506 0.29 0.493 0.286 0.482 0.291 0.481 0.296 0.486 0.305 0.482 0.312 0.483 0.322 0.488 0.336 0.503 0.362 0.524 0.419 0.557 0.436 0.576 0.445 0.591 0.452 0.616 0.451 0.629 0.448 0.639 0.441 0.654 0.426 0.677 0.424 0.687 0.419 0.696 0.411 0.704 0.398 0.707
0 0.438 0.87 0.429 0.87 0.418 0.866 0.392 0.846 0.377 0.823 0.373 0.804 0.374 0.788 0.379 0.769 0.388 0.748 0.42 0.708 0.448 0.644 0.465 0.614 0.476 0.601 0.471 0.584 0.465 0.578 0.467 0.573 0.47 0.57 0.485 0.598 0.494 0.604 0.503 0.62 0.506 0.647 0.504 0.691 0.492 0.768 0.479 0.823 0.472 0.839 0.46 0.857 0.45 0.866 0.438 0.87
0 0.644 0.868 0.624 0.865 0.611 0.858 0.588 0.83 0.583 0.818 0.58 0.804 0.581 0.784 0.593 0.748 0.607 0.73 0.631 0.718 0.657 0.714 0.683 0.698 0.706 0.688 0.738 0.683 0.747 0.686 0.754 0.702 0.756 0.712 0.754 0.722 0.749 0.733 0.735 0.754 0.706 0.788 0.686 0.834 0.677 0.849 0.66 0.864 0.644 0.868
0 0.338 0.484 0.333 0.483 0.328 0.468 0.314 0.461 0.284 0.432 0.252 0.39 0.199 0.341 0.183 0.318 0.178 0.298 0.178 0.283 0.182 0.269 0.198 0.239 0.21 0.226 0.223 0.218 0.242 0.22 0.26 0.232 0.277 0.253 0.291 0.287 0.296 0.303 0.32 0.398 0.327 0.452 0.334 0.47 0.341 0.482 0.338 0.484
0 0.51 0.386 0.49 0.384 0.452 0.362 0.398 0.356 0.375 0.345 0.355 0.347 0.354 0.344 0.37 0.331 0.374 0.315 0.38 0.307 0.392 0.296 0.417 0.279 0.444 0.271 0.488 0.249 0.518 0.248 0.537 0.256 0.551 0.275 0.559 0.295 0.559 0.315 0.556 0.347 0.546 0.367 0.529 0.381 0.51 0.386
0 0.599 0.516 0.59 0.514 0.574 0.506 0.558 0.507 0.546 0.5 0.541 0.493 0.536 0.48 0.533 0.453 0.536 0.432 0.542 0.412 0.574 0.346 0.591 0.305 0.604 0.286 0.619 0.275 0.622 0.256 0.62 0.248 0.623 0.246 0.627 0.25 0.628 0.279 0.636 0.295 0.639 0.317 0.638 0.344 0.633 0.392 0.636 0.44 0.636 0.46 0.632 0.478 0.621 0.501 0.612 0.51 0.599 0.516
0 0.628 0.72 0.615 0.712 0.6 0.691 0.591 0.662 0.59 0.632 0.604 0.586 0.616 0.51 0.627 0.492 0.631 0.48 0.636 0.455 0.642 0.443 0.649 0.416 0.656 0.411 0.657 0.418 0.652 0.43 0.649 0.448 0.65 0.459 0.661 0.479 0.669 0.513 0.676 0.581 0.68 0.596 0.691 0.621 0.695 0.638 0.697 0.668 0.692 0.686 0.679 0.702 0.659 0.715 0.628 0.72
0 0.76 0.653 0.747 0.652 0.732 0.644 0.721 0.635 0.709 0.617 0.702 0.577 0.704 0.563 0.712 0.542 0.723 0.529 0.738 0.518 0.78 0.503 0.814 0.488 0.848 0.47 0.878 0.449 0.894 0.445 0.91 0.434 0.913 0.442 0.906 0.446 0.903 0.451 0.9 0.462 0.898 0.49 0.886 0.516 0.859 0.545 0.836 0.574 0.813 0.617 0.798 0.636 0.78 0.648 0.76 0.653
0 0.73 0.269 0.706 0.265 0.693 0.254 0.682 0.233 0.682 0.216 0.687 0.198 0.693 0.158 0.699 0.144 0.706 0.135 0.726 0.126 0.749 0.13 0.767 0.14 0.785 0.158 0.792 0.162 0.83 0.159 0.841 0.166 0.847 0.173 0.849 0.186 0.846 0.197 0.835 0.215 0.822 0.23 0.8 0.246 0.765 0.262 0.748 0.268 0.73 0.269
0 0.642 0.272 0.637 0.27 0.628 0.261 0.627 0.25 0.624 0.246 0.62 0.249 0.621 0.257 0.61 0.251 0.601 0.25 0.568 0.268 0.548 0.269 0.538 0.258 0.52 0.244 0.51 0.224 0.509 0.203 0.512 0.177 0.515 0.163 0.537 0.135 0.549 0.127 0.562 0.123 0.582 0.126 0.606 0.143 0.63 0.164 0.648 0.185 0.663 0.205 0.673 0.226 0.677 0.243 0.676 0.255 0.659 0.263 0.65 0.27 0.642 0.272
0 0.72 0.526 0.711 0.524 0.705 0.518 0.696 0.526 0.691 0.525 0.689 0.522 0.7 0.508 0.703 0.485 0.721 0.447 0.728 0.425 0.737 0.412 0.748 0.373 0.763 0.335 0.776 0.318 0.798 0.305 0.816 0.302 0.828 0.308 0.866 0.361 0.866 0.383 0.859 0.407 0.843 0.432 0.808 0.46 0.772 0.498 0.72 0.526
0 0.375 0.503 0.362 0.5 0.347 0.49 0.329 0.459 0.321 0.399 0.307 0.341 0.305 0.319 0.306 0.305 0.309 0.296 0.314 0.292 0.31 0.272 0.312 0.268 0.318 0.272 0.321 0.284 0.336 0.292 0.352 0.31 0.364 0.327 0.364 0.336 0.353 0.343 0.355 0.348 0.374 0.345 0.396 0.358 0.409 0.371 0.426 0.395 0.431 0.41 0.433 0.431 0.429 0.448 0.421 0.465 0.412 0.478 0.398 0.493 0.388 0.5 0.375 0.503
0 0.494 0.566 0.459 0.564 0.448 0.554 0.441 0.54 0.436 0.519 0.436 0.469 0.433 0.419 0.429 0.396 0.419 0.367 0.421 0.362 0.435 0.36 0.455 0.363 0.476 0.377 0.486 0.388 0.514 0.433 0.529 0.465 0.536 0.494 0.536 0.511 0.531 0.534 0.527 0.544 0.516 0.558 0.508 0.563 0.494 0.566
0 0.466 0.258 0.446 0.253 0.383 0.204 0.341 0.139 0.338 0.129 0.338 0.126 0.366 0.124 0.41 0.137 0.421 0.138 0.448 0.125 0.464 0.124 0.482 0.129 0.493 0.138 0.5 0.148 0.507 0.165 0.508 0.188 0.506 0.222 0.502 0.233 0.493 0.246 0.466 0.258
0 0.386 0.3 0.372 0.297 0.342 0.278 0.313 0.267 0.309 0.27 0.288 0.258 0.278 0.246 0.264 0.218 0.262 0.186 0.266 0.169 0.279 0.136 0.294 0.124 0.302 0.122 0.318 0.123 0.328 0.128 0.345 0.145 0.384 0.205 0.42 0.245 0.435 0.266 0.434 0.272 0.42 0.277 0.386 0.3
0 0.545 0.882 0.523 0.88 0.503 0.866 0.492 0.854 0.487 0.834 0.48 0.825 0.493 0.766 0.5 0.72 0.503 0.719 0.522 0.733 0.547 0.739 0.557 0.744 0.576 0.776 0.581 0.812 0.581 0.829 0.577 0.852 0.573 0.862 0.566 0.872 0.56 0.878 0.545 0.882
0 0.558 0.738 0.526 0.735 0.515 0.73 0.502 0.718 0.505 0.649 0.509 0.621 0.522 0.588 0.529 0.579 0.539 0.553 0.562 0.512 0.574 0.508 0.59 0.516 0.603 0.516 0.616 0.508 0.615 0.518 0.602 0.528 0.604 0.546 0.602 0.568 0.598 0.582 0.59 0.639 0.592 0.678 0.588 0.7 0.585 0.711 0.57 0.736 0.558 0.738
0 0.674 0.492 0.669 0.489 0.667 0.482 0.66 0.477 0.65 0.46 0.649 0.448 0.656 0.416 0.656 0.412 0.654 0.412 0.646 0.422 0.643 0.418 0.638 0.377 0.639 0.311 0.647 0.283 0.657 0.268 0.674 0.256 0.688 0.255 0.7 0.26 0.713 0.272 0.719 0.274 0.722 0.28 0.737 0.292 0.744 0.305 0.745 0.328 0.742 0.343 0.736 0.358 0.717 0.385 0.712 0.396 0.691 0.466 0.678 0.482 0.676 0.49 0.674 0.492
0 0.928 0.57 0.915 0.569 0.91 0.564 0.901 0.519 0.9 0.499 0.902 0.462 0.907 0.447 0.914 0.441 0.912 0.437 0.91 0.434 0.892 0.444 0.878 0.446 0.873 0.431 0.869 0.41 0.869 0.385 0.872 0.374 0.89 0.348 0.9 0.343 0.916 0.344 0.939 0.357 0.95 0.358 0.968 0.377 0.974 0.394 0.974 0.411 0.969 0.441 0.966 0.451 0.954 0.474 0.947 0.507 0.942 0.553 0.938 0.564 0.928 0.57
0 0.758 0.884 0.746 0.884 0.722 0.875 0.712 0.868 0.704 0.867 0.694 0.858 0.689 0.841 0.691 0.822 0.707 0.787 0.718 0.773 0.729 0.764 0.753 0.727 0.755 0.708 0.749 0.687 0.743 0.682 0.733 0.68 0.736 0.663 0.744 0.652 0.765 0.655 0.769 0.661 0.775 0.687 0.777 0.729 0.788 0.768 0.792 0.808 0.791 0.828 0.784 0.86 0.771 0.878 0.758 0.884
0 0.836 0.747 0.811 0.744 0.794 0.728 0.776 0.689 0.771 0.666 0.772 0.655 0.792 0.642 0.814 0.62 0.826 0.613 0.862 0.602 0.904 0.586 0.938 0.586 0.945 0.596 0.947 0.604 0.945 0.624 0.927 0.648 0.903 0.673 0.87 0.73 0.858 0.739 0.836 0.747
0 0.91 0.879 0.882 0.877 0.852 0.866 0.786 0.87 0.784 0.867 0.784 0.863 0.792 0.832 0.793 0.797 0.8 0.792 0.831 0.779 0.85 0.759 0.872 0.742 0.88 0.738 0.897 0.736 0.924 0.745 0.936 0.756 0.943 0.769 0.951 0.795 0.955 0.821 0.952 0.837 0.937 0.863 0.929 0.872 0.91 0.87
