0 0.291 0.654 0.283 0.654 0.246 0.644 0.206 0.626 0.169 0.587 0.15 0.554 0.141 0.523 0.141 0.516 0.141 0.477 0.15 0.429 0.154 0.385 0.175 0.343 0.201 0.3 0.281 0.235 0.328 0.239 0.374 0.26 0.417 0.308 0.452 0.372 0.459 0.419 0.459 0.473 0.445 0.485 0.407 0.537 0.399 0.553 0.389 0.6 0.382 0.616 0.37 0.633 0.36 0.642 0.328 0.651 0.291 0.654
0 0.652 0.887 0.423 0.866 0.402 0.836 0.387 0.791 0.384 0.761 0.375 0.723 0.374 0.703 0.379 0.65 0.387 0.599 0.394 0.571 0.399 0.552 0.421 0.515 0.462 0.478 0.498 0.467 0.572 0.473 0.632 0.507 0.688 0.557 0.692 0.596 0.701 0.621 0.713 0.694 0.706 0.784 0.676 0.854 0.652 0.887
0 0.406 0.867 0.32 0.856 0.196 0.814 0.191 0.803 0.189 0.79 0.189 0.748 0.192 0.74 0.192 0.729 0.207 0.689 0.216 0.673 0.249 0.644 0.284 0.656 0.31 0.653 0.342 0.654 0.372 0.66 0.372 0.722 0.386 0.79 0.406 0.867
0 0.865 0.898 0.654 0.887 0.677 0.86 0.687 0.841 0.706 0.792 0.717 0.746 0.721 0.669 0.716 0.644 0.74 0.644 0.771 0.654 0.8 0.672 0.834 0.705 0.85 0.739 0.863 0.774 0.87 0.811 0.87 0.86 0.865 0.898
0 0.893 0.826 0.875 0.821 0.874 0.802 0.862 0.755 0.83 0.7 0.814 0.681 0.786 0.659 0.774 0.647 0.78 0.622 0.796 0.597 0.838 0.51 0.847 0.502 0.866 0.494 0.902 0.492 0.934 0.498 0.944 0.503 0.961 0.513 0.983 0.54 0.999 0.572 0.999 0.766 0.996 0.777 0.981 0.799 0.956 0.81 0.918 0.817 0.893 0.826
0 0.447 0.355 0.413 0.294 0.392 0.271 0.346 0.241 0.295 0.231 0.265 0.242 0.244 0.244 0.241 0.213 0.241 0.173 0.26 0.124 0.29 0.092 0.324 0.072 0.349 0.066 0.371 0.066 0.424 0.098 0.454 0.12 0.467 0.153 0.479 0.202 0.481 0.25 0.477 0.28 0.467 0.315 0.447 0.355
0 0.699 0.57 0.695 0.57 0.678 0.544 0.66 0.525 0.626 0.498 0.581 0.47 0.533 0.457 0.529 0.417 0.528 0.37 0.535 0.331 0.546 0.284 0.559 0.249 0.58 0.22 0.628 0.177 0.686 0.164 0.734 0.17 0.766 0.18 0.795 0.199 0.824 0.233 0.84 0.284 0.844 0.323 0.84 0.375 0.829 0.419 0.809 0.461 0.747 0.551 0.708 0.569 0.699 0.57
0 0.477 0.466 0.462 0.458 0.464 0.439 0.45 0.353 0.466 0.328 0.489 0.259 0.535 0.24 0.568 0.234 0.564 0.238 0.553 0.258 0.534 0.305 0.527 0.331 0.521 0.389 0.525 0.43 0.53 0.455 0.521 0.46 0.489 0.462 0.477 0.466
0 0.946 0.499 0.91 0.488 0.869 0.486 0.858 0.49 0.85 0.484 0.843 0.47 0.834 0.432 0.829 0.422 0.833 0.41 0.843 0.361 0.847 0.334 0.847 0.315 0.837 0.261 0.829 0.24 0.863 0.224 0.888 0.22 0.915 0.222 0.958 0.234 0.98 0.244 0.994 0.265 0.992 0.308 0.994 0.336 0.992 0.37 0.992 0.409 0.987 0.43 0.973 0.452 0.957 0.487 0.946 0.499
0 0.752 0.632 0.726 0.624 0.699 0.6 0.694 0.58 0.694 0.568 0.716 0.569 0.732 0.564 0.75 0.55 0.784 0.507 0.809 0.466 0.828 0.424 0.834 0.435 0.841 0.476 0.837 0.514 0.813 0.549 0.801 0.575 0.781 0.605 0.773 0.626 0.752 0.63
