0 0.573 0.0 0.579 0.001 0.597 0.011 0.618 0.028 0.637 0.048 0.643 0.061 0.657 0.078 0.667 0.1 0.678 0.135 0.684 0.165 0.683 0.179 0.663 0.223 0.629 0.264 0.582 0.288 0.554 0.298 0.51 0.309 0.468 0.309 0.443 0.306 0.409 0.296 0.378 0.281 0.36 0.265 0.343 0.255 0.315 0.22 0.307 0.206 0.293 0.167 0.291 0.151 0.292 0.123 0.301 0.099 0.325 0.062 0.349 0.036 0.371 0.021 0.395 0.009 0.429 0.0
0 0.0 0.171 0.009 0.162 0.032 0.149 0.076 0.137 0.094 0.134 0.171 0.137 0.202 0.144 0.25 0.163 0.28 0.185 0.301 0.208 0.309 0.22 0.32 0.23 0.334 0.276 0.332 0.3 0.327 0.32 0.309 0.355 0.289 0.375 0.267 0.393 0.232 0.411 0.206 0.419 0.194 0.42 0.177 0.425 0.156 0.426 0.127 0.419 0.111 0.419 0.088 0.413 0.048 0.395 0.015 0.366 0.0 0.356
0 0.908 0.342 0.844 0.339 0.827 0.332 0.801 0.327 0.781 0.318 0.757 0.3 0.747 0.287 0.742 0.271 0.741 0.251 0.743 0.234 0.752 0.215 0.767 0.205 0.784 0.186 0.808 0.165 0.832 0.152 0.876 0.136 0.905 0.131 0.921 0.131 0.944 0.136 0.965 0.144 0.984 0.155 0.998 0.167 0.998 0.308 0.98 0.32 0.944 0.336 0.927 0.341 0.908 0.342
0 0.688 0.285 0.655 0.285 0.647 0.282 0.648 0.281 0.639 0.274 0.629 0.276 0.622 0.27 0.635 0.262 0.647 0.242 0.667 0.216 0.685 0.176 0.685 0.163 0.667 0.102 0.656 0.079 0.644 0.063 0.634 0.046 0.674 0.037 0.717 0.037 0.752 0.044 0.789 0.06 0.8 0.067 0.819 0.089 0.845 0.145 0.807 0.166 0.783 0.186 0.766 0.205 0.752 0.214 0.741 0.243 0.741 0.273 0.688 0.285
0 0.254 0.166 0.218 0.15 0.185 0.14 0.121 0.135 0.092 0.135 0.052 0.143 0.028 0.151 0.007 0.164 0.004 0.152 0.007 0.127 0.023 0.099 0.037 0.085 0.054 0.074 0.079 0.065 0.105 0.062 0.124 0.063 0.171 0.076 0.203 0.094 0.242 0.134 0.249 0.147 0.254 0.166
0 0.146 0.63 0.054 0.613 0.023 0.613 0.001 0.616 0.001 0.415 0.031 0.407 0.062 0.402 0.069 0.403 0.075 0.409 0.1 0.417 0.125 0.418 0.157 0.425 0.182 0.423 0.194 0.42 0.225 0.441 0.249 0.466 0.26 0.486 0.264 0.508 0.259 0.538 0.251 0.557 0.232 0.581 0.206 0.603 0.174 0.621 0.146 0.63
0 0.441 0.683 0.397 0.677 0.377 0.671 0.344 0.653 0.329 0.641 0.314 0.621 0.301 0.586 0.302 0.569 0.306 0.554 0.313 0.54 0.328 0.523 0.367 0.494 0.395 0.482 0.418 0.477 0.439 0.476 0.47 0.481 0.514 0.497 0.525 0.506 0.568 0.565 0.575 0.58 0.574 0.593 0.569 0.607 0.557 0.62 0.533 0.639 0.487 0.667 0.453 0.681 0.441 0.683
0 0.0 0.616 0.023 0.613 0.054 0.613 0.082 0.616 0.171 0.636 0.197 0.645 0.222 0.661 0.243 0.686 0.25 0.7 0.259 0.743 0.25 0.767 0.25 0.782 0.239 0.805 0.221 0.83 0.19 0.852 0.158 0.867 0.118 0.881 0.074 0.888 0.0 0.891
0 0.507 0.957 0.486 0.957 0.46 0.949 0.439 0.932 0.43 0.93 0.425 0.923 0.403 0.907 0.394 0.904 0.389 0.9 0.38 0.873 0.371 0.827 0.37 0.8 0.372 0.786 0.381 0.763 0.405 0.725 0.421 0.707 0.438 0.694 0.457 0.683 0.482 0.673 0.538 0.664 0.569 0.665 0.602 0.673 0.628 0.684 0.672 0.723 0.682 0.738 0.693 0.768 0.695 0.798 0.693 0.824 0.684 0.852 0.668 0.879 0.645 0.904 0.624 0.92 0.597 0.935 0.507 0.957
0 0.991 0.992 0.752 0.991 0.719 0.959 0.708 0.943 0.694 0.921 0.684 0.885 0.684 0.864 0.696 0.819 0.706 0.803 0.722 0.788 0.772 0.755 0.821 0.742 0.851 0.739 0.882 0.741 0.917 0.748 0.951 0.764 0.986 0.787 0.997 0.797 0.997 0.986 0.991 0.992
0 0.789 0.75 0.715 0.75 0.7 0.745 0.685 0.738 0.675 0.722 0.638 0.689 0.612 0.674 0.612 0.615 0.616 0.6 0.63 0.572 0.644 0.556 0.662 0.541 0.683 0.53 0.716 0.519 0.74 0.516 0.766 0.516 0.794 0.521 0.836 0.534 0.862 0.547 0.881 0.562 0.903 0.589 0.911 0.609 0.915 0.627 0.914 0.653 0.906 0.682 0.893 0.702 0.869 0.723 0.845 0.736 0.789 0.75
0 0.412 1.0 0.157 1.0 0.152 0.991 0.146 0.988 0.146 0.942 0.15 0.92 0.16 0.907 0.161 0.9 0.203 0.869 0.224 0.858 0.25 0.85 0.284 0.843 0.305 0.843 0.352 0.853 0.382 0.871 0.393 0.898 0.398 0.902 0.406 0.905 0.419 0.917 0.422 0.931 0.428 0.927 0.432 0.933 0.431 0.946 0.425 0.942 0.422 0.977 0.412 1.0
0 0.88 0.541 0.855 0.539 0.809 0.523 0.765 0.514 0.738 0.49 0.725 0.472 0.723 0.454 0.726 0.438 0.723 0.43 0.738 0.406 0.747 0.395 0.763 0.384 0.798 0.37 0.822 0.364 0.863 0.36 0.885 0.361 0.909 0.365 0.939 0.376 0.958 0.387 0.982 0.405 0.993 0.416 0.993 0.44 0.981 0.427 0.962 0.421 0.947 0.424 0.937 0.437 0.943 0.451 0.961 0.463 0.977 0.464 0.993 0.455 0.993 0.48 0.981 0.5 0.967 0.512 0.946 0.523 0.915 0.534 0.88 0.541
0 0.585 0.574 0.572 0.572 0.524 0.504 0.505 0.493 0.469 0.481 0.468 0.471 0.471 0.458 0.48 0.443 0.495 0.427 0.521 0.408 0.564 0.393 0.591 0.391 0.612 0.393 0.634 0.4 0.653 0.409 0.673 0.424 0.692 0.444 0.699 0.456 0.703 0.487 0.699 0.51 0.69 0.527 0.662 0.541 0.634 0.565 0.608 0.572 0.585 0.574
0 0.417 0.452 0.366 0.447 0.334 0.437 0.318 0.429 0.297 0.411 0.281 0.382 0.309 0.353 0.324 0.326 0.331 0.295 0.33 0.266 0.346 0.26 0.359 0.262 0.377 0.278 0.397 0.29 0.433 0.303 0.485 0.31 0.504 0.31 0.528 0.305 0.541 0.326 0.545 0.344 0.545 0.363 0.538 0.388 0.528 0.403 0.508 0.419 0.474 0.437 0.448 0.446 0.417 0.452
0 0.324 0.789 0.289 0.787 0.25 0.777 0.251 0.766 0.259 0.746 0.258 0.727 0.249 0.696 0.22 0.657 0.22 0.65 0.235 0.632 0.264 0.62 0.3 0.611 0.309 0.612 0.33 0.641 0.367 0.667 0.394 0.676 0.427 0.682 0.453 0.684 0.431 0.699 0.413 0.717 0.387 0.755 0.373 0.784 0.362 0.788 0.324 0.789
0 0.287 0.613 0.275 0.611 0.271 0.607 0.268 0.602 0.268 0.594 0.261 0.589 0.233 0.581 0.254 0.549 0.263 0.516 0.261 0.491 0.255 0.477 0.242 0.455 0.245 0.45 0.267 0.433 0.303 0.418 0.341 0.439 0.363 0.446 0.398 0.45 0.43 0.449 0.453 0.444 0.484 0.432 0.483 0.44 0.471 0.458 0.468 0.48 0.434 0.476 0.416 0.477 0.398 0.481 0.365 0.495 0.327 0.523 0.313 0.541 0.303 0.565 0.302 0.586 0.308 0.61 0.287 0.613
0 0.684 0.987 0.649 0.986 0.615 0.978 0.58 0.963 0.556 0.944 0.602 0.931 0.627 0.917 0.661 0.887 0.682 0.859 0.684 0.86 0.685 0.886 0.694 0.919 0.718 0.957 0.736 0.976 0.717 0.984 0.684 0.987
0 0.658 0.404 0.641 0.404 0.617 0.395 0.594 0.391 0.569 0.393 0.532 0.404 0.526 0.404 0.538 0.388 0.545 0.361 0.541 0.33 0.529 0.304 0.578 0.288 0.608 0.274 0.636 0.282 0.673 0.287 0.688 0.307 0.695 0.336 0.695 0.35 0.691 0.367 0.682 0.382 0.658 0.404
0 0.137 0.99 0.113 0.99 0.1 0.987 0.079 0.978 0.047 0.956 0.029 0.939 0.021 0.918 0.015 0.891 0.072 0.887 0.122 0.879 0.164 0.863 0.193 0.85 0.222 0.828 0.235 0.809 0.275 0.809 0.274 0.845 0.223 0.859 0.201 0.871 0.176 0.89 0.153 0.923 0.146 0.939 0.147 0.967 0.152 0.987 0.137 0.99
0 0.378 0.867 0.352 0.853 0.321 0.845 0.306 0.843 0.269 0.845 0.26 0.828 0.247 0.821 0.238 0.812 0.251 0.778 0.296 0.788 0.358 0.789 0.373 0.787 0.372 0.815 0.381 0.864 0.378 0.867
0 0.743 0.401 0.682 0.4 0.724 0.399 0.725 0.397 0.723 0.395 0.725 0.392 0.722 0.389 0.722 0.382 0.716 0.378 0.716 0.374 0.71 0.363 0.706 0.342 0.706 0.308 0.71 0.289 0.715 0.283 0.709 0.281 0.743 0.273 0.756 0.298 0.777 0.315 0.797 0.325 0.826 0.332 0.844 0.339 0.918 0.342 0.937 0.34 0.948 0.335 0.948 0.38 0.94 0.375 0.946 0.363 0.94 0.361 0.939 0.356 0.944 0.35 0.947 0.354 0.948 0.347 0.947 0.344 0.942 0.341 0.94 0.346 0.938 0.345 0.932 0.349 0.931 0.361 0.935 0.366 0.93 0.371 0.908 0.364 0.874 0.36 0.823 0.364 0.798 0.37 0.771 0.38 0.749 0.394 0.743 0.401
0 0.709 0.52 0.707 0.52 0.711 0.506 0.709 0.482 0.706 0.478 0.7 0.457 0.684 0.432 0.715 0.416 0.733 0.411 0.723 0.431 0.728 0.442 0.724 0.455 0.724 0.471 0.739 0.491 0.766 0.516 0.734 0.516 0.709 0.52
0 0.617 0.675 0.584 0.665 0.567 0.663 0.542 0.662 0.512 0.666 0.51 0.655 0.552 0.625 0.567 0.609 0.575 0.592 0.574 0.573 0.598 0.573 0.634 0.566 0.616 0.6 0.61 0.625 0.608 0.645 0.617 0.675
0 0.318 0.231 0.308 0.221 0.304 0.211 0.295 0.204 0.274 0.179 0.255 0.165 0.254 0.153 0.261 0.126 0.277 0.099 0.301 0.076 0.326 0.06 0.312 0.083 0.303 0.105 0.294 0.142 0.296 0.169 0.309 0.206 0.321 0.227 0.318 0.231
0 0.679 0.432 0.652 0.411 0.653 0.406 0.68 0.385 0.696 0.355 0.702 0.351 0.735 0.4 0.737 0.407 0.733 0.412 0.728 0.412 0.701 0.425 0.679 0.432
0 0.222 0.661 0.202 0.647 0.166 0.634 0.15 0.632 0.148 0.629 0.167 0.624 0.205 0.604 0.218 0.591 0.226 0.59 0.24 0.593 0.247 0.599 0.255 0.611 0.256 0.623 0.254 0.626 0.24 0.629 0.229 0.638 0.222 0.653 0.222 0.661
0 0.0 0.359 0.015 0.366 0.032 0.382 0.059 0.399 0.058 0.403 0.034 0.406 0.012 0.414 0.0 0.40
