0 0.453 0.998 0.357 0.998 0.354 0.981 0.35 0.972 0.346 0.944 0.347 0.905 0.354 0.872 0.365 0.834 0.369 0.829 0.376 0.81 0.395 0.782 0.401 0.769 0.415 0.753 0.418 0.745 0.437 0.726 0.46 0.717 0.478 0.716 0.491 0.721 0.508 0.735 0.525 0.757 0.536 0.785 0.54 0.805 0.543 0.858 0.54 0.909 0.536 0.935 0.53 0.965 0.514 0.997 0.453 0.998
0 0.656 0.852 0.644 0.851 0.617 0.842 0.598 0.843 0.586 0.835 0.577 0.834 0.573 0.83 0.567 0.828 0.559 0.816 0.541 0.801 0.525 0.758 0.514 0.743 0.511 0.736 0.508 0.713 0.51 0.682 0.522 0.649 0.538 0.622 0.544 0.621 0.549 0.614 0.572 0.607 0.583 0.605 0.61 0.614 0.627 0.623 0.637 0.626 0.645 0.633 0.665 0.664 0.674 0.68 0.678 0.693 0.682 0.699 0.682 0.702 0.695 0.737 0.703 0.765 0.703 0.797 0.693 0.823 0.68 0.842 0.666 0.85 0.656 0.852
0 0.437 0.727 0.42 0.726 0.412 0.721 0.395 0.708 0.384 0.694 0.37 0.663 0.365 0.643 0.364 0.601 0.366 0.585 0.374 0.552 0.384 0.531 0.401 0.501 0.416 0.485 0.422 0.479 0.426 0.478 0.428 0.475 0.45 0.462 0.482 0.454 0.495 0.461 0.507 0.474 0.518 0.488 0.523 0.499 0.536 0.555 0.535 0.609 0.529 0.633 0.529 0.644 0.521 0.652 0.52 0.658 0.515 0.665 0.512 0.684 0.51 0.684 0.511 0.678 0.496 0.694 0.474 0.703 0.464 0.715 0.437 0.727
0 0.306 0.609 0.283 0.605 0.268 0.597 0.252 0.579 0.243 0.561 0.24 0.541 0.241 0.515 0.246 0.491 0.254 0.466 0.276 0.431 0.297 0.408 0.341 0.385 0.378 0.357 0.39 0.355 0.403 0.36 0.412 0.369 0.421 0.393 0.424 0.412 0.423 0.433 0.408 0.489 0.378 0.544 0.374 0.553 0.369 0.573 0.36 0.586 0.336 0.602 0.306 0.609
0 0.285 0.421 0.278 0.415 0.264 0.394 0.257 0.38 0.253 0.366 0.251 0.346 0.251 0.325 0.259 0.293 0.266 0.282 0.278 0.268 0.299 0.255 0.331 0.254 0.348 0.26 0.362 0.271 0.38 0.295 0.391 0.326 0.39 0.344 0.395 0.355 0.386 0.355 0.374 0.36 0.341 0.386 0.308 0.401 0.285 0.421
0 0.479 0.442 0.435 0.438 0.423 0.435 0.424 0.411 0.422 0.4 0.415 0.38 0.41 0.367 0.4 0.358 0.393 0.356 0.392 0.349 0.389 0.346 0.39 0.328 0.383 0.302 0.385 0.295 0.39 0.289 0.396 0.285 0.412 0.278 0.44 0.272 0.455 0.273 0.476 0.279 0.492 0.286 0.502 0.294 0.512 0.308 0.523 0.336 0.526 0.348 0.529 0.366 0.527 0.389 0.523 0.393 0.516 0.418 0.509 0.428 0.498 0.437 0.479 0.442
0 0.637 0.603 0.607 0.601 0.581 0.59 0.549 0.564 0.545 0.551 0.533 0.531 0.525 0.511 0.511 0.448 0.511 0.436 0.512 0.436 0.514 0.432 0.517 0.411 0.523 0.394 0.527 0.388 0.53 0.376 0.534 0.377 0.546 0.368 0.566 0.364 0.588 0.366 0.636 0.393 0.657 0.412 0.675 0.439 0.687 0.471 0.689 0.481 0.691 0.485 0.695 0.505 0.695 0.518 0.691 0.543 0.685 0.563 0.679 0.569 0.676 0.578 0.663 0.594 0.637 0.603
0 0.657 0.411 0.635 0.392 0.584 0.366 0.566 0.364 0.552 0.367 0.544 0.37 0.532 0.379 0.528 0.372 0.528 0.363 0.523 0.339 0.525 0.322 0.537 0.301 0.557 0.271 0.567 0.261 0.581 0.254 0.598 0.25 0.62 0.25 0.632 0.254 0.658 0.269 0.672 0.284 0.687 0.305 0.695 0.325 0.698 0.345 0.693 0.375 0.688 0.384 0.674 0.399 0.657 0.411
0 0.534 0.303 0.52 0.301 0.503 0.283 0.495 0.27 0.492 0.24 0.493 0.22 0.494 0.209 0.503 0.181 0.513 0.159 0.527 0.142 0.545 0.128 0.559 0.123 0.569 0.121 0.596 0.132 0.602 0.137 0.613 0.154 0.618 0.164 0.622 0.185 0.622 0.203 0.616 0.236 0.609 0.25 0.588 0.252 0.562 0.265 0.55 0.284 0.534 0.303
0 0.394 0.286 0.385 0.284 0.366 0.275 0.349 0.255 0.343 0.241 0.337 0.211 0.338 0.196 0.341 0.175 0.348 0.159 0.353 0.152 0.369 0.139 0.378 0.135 0.384 0.128 0.404 0.123 0.412 0.125 0.423 0.125 0.436 0.131 0.48 0.166 0.489 0.178 0.494 0.198 0.493 0.231 0.49 0.243 0.476 0.258 0.463 0.266 0.461 0.274 0.441 0.272 0.423 0.275 0.394 0.28
