0 0.426 0.944 0.381 0.937 0.365 0.929 0.354 0.92 0.345 0.906 0.339 0.891 0.334 0.868 0.334 0.837 0.336 0.816 0.343 0.792 0.354 0.765 0.37 0.736 0.382 0.725 0.402 0.714 0.44 0.711 0.449 0.714 0.459 0.723 0.477 0.754 0.494 0.806 0.497 0.846 0.49 0.879 0.475 0.91 0.455 0.933 0.44 0.941 0.426 0.944
0 0.264 0.67 0.233 0.663 0.212 0.651 0.194 0.63 0.188 0.616 0.186 0.601 0.188 0.555 0.192 0.537 0.201 0.518 0.215 0.501 0.227 0.49 0.246 0.48 0.259 0.478 0.27 0.479 0.282 0.485 0.296 0.496 0.308 0.51 0.323 0.54 0.328 0.574 0.326 0.603 0.319 0.629 0.313 0.64 0.297 0.658 0.277 0.667 0.264 0.67
0 0.458 0.576 0.428 0.569 0.405 0.557 0.388 0.534 0.381 0.51 0.386 0.473 0.386 0.449 0.39 0.438 0.398 0.428 0.41 0.419 0.438 0.407 0.464 0.407 0.477 0.412 0.49 0.422 0.497 0.432 0.503 0.447 0.508 0.469 0.51 0.501 0.518 0.507 0.521 0.513 0.519 0.517 0.511 0.508 0.509 0.509 0.505 0.545 0.498 0.561 0.489 0.572 0.482 0.576 0.458 0.576
0 0.555 0.821 0.53 0.82 0.514 0.814 0.505 0.807 0.486 0.78 0.477 0.753 0.473 0.73 0.472 0.705 0.475 0.685 0.48 0.663 0.488 0.643 0.498 0.631 0.512 0.62 0.535 0.612 0.551 0.612 0.565 0.615 0.575 0.62 0.59 0.634 0.6 0.648 0.61 0.668 0.616 0.687 0.619 0.707 0.621 0.731 0.619 0.75 0.614 0.768 0.607 0.784 0.598 0.798 0.587 0.808 0.567 0.818 0.555 0.821
0 0.684 0.706 0.655 0.702 0.642 0.694 0.622 0.671 0.614 0.654 0.61 0.636 0.61 0.615 0.612 0.595 0.618 0.575 0.626 0.557 0.638 0.54 0.648 0.532 0.662 0.524 0.676 0.521 0.702 0.524 0.72 0.533 0.734 0.546 0.751 0.576 0.755 0.593 0.756 0.609 0.754 0.628 0.749 0.647 0.736 0.675 0.724 0.69 0.712 0.698 0.7 0.704 0.684 0.706
0 0.724 0.509 0.696 0.504 0.678 0.493 0.658 0.474 0.642 0.45 0.636 0.428 0.637 0.417 0.649 0.371 0.662 0.356 0.677 0.348 0.693 0.344 0.713 0.343 0.724 0.345 0.741 0.35 0.755 0.358 0.765 0.37 0.771 0.381 0.775 0.394 0.775 0.404 0.77 0.44 0.776 0.441 0.782 0.438 0.783 0.446 0.782 0.448 0.77 0.448 0.76 0.483 0.752 0.496 0.74 0.505 0.724 0.509
0 0.694 0.255 0.672 0.251 0.66 0.242 0.652 0.228 0.646 0.214 0.643 0.189 0.65 0.159 0.664 0.134 0.68 0.12 0.698 0.117 0.72 0.123 0.734 0.136 0.747 0.157 0.75 0.182 0.748 0.196 0.743 0.213 0.73 0.238 0.718 0.25 0.708 0.254 0.694 0.255
0 0.333 0.393 0.323 0.392 0.308 0.382 0.292 0.367 0.281 0.354 0.271 0.331 0.269 0.307 0.272 0.295 0.28 0.272 0.298 0.247 0.306 0.242 0.32 0.24 0.346 0.245 0.354 0.237 0.356 0.242 0.35 0.247 0.366 0.262 0.377 0.283 0.38 0.294 0.384 0.327 0.379 0.353 0.367 0.372 0.341 0.392 0.333 0.393
0 0.449 0.374 0.427 0.372 0.404 0.36 0.388 0.348 0.382 0.334 0.383 0.32 0.378 0.279 0.383 0.255 0.39 0.244 0.4 0.235 0.415 0.224 0.428 0.219 0.455 0.22 0.468 0.226 0.479 0.236 0.485 0.245 0.49 0.258 0.495 0.303 0.509 0.316 0.506 0.322 0.495 0.309 0.49 0.336 0.481 0.356 0.464 0.369 0.449 0.374
0 0.542 0.334 0.522 0.328 0.512 0.319 0.504 0.308 0.496 0.287 0.495 0.254 0.501 0.229 0.511 0.211 0.519 0.201 0.539 0.192 0.559 0.192 0.575 0.201 0.587 0.22 0.596 0.248 0.597 0.275 0.589 0.304 0.58 0.318 0.562 0.33 0.542 0.334
0 0.5 0.225 0.494 0.224 0.483 0.205 0.48 0.193 0.479 0.181 0.476 0.175 0.48 0.174 0.487 0.148 0.496 0.128 0.504 0.118 0.519 0.11 0.53 0.11 0.542 0.116 0.556 0.131 0.573 0.167 0.575 0.181 0.571 0.196 0.549 0.191 0.528 0.196 0.516 0.204 0.503 0.224 0.5 0.225
0 0.397 0.218 0.376 0.212 0.361 0.196 0.353 0.182 0.348 0.166 0.342 0.146 0.34 0.129 0.343 0.102 0.354 0.082 0.37 0.069 0.39 0.062 0.407 0.066 0.427 0.086 0.441 0.119 0.445 0.141 0.442 0.169 0.436 0.185 0.427 0.201 0.416 0.212 0.397 0.21
