0 0.0 0.797 0.024 0.784 0.033 0.781 0.047 0.782 0.059 0.786 0.071 0.784 0.083 0.787 0.112 0.772 0.139 0.763 0.158 0.761 0.178 0.761 0.199 0.769 0.231 0.788 0.258 0.809 0.277 0.83 0.289 0.847 0.299 0.867 0.304 0.887 0.307 0.913 0.303 0.948 0.294 0.979 0.284 0.998 0.059 0.997 0.05 0.986 0.041 0.968 0.03 0.935 0.025 0.915 0.024 0.88 0.031 0.844 0.031 0.827 0.026 0.82 0.02 0.82 0.0 0.827
0 0.367 1.0 0.309 0.999 0.322 0.962 0.345 0.912 0.355 0.897 0.368 0.884 0.383 0.874 0.393 0.871 0.407 0.872 0.409 0.873 0.408 0.878 0.396 0.91 0.375 0.993 0.373 0.998 0.367 1.0
0 0.631 0.998 0.378 0.998 0.374 0.997 0.397 0.907 0.408 0.878 0.421 0.851 0.444 0.826 0.447 0.826 0.448 0.82 0.456 0.812 0.482 0.801 0.509 0.798 0.528 0.801 0.54 0.806 0.563 0.822 0.58 0.842 0.616 0.896 0.619 0.904 0.619 0.914 0.623 0.925 0.624 0.953 0.63 0.984 0.631 0.998
0 0.631 0.98 0.628 0.978 0.624 0.961 0.622 0.926 0.617 0.899 0.578 0.839 0.56 0.82 0.562 0.806 0.579 0.809 0.591 0.817 0.617 0.824 0.628 0.83 0.654 0.852 0.678 0.884 0.679 0.889 0.677 0.892 0.659 0.913 0.646 0.934 0.64 0.947 0.631 0.98
0 0.882 1.0 0.63 1.0 0.629 0.988 0.639 0.949 0.647 0.932 0.66 0.911 0.68 0.888 0.691 0.88 0.723 0.866 0.775 0.865 0.791 0.869 0.808 0.879 0.827 0.894 0.843 0.912 0.857 0.931 0.865 0.947 0.874 0.969 0.882 1.0
0 0.0 0.718 0.024 0.701 0.042 0.691 0.044 0.671 0.049 0.653 0.066 0.629 0.095 0.63 0.126 0.619 0.127 0.623 0.127 0.633 0.123 0.641 0.118 0.653 0.114 0.655 0.11 0.662 0.112 0.665 0.111 0.668 0.112 0.677 0.107 0.682 0.098 0.683 0.107 0.685 0.113 0.691 0.116 0.699 0.133 0.703 0.128 0.716 0.129 0.72 0.132 0.719 0.132 0.712 0.136 0.705 0.154 0.707 0.163 0.713 0.179 0.73 0.2 0.745 0.2 0.77 0.182 0.762 0.151 0.762 0.135 0.765 0.111 0.773 0.082 0.787 0.072 0.758 0.056 0.743 0.056 0.746 0.07 0.764 0.077 0.785 0.057 0.785 0.041 0.782 0.029 0.757 0.0 0.765
0 0.694 0.877 0.686 0.877 0.669 0.857 0.662 0.823 0.662 0.811 0.653 0.801 0.649 0.789 0.649 0.781 0.649 0.783 0.65 0.781 0.655 0.78 0.663 0.771 0.669 0.758 0.676 0.751 0.678 0.741 0.683 0.734 0.696 0.718 0.745 0.718 0.753 0.72 0.768 0.735 0.768 0.765 0.771 0.788 0.78 0.82 0.783 0.839 0.788 0.853 0.785 0.858 0.782 0.871 0.78 0.87 0.783 0.866 0.776 0.864 0.735 0.864 0.718 0.867 0.694 0.877
0 0.246 0.751 0.223 0.751 0.196 0.742 0.178 0.729 0.157 0.707 0.134 0.707 0.131 0.701 0.117 0.699 0.112 0.691 0.11 0.682 0.112 0.677 0.111 0.668 0.113 0.659 0.117 0.656 0.122 0.644 0.128 0.635 0.127 0.602 0.133 0.572 0.145 0.546 0.166 0.517 0.182 0.498 0.213 0.47 0.247 0.459 0.28 0.459 0.307 0.47 0.322 0.481 0.336 0.497 0.345 0.498 0.359 0.511 0.366 0.509 0.367 0.513 0.369 0.513 0.365 0.518 0.366 0.522 0.363 0.528 0.363 0.535 0.365 0.537 0.363 0.548 0.369 0.562 0.373 0.58 0.374 0.599 0.372 0.62 0.366 0.643 0.358 0.664 0.349 0.682 0.337 0.696 0.312 0.721 0.286 0.739 0.268 0.747 0.246 0.751
0 0.343 0.898 0.337 0.896 0.308 0.88 0.301 0.873 0.279 0.834 0.257 0.806 0.25 0.784 0.245 0.751 0.272 0.746 0.297 0.732 0.316 0.716 0.338 0.694 0.349 0.681 0.361 0.656 0.373 0.656 0.381 0.687 0.399 0.721 0.399 0.746 0.394 0.763 0.392 0.779 0.394 0.815 0.387 0.838 0.371 0.867 0.356 0.884 0.35 0.894 0.343 0.898
0 0.415 0.862 0.405 0.845 0.4 0.831 0.395 0.817 0.392 0.799 0.392 0.777 0.394 0.762 0.406 0.73 0.418 0.746 0.424 0.762 0.434 0.778 0.438 0.795 0.445 0.798 0.447 0.802 0.445 0.825 0.437 0.835 0.422 0.849 0.415 0.862
0 0.948 0.946 0.893 0.937 0.864 0.927 0.849 0.916 0.826 0.892 0.798 0.871 0.793 0.864 0.783 0.841 0.775 0.813 0.767 0.766 0.768 0.731 0.773 0.708 0.822 0.67 0.877 0.618 0.894 0.598 0.905 0.581 0.923 0.545 0.96 0.552 0.983 0.561 0.992 0.569 0.998 0.57 1.0 0.568 1.0 0.93 0.975 0.942 0.948 0.946
0 0.617 0.787 0.571 0.777 0.56 0.769 0.551 0.758 0.575 0.712 0.583 0.688 0.585 0.663 0.582 0.64 0.583 0.634 0.588 0.634 0.606 0.661 0.621 0.676 0.644 0.694 0.675 0.71 0.678 0.714 0.674 0.749 0.671 0.757 0.662 0.769 0.639 0.782 0.617 0.787
0 0.469 0.807 0.448 0.803 0.441 0.794 0.432 0.775 0.423 0.762 0.417 0.745 0.393 0.711 0.383 0.694 0.377 0.676 0.372 0.653 0.371 0.628 0.373 0.605 0.378 0.585 0.388 0.554 0.4 0.529 0.415 0.507 0.429 0.496 0.452 0.484 0.486 0.479 0.488 0.474 0.5 0.462 0.512 0.455 0.512 0.441 0.517 0.44 0.518 0.434 0.521 0.432 0.529 0.437 0.53 0.448 0.526 0.455 0.514 0.468 0.495 0.477 0.492 0.48 0.531 0.487 0.542 0.492 0.556 0.506 0.575 0.536 0.574 0.57 0.577 0.596 0.584 0.631 0.586 0.68 0.579 0.704 0.567 0.728 0.562 0.742 0.549 0.759 0.51 0.791 0.499 0.797 0.469 0.807
0 0.729 0.715 0.702 0.715 0.681 0.712 0.665 0.706 0.644 0.695 0.62 0.677 0.604 0.66 0.591 0.641 0.581 0.618 0.576 0.592 0.572 0.56 0.573 0.543 0.579 0.517 0.589 0.483 0.598 0.465 0.607 0.447 0.628 0.422 0.646 0.408 0.668 0.396 0.715 0.385 0.749 0.385 0.797 0.393 0.867 0.413 0.889 0.422 0.921 0.442 0.953 0.441 1.0 0.454 1.0 0.48 0.987 0.477 0.964 0.479 0.943 0.485 0.935 0.492 0.933 0.508 0.924 0.541 0.909 0.578 0.895 0.6 0.876 0.621 0.828 0.666 0.785 0.697 0.75 0.712 0.729 0.715
0 0.0 0.36 0.018 0.339 0.039 0.318 0.079 0.288 0.109 0.277 0.145 0.275 0.154 0.269 0.167 0.251 0.172 0.25 0.177 0.252 0.18 0.259 0.18 0.264 0.176 0.275 0.177 0.28 0.173 0.282 0.171 0.285 0.177 0.308 0.192 0.35 0.198 0.4 0.197 0.432 0.188 0.491 0.165 0.518 0.143 0.551 0.13 0.582 0.123 0.619 0.115 0.625 0.099 0.63 0.072 0.63 0.03 0.619 0.0 0.599
0 0.314 0.472 0.287 0.46 0.272 0.458 0.246 0.459 0.213 0.469 0.211 0.465 0.214 0.452 0.226 0.435 0.24 0.426 0.251 0.413 0.262 0.412 0.28 0.415 0.305 0.436 0.317 0.445 0.319 0.45 0.318 0.46 0.317 0.469 0.314 0.472
0 0.385 0.546 0.367 0.543 0.365 0.53 0.368 0.517 0.373 0.512 0.367 0.512 0.366 0.509 0.358 0.511 0.346 0.499 0.335 0.495 0.327 0.486 0.33 0.468 0.334 0.461 0.34 0.457 0.364 0.468 0.395 0.473 0.422 0.472 0.455 0.462 0.461 0.463 0.458 0.471 0.452 0.479 0.447 0.485 0.419 0.503 0.405 0.52 0.392 0.543 0.385 0.546
0 0.579 0.528 0.569 0.528 0.556 0.507 0.543 0.494 0.516 0.484 0.514 0.469 0.528 0.453 0.53 0.445 0.529 0.438 0.526 0.435 0.52 0.434 0.517 0.44 0.515 0.441 0.512 0.439 0.51 0.429 0.512 0.411 0.521 0.395 0.53 0.371 0.533 0.37 0.535 0.373 0.533 0.364 0.538 0.352 0.546 0.341 0.56 0.331 0.568 0.329 0.589 0.351 0.612 0.364 0.615 0.369 0.616 0.384 0.618 0.39 0.62 0.39 0.618 0.38 0.618 0.356 0.604 0.319 0.59 0.289 0.587 0.28 0.58 0.273 0.577 0.266 0.546 0.227 0.529 0.211 0.507 0.197 0.486 0.188 0.48 0.183 0.448 0.18 0.401 0.186 0.369 0.196 0.353 0.203 0.301 0.243 0.288 0.254 0.285 0.26 0.28 0.261 0.264 0.271 0.216 0.315 0.209 0.325 0.208 0.332 0.209 0.355 0.216 0.372 0.215 0.377 0.21 0.383 0.207 0.38 0.206 0.369 0.201 0.36 0.198 0.342 0.201 0.316 0.216 0.297 0.249 0.269 0.253 0.261 0.26 0.258 0.339 0.195 0.367 0.179 0.408 0.167 0.454 0.161 0.48 0.163 0.496 0.167 0.517 0.176 0.549 0.199 0.584 0.238 0.617 0.294 0.624 0.31 0.636 0.339 0.646 0.37 0.648 0.372 0.666 0.374 0.673 0.382 0.677 0.392 0.673 0.396 0.653 0.405 0.64 0.414 0.628 0.424 0.612 0.443 0.591 0.484 0.579 0.528
0 0.918 0.44 0.875 0.417 0.769 0.387 0.764 0.382 0.764 0.363 0.761 0.339 0.761 0.295 0.763 0.276 0.77 0.249 0.791 0.204 0.811 0.184 0.815 0.177 0.829 0.167 0.841 0.152 0.845 0.15 0.864 0.149 0.903 0.17 0.921 0.189 0.929 0.202 0.938 0.219 0.947 0.249 0.95 0.281 0.95 0.315 0.947 0.347 0.937 0.388 0.921 0.435 0.918 0.44
0 0.78 0.0 0.794 0.009 0.823 0.02 0.833 0.028 0.846 0.047 0.853 0.067 0.858 0.089 0.858 0.113 0.852 0.143 0.849 0.148 0.84 0.153 0.829 0.166 0.808 0.184 0.802 0.187 0.787 0.184 0.775 0.189 0.775 0.131 0.769 0.095 0.762 0.071 0.752 0.05 0.74 0.031 0.727 0.017 0.728 0.0
0 0.222 0.292 0.22 0.291 0.219 0.265 0.22 0.231 0.225 0.207 0.238 0.165 0.249 0.142 0.258 0.128 0.272 0.114 0.297 0.098 0.317 0.092 0.339 0.089 0.365 0.092 0.382 0.097 0.413 0.11 0.43 0.121 0.45 0.138 0.471 0.159 0.446 0.162 0.436 0.161 0.427 0.167 0.42 0.167 0.391 0.171 0.359 0.184 0.343 0.193 0.329 0.208 0.324 0.208 0.312 0.217 0.261 0.257 0.252 0.261 0.251 0.268 0.222 0.292
0 0.699 0.0 0.724 0.015 0.736 0.026 0.752 0.049 0.763 0.072 0.771 0.1 0.773 0.115 0.773 0.189 0.767 0.221 0.749 0.269 0.744 0.289 0.731 0.317 0.72 0.334 0.705 0.349 0.68 0.363 0.66 0.369 0.647 0.371 0.644 0.368 0.634 0.335 0.618 0.297 0.579 0.231 0.549 0.199 0.52 0.177 0.492 0.163 0.485 0.156 0.479 0.155 0.478 0.15 0.478 0.139 0.481 0.135 0.501 0.135 0.506 0.115 0.516 0.088 0.526 0.07 0.543 0.051 0.582 0.018 0.611 0.004 0.623 0.0
0 0.625 0.0 0.615 0.002 0.583 0.018 0.543 0.051 0.523 0.076 0.504 0.115 0.479 0.106 0.454 0.075 0.439 0.034 0.436 0.0
0 0.436 0.0 0.438 0.026 0.443 0.046 0.453 0.072 0.466 0.095 0.467 0.123 0.466 0.126 0.462 0.129 0.445 0.127 0.407 0.106 0.374 0.093 0.328 0.088 0.334 0.061 0.341 0.046 0.351 0.033 0.37 0.019 0.396 0.014 0.384 0.007 0.383 0.003 0.385 0.0
0 0.202 0.42 0.198 0.417 0.195 0.362 0.192 0.346 0.168 0.281 0.168 0.28 0.173 0.279 0.179 0.269 0.18 0.256 0.196 0.253 0.21 0.256 0.218 0.264 0.22 0.286 0.22 0.292 0.203 0.31 0.2 0.317 0.198 0.341 0.2 0.359 0.205 0.369 0.207 0.382 0.208 0.383 0.211 0.382 0.217 0.374 0.216 0.367 0.209 0.355 0.209 0.329 0.212 0.32 0.223 0.31 0.233 0.34 0.253 0.384 0.255 0.395 0.254 0.401 0.252 0.406 0.241 0.413 0.202 0.42
0 0.218 0.256 0.209 0.249 0.197 0.226 0.193 0.225 0.183 0.232 0.176 0.232 0.168 0.229 0.166 0.224 0.167 0.221 0.176 0.214 0.184 0.216 0.196 0.225 0.197 0.194 0.2 0.178 0.214 0.143 0.231 0.12 0.245 0.107 0.261 0.099 0.276 0.097 0.291 0.098 0.292 0.1 0.291 0.102 0.27 0.117 0.26 0.126 0.25 0.141 0.238 0.165 0.224 0.212 0.227 0.226 0.227 0.232 0.231 0.233 0.227 0.236 0.228 0.241 0.226 0.253 0.218 0.25
