0 0.311 0.0 0.325 0.005 0.342 0.014 0.366 0.03 0.377 0.041 0.402 0.087 0.405 0.101 0.404 0.134 0.402 0.137 0.396 0.138 0.397 0.148 0.395 0.147 0.395 0.159 0.383 0.189 0.367 0.21 0.348 0.227 0.32 0.244 0.306 0.247 0.294 0.244 0.274 0.252 0.275 0.254 0.271 0.253 0.273 0.252 0.253 0.253 0.245 0.258 0.238 0.258 0.232 0.257 0.192 0.256 0.181 0.253 0.17 0.253 0.133 0.244 0.091 0.222 0.09 0.218 0.079 0.207 0.051 0.194 0.03 0.17 0.014 0.141 0.01 0.128 0.006 0.101 0.011 0.069 0.03 0.029 0.048 0.012 0.07 0.0
0 0.721 0.0 0.753 0.004 0.786 0.014 0.81 0.025 0.827 0.038 0.842 0.054 0.855 0.078 0.862 0.101 0.867 0.142 0.863 0.181 0.846 0.211 0.805 0.251 0.779 0.269 0.755 0.28 0.726 0.29 0.711 0.292 0.646 0.293 0.627 0.29 0.591 0.275 0.582 0.268 0.58 0.262 0.567 0.255 0.551 0.239 0.535 0.209 0.527 0.185 0.522 0.158 0.525 0.13 0.535 0.101 0.548 0.074 0.559 0.06 0.578 0.045 0.611 0.028 0.632 0.02 0.675 0.005 0.706 0.0
0 0.0 0.274 0.01 0.263 0.033 0.245 0.06 0.234 0.094 0.227 0.099 0.227 0.136 0.245 0.173 0.255 0.192 0.257 0.217 0.265 0.227 0.271 0.243 0.293 0.25 0.306 0.243 0.328 0.244 0.336 0.241 0.349 0.243 0.361 0.254 0.383 0.241 0.402 0.211 0.423 0.181 0.435 0.166 0.438 0.147 0.439 0.117 0.435 0.086 0.427 0.032 0.408 0.015 0.398 0.0 0.38
0 0.36 0.467 0.33 0.452 0.285 0.42 0.27 0.405 0.243 0.364 0.24 0.345 0.244 0.336 0.242 0.334 0.243 0.324 0.249 0.312 0.249 0.296 0.258 0.285 0.267 0.262 0.291 0.252 0.324 0.243 0.344 0.23 0.381 0.224 0.451 0.232 0.485 0.24 0.511 0.249 0.536 0.261 0.557 0.277 0.58 0.302 0.592 0.326 0.591 0.329 0.561 0.355 0.547 0.388 0.544 0.417 0.552 0.441 0.541 0.45 0.507 0.441 0.449 0.444 0.421 0.449 0.415 0.451 0.412 0.456 0.392 0.457 0.36 0.467
0 0.489 0.717 0.443 0.715 0.414 0.708 0.379 0.689 0.359 0.675 0.328 0.645 0.318 0.63 0.304 0.593 0.3 0.563 0.302 0.536 0.31 0.511 0.324 0.49 0.345 0.473 0.365 0.464 0.389 0.456 0.413 0.455 0.415 0.45 0.421 0.448 0.469 0.441 0.505 0.44 0.525 0.443 0.552 0.455 0.588 0.48 0.611 0.503 0.638 0.546 0.645 0.572 0.646 0.602 0.643 0.617 0.632 0.643 0.615 0.667 0.601 0.68 0.583 0.693 0.55 0.707 0.514 0.715 0.489 0.717
0 0.689 0.519 0.664 0.517 0.647 0.514 0.631 0.508 0.606 0.494 0.565 0.46 0.552 0.439 0.543 0.412 0.547 0.388 0.559 0.358 0.569 0.345 0.59 0.33 0.613 0.314 0.631 0.307 0.659 0.302 0.696 0.299 0.721 0.302 0.747 0.309 0.775 0.322 0.791 0.334 0.821 0.363 0.832 0.39 0.834 0.413 0.832 0.425 0.82 0.458 0.809 0.471 0.797 0.481 0.769 0.498 0.742 0.51 0.724 0.514 0.689 0.519
0 0.975 0.451 0.918 0.445 0.88 0.435 0.854 0.421 0.833 0.406 0.83 0.388 0.82 0.366 0.786 0.331 0.783 0.305 0.788 0.282 0.802 0.254 0.847 0.211 0.875 0.193 0.913 0.18 0.952 0.171 0.997 0.166 0.997 0.448 0.975 0.451
0 0.13 0.626 0.104 0.624 0.065 0.613 0.036 0.599 0.015 0.579 0.015 0.495 0.018 0.486 0.023 0.476 0.036 0.464 0.06 0.449 0.182 0.449 0.194 0.454 0.22 0.474 0.24 0.503 0.246 0.528 0.247 0.55 0.244 0.563 0.233 0.581 0.218 0.593 0.171 0.617 0.154 0.623 0.13 0.626
0 0.0 0.686 0.001 0.68 0.005 0.677 0.039 0.659 0.067 0.652 0.116 0.644 0.14 0.643 0.17 0.647 0.193 0.652 0.214 0.66 0.234 0.669 0.254 0.686 0.265 0.698 0.277 0.717 0.281 0.731 0.281 0.756 0.269 0.792 0.258 0.81 0.24 0.828 0.201 0.857 0.168 0.871 0.139 0.879 0.126 0.884 0.077 0.886 0.074 0.881 0.073 0.853 0.065 0.818 0.049 0.797 0.032 0.786 0.023 0.774 0.001 0.757 0.0 0.718
0 0.664 0.994 0.464 0.994 0.451 0.976 0.431 0.961 0.419 0.947 0.411 0.932 0.401 0.92 0.394 0.903 0.395 0.89 0.407 0.864 0.426 0.834 0.443 0.82 0.476 0.809 0.511 0.789 0.529 0.775 0.539 0.764 0.566 0.797 0.581 0.811 0.6 0.823 0.625 0.832 0.655 0.838 0.69 0.838 0.71 0.834 0.734 0.825 0.734 0.897 0.73 0.905 0.722 0.937 0.708 0.963 0.7 0.973 0.678 0.989 0.664 0.994
0 0.281 0.995 0.024 0.995 0.025 0.985 0.047 0.958 0.066 0.927 0.076 0.886 0.113 0.887 0.138 0.883 0.171 0.872 0.204 0.856 0.226 0.84 0.253 0.816 0.264 0.801 0.275 0.78 0.287 0.791 0.295 0.803 0.322 0.828 0.336 0.862 0.34 0.892 0.335 0.933 0.304 0.973 0.281 0.995
0 0.418 0.82 0.362 0.82 0.338 0.815 0.301 0.799 0.275 0.78 0.281 0.754 0.281 0.731 0.277 0.718 0.264 0.697 0.235 0.671 0.234 0.666 0.24 0.647 0.263 0.619 0.274 0.609 0.305 0.598 0.31 0.604 0.315 0.624 0.328 0.646 0.359 0.676 0.398 0.701 0.424 0.711 0.453 0.717 0.492 0.719 0.53 0.714 0.532 0.737 0.54 0.763 0.53 0.775 0.511 0.79 0.476 0.809 0.447 0.819 0.418 0.82
0 0.674 0.839 0.656 0.838 0.627 0.834 0.605 0.826 0.585 0.815 0.565 0.798 0.543 0.768 0.535 0.752 0.53 0.728 0.53 0.713 0.563 0.703 0.578 0.696 0.61 0.673 0.634 0.639 0.644 0.611 0.663 0.607 0.684 0.607 0.715 0.612 0.738 0.62 0.754 0.63 0.785 0.658 0.798 0.676 0.811 0.704 0.814 0.723 0.811 0.757 0.803 0.777 0.793 0.79 0.774 0.804 0.725 0.829 0.699 0.837 0.674 0.839
0 0.0 0.768 0.002 0.758 0.023 0.774 0.031 0.786 0.049 0.798 0.061 0.811 0.068 0.83 0.074 0.883 0.067 0.92 0.055 0.945 0.042 0.964 0.019 0.988 0.012 0.994 0.0 0.994
0 0.922 0.641 0.872 0.635 0.84 0.623 0.788 0.584 0.777 0.568 0.771 0.551 0.772 0.511 0.78 0.493 0.809 0.472 0.824 0.452 0.839 0.446 0.877 0.436 0.885 0.436 0.917 0.444 0.973 0.451 0.995 0.468 0.995 0.623 0.953 0.637 0.922 0.641
0 0.381 0.941 0.349 0.939 0.344 0.936 0.335 0.935 0.341 0.895 0.339 0.869 0.33 0.841 0.322 0.828 0.294 0.802 0.298 0.797 0.337 0.814 0.358 0.819 0.396 0.823 0.439 0.821 0.414 0.851 0.405 0.855 0.402 0.861 0.398 0.863 0.396 0.861 0.39 0.868 0.39 0.875 0.395 0.877 0.392 0.881 0.394 0.905 0.411 0.934 0.397 0.939 0.381 0.941
0 0.742 0.916 0.727 0.915 0.732 0.88 0.73 0.865 0.723 0.849 0.724 0.844 0.729 0.841 0.725 0.83 0.788 0.793 0.797 0.785 0.808 0.766 0.839 0.764 0.857 0.797 0.862 0.823 0.86 0.841 0.852 0.856 0.834 0.878 0.814 0.895 0.779 0.909 0.742 0.916
0 0.812 0.765 0.807 0.765 0.814 0.737 0.811 0.704 0.793 0.667 0.781 0.654 0.745 0.623 0.719 0.613 0.688 0.607 0.707 0.598 0.732 0.583 0.758 0.556 0.762 0.542 0.77 0.542 0.774 0.563 0.786 0.581 0.84 0.621 0.873 0.634 0.931 0.64 0.934 0.646 0.934 0.689 0.924 0.712 0.906 0.731 0.888 0.745 0.856 0.759 0.838 0.763 0.812 0.765
0 0.3 0.59 0.28 0.579 0.248 0.552 0.238 0.49 0.242 0.471 0.253 0.452 0.271 0.436 0.29 0.425 0.358 0.465 0.326 0.488 0.308 0.515 0.301 0.541 0.3 0.57 0.303 0.59 0.3 0.59
0 0.234 0.669 0.198 0.654 0.162 0.646 0.121 0.643 0.079 0.648 0.093 0.636 0.104 0.631 0.158 0.622 0.206 0.6 0.224 0.601 0.247 0.606 0.267 0.614 0.24 0.648 0.234 0.669
0 0.648 0.609 0.646 0.609 0.645 0.572 0.636 0.544 0.619 0.514 0.599 0.489 0.642 0.513 0.656 0.517 0.68 0.519 0.7 0.518 0.734 0.512 0.777 0.494 0.77 0.521 0.77 0.542 0.765 0.543 0.759 0.557 0.734 0.582 0.71 0.6 0.702 0.603 0.699 0.609 0.668 0.607 0.648 0.609
0 0.847 0.21 0.86 0.187 0.864 0.17 0.865 0.141 0.862 0.136 0.858 0.089 0.882 0.089 0.904 0.092 0.93 0.1 0.949 0.109 0.961 0.117 0.974 0.132 0.987 0.166 0.936 0.174 0.887 0.188 0.847 0.21
0 0.484 0.239 0.426 0.228 0.382 0.225 0.364 0.227 0.362 0.225 0.362 0.215 0.383 0.19 0.397 0.156 0.398 0.15 0.403 0.143 0.405 0.109 0.407 0.105 0.428 0.107 0.477 0.128 0.492 0.139 0.519 0.171 0.524 0.172 0.528 0.193 0.498 0.218 0.484 0.239
0 0.599 0.323 0.591 0.323 0.571 0.29 0.542 0.264 0.522 0.256 0.512 0.249 0.485 0.239 0.499 0.217 0.529 0.193 0.552 0.239 0.57 0.256 0.581 0.26 0.584 0.269 0.598 0.277 0.627 0.289 0.656 0.294 0.648 0.301 0.652 0.302 0.619 0.311 0.599 0.32
