0 0.783 0.251 0.77 0.25 0.753 0.243 0.736 0.227 0.726 0.207 0.724 0.174 0.728 0.153 0.738 0.134 0.757 0.118 0.775 0.112 0.8 0.118 0.814 0.127 0.828 0.146 0.833 0.167 0.831 0.202 0.823 0.222 0.805 0.243 0.783 0.251
0 0.6 0.212 0.572 0.207 0.547 0.21 0.532 0.189 0.525 0.169 0.522 0.147 0.522 0.13 0.532 0.097 0.545 0.077 0.566 0.065 0.578 0.062 0.586 0.063 0.607 0.077 0.619 0.093 0.627 0.121 0.629 0.144 0.624 0.173 0.615 0.195 0.6 0.212
0 0.364 0.213 0.344 0.209 0.33 0.199 0.316 0.175 0.314 0.148 0.321 0.122 0.329 0.107 0.348 0.097 0.373 0.093 0.393 0.102 0.406 0.115 0.415 0.134 0.418 0.159 0.413 0.181 0.401 0.199 0.393 0.205 0.364 0.213
0 0.7 0.261 0.697 0.238 0.691 0.222 0.683 0.208 0.669 0.198 0.66 0.194 0.64 0.197 0.628 0.204 0.618 0.215 0.62 0.186 0.63 0.161 0.646 0.142 0.664 0.13 0.679 0.128 0.696 0.135 0.711 0.15 0.723 0.17 0.726 0.199 0.722 0.227 0.71 0.251 0.7 0.261
0 0.724 0.165 0.72 0.164 0.701 0.137 0.7 0.12 0.703 0.107 0.714 0.08 0.732 0.059 0.755 0.045 0.778 0.043 0.793 0.05 0.803 0.066 0.806 0.078 0.808 0.1 0.805 0.119 0.782 0.112 0.768 0.113 0.757 0.118 0.735 0.137 0.728 0.151 0.724 0.165
0 0.646 0.143 0.627 0.124 0.621 0.098 0.611 0.081 0.611 0.066 0.617 0.042 0.627 0.026 0.642 0.016 0.665 0.015 0.686 0.029 0.7 0.046 0.708 0.062 0.711 0.085 0.698 0.123 0.689 0.131 0.676 0.127 0.666 0.129 0.656 0.134 0.646 0.143
0 0.499 0.255 0.46 0.244 0.447 0.225 0.441 0.209 0.438 0.177 0.441 0.162 0.448 0.147 0.464 0.134 0.478 0.132 0.504 0.143 0.522 0.166 0.53 0.187 0.532 0.208 0.529 0.227 0.521 0.241 0.507 0.252 0.499 0.255
0 0.654 0.317 0.636 0.314 0.622 0.303 0.614 0.291 0.608 0.277 0.607 0.254 0.611 0.228 0.624 0.209 0.64 0.197 0.661 0.194 0.677 0.203 0.688 0.215 0.698 0.241 0.7 0.261 0.699 0.272 0.694 0.284 0.684 0.299 0.67 0.311 0.654 0.317
0 0.868 0.103 0.849 0.101 0.828 0.061 0.828 0.047 0.829 0.035 0.844 0.002 0.94 0.0 0.94 0.017 0.933 0.054 0.923 0.075 0.909 0.091 0.899 0.098 0.868 0.103
0 0.835 0.169 0.824 0.14 0.814 0.127 0.804 0.119 0.807 0.106 0.807 0.089 0.805 0.074 0.8 0.063 0.801 0.06 0.809 0.059 0.829 0.067 0.837 0.076 0.845 0.095 0.85 0.118 0.85 0.133 0.847 0.147 0.835 0.169
0 0.881 0.201 0.879 0.199 0.873 0.183 0.867 0.175 0.853 0.169 0.837 0.17 0.848 0.143 0.851 0.113 0.867 0.104 0.903 0.099 0.917 0.1 0.924 0.104 0.932 0.114 0.937 0.131 0.937 0.146 0.932 0.164 0.921 0.181 0.881 0.20
