0 0.433 0.519 0.42 0.517 0.399 0.483 0.367 0.449 0.325 0.424 0.258 0.406 0.226 0.412 0.224 0.361 0.234 0.301 0.255 0.254 0.287 0.214 0.315 0.196 0.336 0.19 0.365 0.188 0.401 0.196 0.443 0.225 0.464 0.249 0.478 0.273 0.49 0.301 0.495 0.332 0.495 0.422 0.457 0.466 0.449 0.487 0.437 0.5 0.433 0.519
0 0.0 0.174 0.007 0.136 0.019 0.105 0.034 0.076 0.053 0.056 0.076 0.044 0.106 0.036 0.165 0.038 0.184 0.044 0.214 0.063 0.243 0.099 0.254 0.126 0.267 0.219 0.265 0.237 0.235 0.298 0.222 0.35 0.186 0.309 0.15 0.289 0.08 0.291 0.024 0.313 0.01 0.279 0.0 0.235
0 0.28 0.999 0.232 0.999 0.21 0.972 0.17 0.941 0.131 0.924 0.098 0.923 0.091 0.911 0.088 0.847 0.103 0.783 0.141 0.715 0.17 0.682 0.19 0.667 0.218 0.662 0.258 0.664 0.306 0.685 0.332 0.708 0.353 0.734 0.379 0.793 0.382 0.816 0.382 0.914 0.325 0.939 0.28 0.999
0 0.956 0.695 0.912 0.651 0.859 0.626 0.815 0.621 0.78 0.629 0.746 0.645 0.736 0.639 0.722 0.567 0.721 0.523 0.726 0.479 0.734 0.454 0.76 0.404 0.801 0.358 0.821 0.345 0.854 0.334 0.903 0.337 0.929 0.348 0.959 0.367 0.983 0.392 0.999 0.417 0.999 0.648 0.993 0.653 0.991 0.664 0.982 0.678 0.956 0.695
0 0.588 0.996 0.539 0.995 0.502 0.954 0.476 0.936 0.424 0.914 0.38 0.912 0.38 0.833 0.388 0.792 0.42 0.727 0.453 0.686 0.497 0.666 0.545 0.665 0.619 0.714 0.65 0.75 0.666 0.78 0.67 0.79 0.679 0.876 0.669 0.913 0.665 0.922 0.619 0.96 0.588 0.996
0 0.898 0.993 0.892 0.992 0.851 0.939 0.808 0.909 0.743 0.9 0.687 0.906 0.68 0.884 0.674 0.832 0.673 0.793 0.677 0.764 0.7 0.704 0.743 0.65 0.768 0.634 0.804 0.623 0.836 0.621 0.866 0.628 0.917 0.656 0.946 0.684 0.971 0.72 0.984 0.754 0.992 0.79 0.991 0.836 0.982 0.879 0.974 0.906 0.951 0.95 0.924 0.98 0.898 0.993
0 0.366 0.759 0.335 0.711 0.302 0.681 0.279 0.668 0.232 0.661 0.207 0.664 0.189 0.668 0.16 0.688 0.153 0.603 0.153 0.565 0.158 0.544 0.192 0.458 0.223 0.419 0.258 0.406 0.324 0.425 0.363 0.448 0.387 0.473 0.408 0.499 0.421 0.525 0.428 0.546 0.423 0.658 0.402 0.719 0.366 0.759
0 0.647 0.747 0.61 0.708 0.545 0.666 0.491 0.668 0.469 0.676 0.447 0.692 0.438 0.683 0.424 0.618 0.423 0.576 0.427 0.548 0.44 0.507 0.459 0.468 0.487 0.436 0.512 0.415 0.539 0.399 0.561 0.394 0.609 0.404 0.639 0.422 0.662 0.444 0.681 0.468 0.701 0.505 0.712 0.545 0.717 0.591 0.711 0.637 0.695 0.684 0.675 0.725 0.647 0.747
0 0.714 0.536 0.695 0.488 0.673 0.455 0.646 0.427 0.611 0.404 0.56 0.394 0.537 0.399 0.497 0.425 0.493 0.411 0.499 0.323 0.504 0.298 0.516 0.263 0.543 0.205 0.568 0.169 0.585 0.158 0.63 0.152 0.686 0.174 0.714 0.192 0.742 0.216 0.77 0.263 0.782 0.306 0.788 0.367 0.759 0.404 0.728 0.456 0.722 0.48 0.719 0.534 0.714 0.536
0 0.996 0.408 0.992 0.408 0.973 0.38 0.946 0.358 0.914 0.34 0.892 0.334 0.848 0.334 0.815 0.348 0.788 0.367 0.778 0.291 0.78 0.27 0.788 0.236 0.808 0.195 0.845 0.156 0.901 0.132 0.95 0.127 0.996 0.142 0.996 0.408
0 0.483 0.267 0.424 0.209 0.401 0.197 0.369 0.189 0.322 0.193 0.297 0.207 0.269 0.231 0.256 0.169 0.256 0.107 0.271 0.056 0.3 0.005 0.496 0.006 0.527 0.067 0.526 0.094 0.529 0.113 0.524 0.182 0.512 0.219 0.491 0.263 0.483 0.267
0 0.191 0.573 0.143 0.573 0.115 0.522 0.098 0.503 0.07 0.485 0.044 0.476 0.003 0.477 0.004 0.331 0.043 0.3 0.102 0.287 0.156 0.289 0.197 0.314 0.222 0.351 0.224 0.419 0.212 0.437 0.201 0.445 0.191 0.462 0.161 0.539 0.156 0.565 0.16 0.572 0.191 0.573
0 0.0 0.473 0.042 0.473 0.067 0.479 0.089 0.492 0.112 0.514 0.153 0.586 0.151 0.637 0.153 0.674 0.158 0.693 0.135 0.723 0.105 0.78 0.089 0.79 0.062 0.798 0.033 0.759 0.0 0.733
0 0.758 0.219 0.744 0.219 0.73 0.203 0.697 0.181 0.629 0.15 0.608 0.15 0.585 0.157 0.548 0.201 0.544 0.214 0.553 0.217 0.543 0.218 0.538 0.196 0.525 0.17 0.524 0.088 0.53 0.031 0.533 0.036 0.547 0.003 0.553 0.0 0.771 0.0 0.793 0.059 0.795 0.132 0.783 0.179 0.758 0.219
0 0.823 0.181 0.797 0.106 0.791 0.062 0.791 0.053 0.801 0.029 0.804 0.0 0.999 0.001 0.999 0.146 0.955 0.132 0.906 0.134 0.85 0.155 0.823 0.181
0 0.0 0.863 0.0 0.742 0.004 0.726 0.006 0.734 0.039 0.763 0.066 0.803 0.084 0.856 0.092 0.922 0.078 0.924 0.048 0.94 0.0 0.987
0 0.23 0.999 0.003 0.999 0.002 0.99 0.053 0.937 0.078 0.924 0.121 0.922 0.148 0.929 0.18 0.947 0.215 0.977 0.23 0.999
0 0.53 0.997 0.279 0.996 0.323 0.938 0.369 0.916 0.407 0.91 0.458 0.928 0.495 0.949 0.539 0.996 0.53 0.997
0 0.893 0.999 0.586 0.996 0.633 0.946 0.681 0.913 0.713 0.903 0.749 0.9 0.797 0.905 0.834 0.923 0.887 0.977 0.9 0.996 0.893 0.999
0 0.256 0.122 0.219 0.071 0.185 0.045 0.147 0.036 0.098 0.036 0.098 0.005 0.304 0.002 0.272 0.058 0.261 0.091 0.256 0.122
0 0.525 0.066 0.486 0.004 0.552 0.004 0.532 0.03 0.525 0.06
