0 0.595 0.461 0.571 0.458 0.556 0.45 0.529 0.424 0.516 0.402 0.509 0.379 0.505 0.343 0.507 0.312 0.516 0.271 0.529 0.248 0.54 0.233 0.558 0.216 0.572 0.208 0.589 0.204 0.613 0.207 0.63 0.214 0.654 0.229 0.662 0.222 0.67 0.21 0.672 0.21 0.675 0.213 0.677 0.221 0.669 0.231 0.666 0.238 0.677 0.252 0.687 0.269 0.694 0.289 0.697 0.307 0.697 0.337 0.691 0.375 0.68 0.402 0.659 0.432 0.63 0.452 0.612 0.459 0.595 0.461
0 0.422 0.403 0.399 0.401 0.379 0.394 0.358 0.381 0.338 0.363 0.328 0.351 0.308 0.316 0.297 0.281 0.296 0.262 0.298 0.219 0.316 0.17 0.323 0.139 0.33 0.13 0.346 0.115 0.368 0.105 0.387 0.101 0.436 0.103 0.476 0.116 0.489 0.126 0.506 0.146 0.515 0.161 0.52 0.179 0.531 0.247 0.513 0.291 0.507 0.315 0.505 0.339 0.464 0.388 0.444 0.399 0.422 0.403
0 0.365 0.72 0.338 0.718 0.32 0.713 0.29 0.695 0.271 0.68 0.252 0.662 0.246 0.651 0.237 0.623 0.234 0.604 0.231 0.571 0.232 0.534 0.236 0.517 0.247 0.487 0.262 0.461 0.276 0.445 0.296 0.43 0.318 0.42 0.337 0.416 0.37 0.418 0.382 0.423 0.404 0.438 0.419 0.455 0.437 0.48 0.448 0.502 0.458 0.54 0.46 0.569 0.456 0.601 0.452 0.618 0.432 0.638 0.414 0.66 0.406 0.674 0.392 0.71 0.381 0.716 0.365 0.72
0 0.194 0.673 0.179 0.672 0.155 0.664 0.137 0.653 0.117 0.632 0.095 0.582 0.091 0.559 0.092 0.534 0.096 0.517 0.105 0.498 0.119 0.48 0.134 0.466 0.184 0.435 0.205 0.431 0.222 0.432 0.245 0.44 0.264 0.457 0.247 0.489 0.238 0.511 0.232 0.539 0.232 0.571 0.234 0.608 0.245 0.649 0.239 0.656 0.223 0.667 0.194 0.673
0 0.501 0.935 0.463 0.928 0.449 0.919 0.425 0.897 0.402 0.863 0.39 0.84 0.385 0.825 0.38 0.795 0.38 0.766 0.384 0.738 0.394 0.703 0.407 0.672 0.42 0.651 0.44 0.628 0.463 0.612 0.487 0.604 0.516 0.605 0.529 0.609 0.574 0.644 0.594 0.673 0.604 0.697 0.611 0.717 0.617 0.76 0.617 0.788 0.61 0.83 0.6 0.858 0.585 0.883 0.568 0.901 0.545 0.918 0.527 0.928 0.501 0.935
0 0.598 0.674 0.596 0.674 0.57 0.639 0.534 0.611 0.519 0.605 0.476 0.606 0.473 0.601 0.466 0.553 0.469 0.528 0.475 0.508 0.482 0.49 0.491 0.477 0.503 0.462 0.518 0.45 0.535 0.441 0.544 0.44 0.56 0.454 0.57 0.458 0.584 0.461 0.614 0.459 0.621 0.464 0.636 0.481 0.646 0.495 0.654 0.513 0.66 0.546 0.659 0.595 0.655 0.605 0.646 0.628 0.631 0.653 0.61 0.669 0.598 0.674
0 0.806 0.376 0.79 0.374 0.755 0.364 0.734 0.351 0.715 0.33 0.698 0.299 0.688 0.271 0.682 0.23 0.684 0.199 0.69 0.172 0.707 0.133 0.772 0.058 0.792 0.042 0.812 0.033 0.826 0.03 0.86 0.033 0.883 0.043 0.901 0.056 0.918 0.076 0.931 0.098 0.939 0.121 0.944 0.145 0.944 0.184 0.942 0.2 0.934 0.237 0.923 0.27 0.906 0.306 0.896 0.321 0.874 0.344 0.85 0.361 0.827 0.372 0.806 0.376
0 0.217 0.259 0.176 0.257 0.15 0.246 0.12 0.22 0.089 0.168 0.078 0.134 0.073 0.104 0.071 0.071 0.075 0.052 0.095 0.0 0.286 0.0 0.3 0.025 0.318 0.075 0.324 0.105 0.323 0.137 0.315 0.172 0.301 0.202 0.291 0.217 0.277 0.232 0.247 0.25 0.217 0.259
0 0.018 0.0 0.034 0.008 0.052 0.022 0.075 0.049 0.073 0.063 0.073 0.089 0.079 0.136 0.09 0.17 0.116 0.213 0.116 0.227 0.112 0.25 0.104 0.274 0.091 0.296 0.078 0.31 0.058 0.323 0.043 0.328 0.014 0.335 0.0 0.334
0 0.208 0.424 0.178 0.421 0.153 0.408 0.131 0.387 0.113 0.354 0.11 0.342 0.095 0.312 0.092 0.294 0.109 0.258 0.116 0.217 0.15 0.246 0.165 0.253 0.192 0.26 0.232 0.255 0.274 0.236 0.278 0.236 0.28 0.24 0.288 0.273 0.289 0.304 0.285 0.328 0.274 0.369 0.26 0.392 0.243 0.409 0.225 0.421 0.208 0.424
0 0.75 0.789 0.725 0.784 0.712 0.776 0.7 0.764 0.679 0.73 0.659 0.669 0.654 0.644 0.654 0.623 0.658 0.608 0.664 0.593 0.675 0.576 0.69 0.562 0.711 0.556 0.744 0.55 0.762 0.554 0.781 0.563 0.788 0.57 0.8 0.588 0.812 0.618 0.827 0.643 0.832 0.659 0.835 0.678 0.833 0.706 0.829 0.721 0.81 0.757 0.804 0.765 0.783 0.78 0.767 0.787 0.75 0.789
0 0.909 0.694 0.878 0.69 0.84 0.671 0.813 0.622 0.801 0.594 0.787 0.57 0.784 0.561 0.783 0.539 0.786 0.514 0.803 0.47 0.826 0.442 0.85 0.426 0.867 0.419 0.894 0.418 0.926 0.43 0.941 0.444 0.955 0.464 0.962 0.48 0.972 0.471 0.983 0.454 0.986 0.454 0.994 0.461 0.991 0.467 0.967 0.489 0.978 0.505 0.99 0.528 0.998 0.552 1.0 0.593 0.994 0.621 0.98 0.65 0.96 0.673 0.937 0.688 0.909 0.694
0 0.287 0.999 0.119 0.998 0.107 0.966 0.103 0.931 0.099 0.919 0.101 0.91 0.099 0.901 0.119 0.852 0.136 0.827 0.162 0.801 0.186 0.787 0.216 0.776 0.242 0.776 0.268 0.783 0.286 0.8 0.304 0.827 0.314 0.855 0.319 0.88 0.318 0.93 0.314 0.954 0.306 0.979 0.296 0.998 0.287 0.999
0 0.62 0.995 0.606 0.994 0.584 0.989 0.549 0.972 0.533 0.956 0.52 0.934 0.521 0.93 0.548 0.916 0.577 0.891 0.6 0.856 0.609 0.832 0.615 0.8 0.616 0.762 0.608 0.707 0.624 0.71 0.65 0.722 0.664 0.728 0.681 0.742 0.721 0.792 0.73 0.815 0.735 0.849 0.735 0.878 0.73 0.91 0.725 0.923 0.707 0.948 0.687 0.97 0.666 0.984 0.636 0.994 0.62 0.995
0 0.762 0.0 0.761 0.006 0.758 0.011 0.744 0.022 0.744 0.024 0.718 0.04 0.717 0.053 0.727 0.088 0.729 0.106 0.713 0.124 0.703 0.14 0.676 0.207 0.67 0.21 0.656 0.23 0.619 0.208 0.589 0.203 0.564 0.212 0.542 0.23 0.533 0.218 0.522 0.193 0.518 0.174 0.512 0.156 0.511 0.119 0.517 0.076 0.527 0.047 0.544 0.017 0.56 0.0
0 0.706 0.555 0.683 0.554 0.668 0.543 0.659 0.532 0.652 0.508 0.644 0.492 0.628 0.472 0.615 0.46 0.64 0.447 0.655 0.436 0.668 0.42 0.681 0.399 0.691 0.374 0.695 0.352 0.697 0.335 0.696 0.295 0.717 0.332 0.737 0.353 0.761 0.366 0.791 0.375 0.803 0.403 0.808 0.426 0.804 0.469 0.794 0.495 0.778 0.522 0.761 0.537 0.741 0.548 0.706 0.555
0 0.814 0.986 0.787 0.984 0.762 0.971 0.741 0.951 0.728 0.93 0.727 0.92 0.735 0.884 0.735 0.848 0.729 0.811 0.719 0.782 0.744 0.79 0.767 0.788 0.786 0.778 0.804 0.759 0.813 0.757 0.83 0.764 0.84 0.772 0.86 0.799 0.866 0.82 0.868 0.844 0.866 0.895 0.891 0.909 0.892 0.913 0.886 0.92 0.866 0.92 0.861 0.944 0.846 0.968 0.832 0.98 0.814 0.986
0 0.477 1.0 0.347 1.0 0.338 0.983 0.328 0.96 0.323 0.942 0.323 0.885 0.344 0.818 0.355 0.799 0.371 0.781 0.381 0.775 0.382 0.805 0.39 0.837 0.402 0.862 0.424 0.895 0.441 0.911 0.466 0.928 0.482 0.933 0.508 0.935 0.505 0.949 0.495 0.972 0.477 1.0
0 0.99 0.998 0.96 0.989 0.94 0.977 0.907 0.939 0.892 0.918 0.891 0.91 0.866 0.894 0.869 0.851 0.868 0.816 0.875 0.788 0.893 0.756 0.911 0.733 0.933 0.717 0.958 0.709 1.0 0.712 1.0 0.997 0.99 0.998
0 0.973 0.457 0.95 0.455 0.934 0.436 0.923 0.428 0.901 0.419 0.884 0.416 0.877 0.412 0.862 0.392 0.854 0.377 0.851 0.366 0.852 0.358 0.864 0.352 0.892 0.325 0.913 0.292 0.922 0.272 0.932 0.244 0.944 0.186 0.98 0.188 1.0 0.194 1.0 0.448 0.997 0.447 0.989 0.452 0.973 0.457
0 0.0 0.796 0.017 0.788 0.04 0.77 0.058 0.749 0.074 0.718 0.086 0.714 0.098 0.696 0.114 0.686 0.134 0.688 0.155 0.699 0.167 0.714 0.18 0.745 0.194 0.764 0.197 0.776 0.196 0.782 0.17 0.796 0.149 0.814 0.119 0.852 0.104 0.885 0.102 0.896 0.099 0.901 0.1 0.923 0.103 0.935 0.098 0.94 0.07 0.941 0.06 0.938 0.045 0.929 0.016 0.9 0.0 0.864
0 0.342 0.806 0.318 0.804 0.288 0.796 0.274 0.784 0.256 0.76 0.248 0.744 0.244 0.728 0.247 0.7 0.243 0.671 0.247 0.657 0.254 0.66 0.269 0.677 0.29 0.694 0.326 0.714 0.339 0.718 0.362 0.719 0.39 0.713 0.383 0.743 0.38 0.773 0.369 0.782 0.352 0.803 0.342 0.806
0 0.0 0.557 0.003 0.56 0.007 0.56 0.008 0.563 0.022 0.568 0.035 0.575 0.049 0.592 0.064 0.617 0.075 0.642 0.08 0.667 0.08 0.691 0.076 0.71 0.067 0.733 0.058 0.748 0.045 0.765 0.03 0.78 0.003 0.794 0.0 0.792
0 0.0 0.333 0.016 0.333 0.072 0.318 0.079 0.338 0.081 0.356 0.087 0.367 0.087 0.378 0.091 0.391 0.091 0.442 0.088 0.462 0.085 0.478 0.074 0.502 0.061 0.521 0.039 0.541 0.004 0.554 0.001 0.554 0.0 0.552
0 0.265 0.457 0.258 0.447 0.256 0.405 0.274 0.367 0.282 0.34 0.29 0.334 0.318 0.333 0.338 0.362 0.357 0.38 0.377 0.394 0.358 0.414 0.354 0.412 0.351 0.416 0.321 0.42 0.299 0.428 0.283 0.44 0.265 0.457
0 0.461 0.544 0.458 0.539 0.448 0.502 0.427 0.466 0.412 0.447 0.392 0.43 0.374 0.42 0.358 0.417 0.358 0.413 0.364 0.404 0.376 0.394 0.412 0.403 0.424 0.402 0.456 0.396 0.467 0.434 0.479 0.457 0.483 0.473 0.482 0.49 0.471 0.518 0.467 0.539 0.461 0.544
0 0.87 0.811 0.865 0.81 0.856 0.792 0.841 0.773 0.83 0.764 0.814 0.756 0.813 0.752 0.824 0.734 0.846 0.726 0.862 0.715 0.876 0.702 0.893 0.704 0.896 0.708 0.903 0.704 0.91 0.706 0.917 0.715 0.919 0.724 0.898 0.751 0.883 0.774 0.87 0.811
0 0.494 0.47 0.482 0.46 0.472 0.446 0.463 0.421 0.457 0.393 0.472 0.379 0.498 0.347 0.504 0.344 0.509 0.379 0.515 0.399 0.525 0.418 0.542 0.439 0.514 0.452 0.494 0.47
0 0.268 0.783 0.238 0.775 0.207 0.778 0.205 0.767 0.215 0.739 0.224 0.722 0.234 0.715 0.242 0.716 0.248 0.744 0.269 0.78 0.268 0.783
0 0.458 0.0 0.467 0.005 0.464 0.026 0.458 0.028 0.45 0.024 0.447 0.027 0.436 0.048 0.416 0.098 0.412 0.102 0.385 0.102 0.371 0.104 0.35 0.112 0.337 0.122 0.324 0.122 0.323 0.099 0.318 0.075 0.301 0.029 0.285 0.0
0 0.512 0.156 0.501 0.14 0.486 0.124 0.474 0.116 0.452 0.107 0.412 0.101 0.449 0.023 0.454 0.024 0.457 0.028 0.462 0.028 0.466 0.023 0.466 0.006 0.464 0.002 0.481 0.004 0.496 0.011 0.521 0.026 0.528 0.037 0.53 0.044 0.526 0.051 0.516 0.078 0.511 0.122 0.512 0.156
0 0.682 0.74 0.646 0.72 0.608 0.706 0.599 0.683 0.6 0.674 0.624 0.658 0.646 0.629 0.655 0.603 0.659 0.569 0.663 0.564 0.67 0.566 0.675 0.573 0.663 0.593 0.657 0.608 0.654 0.627 0.654 0.65 0.667 0.699 0.682 0.74
0 0.808 0.463 0.805 0.46 0.807 0.437 0.806 0.415 0.793 0.376 0.816 0.375 0.832 0.37 0.84 0.377 0.847 0.39 0.855 0.414 0.854 0.422 0.82 0.449 0.808 0.463
0 0.565 0.0 0.557 0.002 0.535 0.033 0.533 0.04 0.529 0.036 0.526 0.025 0.529 0.0
0 0.902 0.0 0.91 0.012 0.918 0.034 0.92 0.052 0.919 0.078 0.904 0.06 0.874 0.04 0.854 0.033 0.826 0.032 0.802 0.038 0.79 0.044 0.769 0.062 0.76 0.075 0.751 0.081 0.742 0.096 0.738 0.096 0.734 0.102 0.727 0.094 0.72 0.067 0.715 0.038 0.744 0.021 0.756 0.01 0.763 0.
