0 0.667 0.636 0.648 0.634 0.627 0.626 0.614 0.617 0.602 0.603 0.589 0.58 0.59 0.568 0.581 0.548 0.572 0.514 0.572 0.495 0.583 0.461 0.595 0.435 0.607 0.418 0.618 0.408 0.64 0.397 0.664 0.394 0.695 0.395 0.716 0.406 0.725 0.421 0.731 0.437 0.745 0.504 0.746 0.515 0.742 0.529 0.756 0.553 0.758 0.573 0.752 0.586 0.737 0.602 0.689 0.631 0.667 0.636
0 0.205 0.597 0.195 0.597 0.184 0.591 0.178 0.586 0.168 0.57 0.156 0.573 0.145 0.573 0.132 0.566 0.121 0.555 0.109 0.535 0.099 0.503 0.097 0.492 0.097 0.465 0.105 0.403 0.111 0.383 0.125 0.356 0.135 0.344 0.149 0.337 0.167 0.301 0.177 0.288 0.194 0.279 0.216 0.278 0.231 0.28 0.242 0.284 0.251 0.293 0.264 0.311 0.281 0.348 0.281 0.355 0.285 0.359 0.288 0.369 0.294 0.398 0.304 0.432 0.296 0.442 0.287 0.459 0.282 0.477 0.281 0.486 0.271 0.492 0.272 0.497 0.267 0.503 0.259 0.52 0.253 0.55 0.252 0.577 0.227 0.592 0.205 0.597
0 0.336 0.655 0.313 0.65 0.288 0.631 0.264 0.603 0.255 0.585 0.251 0.568 0.254 0.537 0.259 0.519 0.266 0.503 0.28 0.492 0.28 0.489 0.279 0.488 0.281 0.486 0.284 0.467 0.293 0.446 0.3 0.436 0.312 0.424 0.321 0.419 0.332 0.417 0.373 0.423 0.392 0.431 0.411 0.444 0.423 0.456 0.433 0.47 0.446 0.504 0.418 0.551 0.41 0.589 0.409 0.621 0.405 0.63 0.395 0.639 0.383 0.647 0.362 0.648 0.336 0.655
0 0.512 0.732 0.498 0.732 0.49 0.727 0.463 0.705 0.444 0.677 0.429 0.668 0.423 0.655 0.422 0.644 0.416 0.636 0.41 0.625 0.408 0.61 0.411 0.576 0.418 0.549 0.456 0.49 0.465 0.479 0.475 0.475 0.485 0.477 0.498 0.492 0.516 0.506 0.511 0.478 0.501 0.465 0.489 0.461 0.488 0.452 0.494 0.448 0.507 0.456 0.523 0.479 0.529 0.5 0.531 0.525 0.556 0.549 0.58 0.567 0.589 0.586 0.591 0.599 0.589 0.622 0.582 0.652 0.574 0.674 0.561 0.699 0.551 0.713 0.54 0.723 0.527 0.731 0.512 0.732
0 0.607 0.419 0.599 0.386 0.593 0.371 0.578 0.348 0.563 0.333 0.561 0.307 0.565 0.286 0.575 0.272 0.584 0.262 0.594 0.254 0.603 0.251 0.612 0.236 0.625 0.227 0.649 0.223 0.66 0.232 0.668 0.227 0.677 0.226 0.688 0.228 0.7 0.237 0.708 0.246 0.714 0.26 0.722 0.293 0.716 0.409 0.699 0.397 0.669 0.394 0.632 0.399 0.62 0.406 0.607 0.419
0 0.539 0.532 0.531 0.525 0.529 0.498 0.524 0.482 0.512 0.462 0.501 0.451 0.493 0.449 0.488 0.452 0.488 0.457 0.49 0.462 0.502 0.467 0.512 0.479 0.515 0.495 0.515 0.507 0.497 0.492 0.49 0.481 0.482 0.476 0.476 0.475 0.468 0.478 0.456 0.49 0.442 0.469 0.434 0.446 0.434 0.433 0.438 0.418 0.435 0.402 0.435 0.388 0.438 0.376 0.447 0.357 0.466 0.333 0.478 0.328 0.492 0.329 0.502 0.316 0.514 0.311 0.529 0.314 0.563 0.334 0.576 0.344 0.596 0.377 0.606 0.415 0.606 0.421 0.59 0.447 0.582 0.465 0.573 0.496 0.567 0.5 0.562 0.516 0.556 0.523 0.539 0.532
0 0.463 0.334 0.461 0.334 0.458 0.329 0.453 0.332 0.451 0.325 0.448 0.304 0.445 0.264 0.441 0.244 0.431 0.223 0.418 0.206 0.421 0.189 0.42 0.157 0.429 0.127 0.459 0.083 0.471 0.074 0.484 0.069 0.495 0.071 0.506 0.076 0.527 0.095 0.562 0.101 0.584 0.116 0.592 0.128 0.599 0.144 0.605 0.176 0.605 0.204 0.602 0.234 0.596 0.252 0.579 0.267 0.569 0.279 0.565 0.286 0.561 0.301 0.548 0.306 0.538 0.317 0.523 0.31 0.511 0.311 0.499 0.317 0.491 0.328 0.478 0.327 0.463 0.334
0 0.29 0.371 0.287 0.368 0.276 0.336 0.263 0.309 0.251 0.293 0.237 0.282 0.217 0.278 0.187 0.281 0.17 0.295 0.16 0.313 0.153 0.282 0.149 0.242 0.15 0.229 0.164 0.195 0.17 0.176 0.181 0.161 0.19 0.155 0.199 0.152 0.22 0.155 0.23 0.144 0.238 0.139 0.265 0.137 0.277 0.142 0.297 0.158 0.323 0.191 0.326 0.202 0.325 0.207 0.31 0.21 0.301 0.219 0.295 0.229 0.288 0.252 0.287 0.276 0.292 0.307 0.291 0.323 0.295 0.347 0.293 0.352 0.287 0.35 0.292 0.365 0.29 0.371
0 0.417 0.448 0.396 0.433 0.37 0.422 0.336 0.417 0.322 0.418 0.319 0.417 0.31 0.393 0.305 0.372 0.296 0.353 0.291 0.321 0.292 0.307 0.287 0.272 0.287 0.253 0.29 0.24 0.297 0.224 0.309 0.211 0.321 0.21 0.33 0.214 0.338 0.198 0.349 0.188 0.358 0.184 0.376 0.184 0.387 0.186 0.399 0.191 0.421 0.21 0.43 0.222 0.439 0.239 0.444 0.258 0.448 0.304 0.454 0.345 0.437 0.376 0.429 0.42 0.423 0.439 0.417 0.448
0 0.33 0.214 0.319 0.209 0.324 0.207 0.326 0.203 0.322 0.189 0.3 0.162 0.282 0.146 0.281 0.132 0.284 0.115 0.293 0.093 0.306 0.077 0.319 0.071 0.335 0.074 0.345 0.053 0.361 0.033 0.355 0.03 0.364 0.03 0.368 0.028 0.368 0.026 0.379 0.026 0.388 0.029 0.404 0.043 0.422 0.07 0.429 0.09 0.435 0.117 0.428 0.129 0.421 0.155 0.421 0.189 0.418 0.205 0.392 0.186 0.363 0.183 0.352 0.186 0.344 0.193 0.333 0.206 0.33 0.21
