0 0.115 0.347 0.102 0.346 0.091 0.341 0.078 0.339 0.064 0.33 0.04 0.301 0.028 0.276 0.022 0.256 0.021 0.222 0.024 0.192 0.021 0.178 0.02 0.162 0.022 0.151 0.021 0.132 0.024 0.115 0.031 0.1 0.041 0.088 0.059 0.078 0.071 0.067 0.08 0.064 0.092 0.063 0.1 0.066 0.109 0.063 0.121 0.064 0.153 0.079 0.163 0.09 0.177 0.097 0.186 0.106 0.203 0.132 0.208 0.152 0.209 0.168 0.205 0.187 0.21 0.209 0.208 0.232 0.211 0.242 0.211 0.259 0.205 0.283 0.192 0.303 0.182 0.31 0.174 0.313 0.162 0.324 0.152 0.33 0.14 0.332 0.127 0.343 0.115 0.347
0 0.244 0.599 0.23 0.597 0.198 0.585 0.145 0.549 0.138 0.54 0.131 0.525 0.126 0.509 0.122 0.487 0.121 0.46 0.122 0.423 0.127 0.395 0.138 0.362 0.157 0.33 0.195 0.302 0.207 0.297 0.225 0.297 0.246 0.303 0.258 0.31 0.281 0.328 0.316 0.365 0.332 0.395 0.337 0.414 0.342 0.472 0.337 0.498 0.328 0.525 0.313 0.55 0.286 0.567 0.252 0.598 0.244 0.599
0 0.322 0.345 0.308 0.342 0.303 0.337 0.288 0.333 0.262 0.312 0.246 0.295 0.226 0.266 0.21 0.221 0.207 0.205 0.208 0.183 0.215 0.153 0.224 0.13 0.238 0.109 0.255 0.089 0.275 0.073 0.294 0.061 0.318 0.055 0.333 0.055 0.357 0.065 0.376 0.079 0.396 0.102 0.413 0.135 0.427 0.179 0.429 0.222 0.427 0.238 0.422 0.259 0.397 0.304 0.365 0.334 0.346 0.343 0.322 0.345
0 0.534 0.334 0.513 0.332 0.484 0.313 0.466 0.305 0.438 0.251 0.43 0.225 0.428 0.203 0.428 0.18 0.435 0.147 0.443 0.122 0.456 0.099 0.473 0.077 0.49 0.063 0.51 0.052 0.527 0.048 0.543 0.048 0.56 0.054 0.576 0.067 0.588 0.082 0.599 0.102 0.609 0.13 0.623 0.187 0.627 0.213 0.626 0.231 0.621 0.252 0.611 0.277 0.6 0.295 0.567 0.323 0.534 0.334
0 0.74 0.305 0.719 0.303 0.702 0.291 0.681 0.279 0.686 0.276 0.67 0.266 0.652 0.242 0.645 0.226 0.64 0.202 0.639 0.176 0.642 0.15 0.65 0.116 0.662 0.086 0.672 0.07 0.696 0.043 0.711 0.033 0.731 0.025 0.755 0.022 0.781 0.023 0.797 0.029 0.818 0.043 0.83 0.057 0.843 0.077 0.85 0.096 0.854 0.118 0.855 0.145 0.853 0.167 0.848 0.194 0.835 0.231 0.811 0.267 0.791 0.288 0.779 0.296 0.759 0.304 0.74 0.305
0 0.435 0.568 0.418 0.567 0.394 0.557 0.377 0.542 0.365 0.526 0.356 0.508 0.345 0.473 0.34 0.447 0.338 0.421 0.339 0.4 0.348 0.374 0.374 0.331 0.385 0.321 0.411 0.306 0.425 0.302 0.439 0.301 0.459 0.304 0.483 0.313 0.504 0.33 0.515 0.343 0.529 0.365 0.538 0.39 0.542 0.411 0.542 0.438 0.541 0.455 0.534 0.486 0.523 0.512 0.508 0.534 0.491 0.548 0.471 0.56 0.435 0.568
0 0.657 0.562 0.634 0.56 0.606 0.549 0.591 0.539 0.57 0.514 0.557 0.491 0.545 0.457 0.542 0.44 0.541 0.399 0.545 0.38 0.553 0.356 0.568 0.329 0.58 0.314 0.601 0.294 0.616 0.286 0.634 0.278 0.666 0.274 0.686 0.281 0.707 0.294 0.722 0.307 0.738 0.328 0.748 0.346 0.758 0.375 0.763 0.408 0.763 0.427 0.76 0.452 0.75 0.482 0.737 0.509 0.726 0.524 0.711 0.539 0.692 0.552 0.671 0.56 0.657 0.562
0 0.888 0.55 0.868 0.549 0.848 0.542 0.817 0.523 0.804 0.507 0.787 0.483 0.771 0.449 0.764 0.424 0.761 0.381 0.764 0.354 0.772 0.326 0.786 0.298 0.804 0.277 0.826 0.255 0.852 0.239 0.876 0.232 0.901 0.232 0.928 0.239 0.951 0.251 0.969 0.269 0.996 0.304 0.997 0.313 0.997 0.46 0.996 0.474 0.987 0.491 0.976 0.507 0.96 0.523 0.931 0.54 0.91 0.546 0.888 0.55
0 0.0 0.668 0.007 0.647 0.02 0.62 0.046 0.584 0.074 0.564 0.105 0.556 0.142 0.557 0.169 0.565 0.208 0.592 0.22 0.603 0.221 0.61 0.23 0.638 0.222 0.687 0.222 0.704 0.229 0.738 0.228 0.745 0.213 0.771 0.201 0.785 0.186 0.799 0.162 0.816 0.127 0.832 0.092 0.842 0.073 0.843 0.056 0.84 0.037 0.829 0.023 0.814 0.009 0.793 0.0 0.764
0 0.33 0.846 0.314 0.846 0.291 0.839 0.273 0.827 0.258 0.809 0.235 0.757 0.227 0.731 0.221 0.703 0.221 0.682 0.227 0.652 0.235 0.628 0.247 0.604 0.261 0.588 0.291 0.563 0.313 0.55 0.344 0.543 0.362 0.543 0.384 0.551 0.401 0.564 0.415 0.585 0.433 0.633 0.437 0.633 0.445 0.629 0.448 0.632 0.447 0.64 0.439 0.645 0.443 0.662 0.444 0.657 0.441 0.648 0.446 0.646 0.444 0.653 0.444 0.689 0.448 0.735 0.445 0.755 0.436 0.779 0.426 0.796 0.409 0.817 0.394 0.829 0.374 0.839 0.346 0.846 0.33 0.846
0 0.576 0.837 0.556 0.832 0.537 0.821 0.494 0.805 0.48 0.796 0.47 0.785 0.462 0.77 0.454 0.749 0.449 0.727 0.444 0.694 0.444 0.669 0.45 0.628 0.457 0.604 0.468 0.582 0.48 0.564 0.495 0.549 0.513 0.539 0.536 0.533 0.556 0.534 0.581 0.539 0.604 0.549 0.63 0.569 0.648 0.587 0.662 0.609 0.671 0.638 0.674 0.664 0.671 0.711 0.665 0.732 0.652 0.765 0.633 0.793 0.619 0.809 0.592 0.832 0.576 0.837
0 0.801 0.823 0.784 0.822 0.771 0.815 0.725 0.772 0.689 0.724 0.682 0.706 0.679 0.688 0.677 0.667 0.679 0.625 0.684 0.602 0.693 0.576 0.706 0.555 0.722 0.536 0.746 0.52 0.761 0.515 0.79 0.514 0.812 0.52 0.837 0.534 0.862 0.553 0.887 0.58 0.9 0.598 0.913 0.624 0.918 0.646 0.919 0.677 0.913 0.711 0.906 0.733 0.886 0.767 0.873 0.783 0.85 0.803 0.826 0.816 0.801 0.823
0 0.999 0.999 0.83 0.999 0.809 0.957 0.806 0.924 0.8 0.897 0.8 0.823 0.826 0.815 0.857 0.797 0.874 0.781 0.898 0.747 0.902 0.746 0.922 0.742 0.945 0.742 0.974 0.752 0.999 0.767 0.999 0.999
0 0.802 1.0 0.583 1.0 0.586 0.976 0.586 0.951 0.58 0.899 0.591 0.855 0.604 0.828 0.613 0.816 0.628 0.801 0.65 0.789 0.674 0.784 0.689 0.785 0.706 0.788 0.731 0.799 0.752 0.817 0.769 0.838 0.784 0.861 0.796 0.888 0.804 0.915 0.808 0.947 0.807 0.967 0.802 1.0
0 0.582 0.998 0.357 0.998 0.353 0.967 0.353 0.938 0.357 0.915 0.364 0.892 0.375 0.867 0.389 0.847 0.407 0.831 0.423 0.822 0.45 0.811 0.489 0.805 0.51 0.81 0.525 0.817 0.544 0.832 0.56 0.854 0.57 0.874 0.579 0.903 0.585 0.943 0.585 0.973 0.582 0.998
0 0.352 0.998 0.116 0.998 0.113 0.998 0.113 0.994 0.116 0.957 0.123 0.929 0.133 0.899 0.154 0.862 0.171 0.84 0.198 0.819 0.224 0.807 0.24 0.805 0.256 0.807 0.268 0.821 0.281 0.833 0.299 0.843 0.317 0.85 0.325 0.856 0.343 0.893 0.353 0.92 0.353 0.998 0.352 0.998
0 0.0 0.325 0.014 0.323 0.037 0.324 0.053 0.328 0.072 0.337 0.096 0.356 0.109 0.372 0.125 0.401 0.12 0.442 0.121 0.476 0.116 0.485 0.113 0.497 0.109 0.528 0.11 0.543 0.108 0.552 0.106 0.555 0.083 0.56 0.066 0.568 0.049 0.582 0.033 0.598 0.009 0.6 0.0 0.597
0 0.114 0.992 0.0 0.992 0.0 0.846 0.042 0.84 0.065 0.842 0.074 0.844 0.094 0.854 0.106 0.865 0.121 0.89 0.127 0.913 0.117 0.956 0.114 0.99
