0 0.52 0.814 0.505 0.813 0.491 0.808 0.466 0.792 0.419 0.743 0.412 0.729 0.408 0.714 0.406 0.698 0.407 0.675 0.409 0.661 0.415 0.642 0.426 0.622 0.444 0.595 0.45 0.589 0.474 0.575 0.488 0.572 0.5 0.574 0.529 0.584 0.545 0.594 0.558 0.607 0.573 0.631 0.581 0.648 0.588 0.67 0.59 0.698 0.588 0.722 0.582 0.75 0.574 0.776 0.566 0.789 0.549 0.804 0.532 0.812 0.52 0.814
0 0.374 0.688 0.357 0.686 0.336 0.676 0.322 0.664 0.312 0.648 0.301 0.621 0.296 0.598 0.298 0.57 0.307 0.545 0.318 0.525 0.333 0.505 0.345 0.495 0.361 0.488 0.39 0.485 0.404 0.488 0.428 0.504 0.442 0.522 0.445 0.514 0.452 0.512 0.454 0.516 0.453 0.526 0.456 0.527 0.457 0.533 0.461 0.581 0.442 0.598 0.423 0.628 0.412 0.65 0.406 0.683 0.374 0.688
0 0.207 0.674 0.191 0.673 0.176 0.666 0.139 0.632 0.12 0.616 0.1 0.587 0.094 0.564 0.094 0.549 0.096 0.531 0.103 0.508 0.109 0.495 0.13 0.468 0.144 0.456 0.161 0.445 0.182 0.439 0.19 0.44 0.204 0.448 0.23 0.456 0.244 0.476 0.26 0.488 0.281 0.508 0.287 0.523 0.29 0.539 0.291 0.565 0.289 0.582 0.283 0.602 0.271 0.625 0.258 0.645 0.239 0.662 0.227 0.669 0.207 0.674
0 0.0 0.314 0.019 0.3 0.039 0.294 0.06 0.294 0.084 0.302 0.108 0.318 0.125 0.334 0.137 0.356 0.152 0.375 0.159 0.396 0.157 0.41 0.141 0.458 0.11 0.496 0.098 0.523 0.078 0.53 0.058 0.531 0.03 0.526 0.0 0.51
0 0.248 0.455 0.226 0.455 0.205 0.449 0.187 0.438 0.173 0.425 0.162 0.406 0.155 0.381 0.142 0.358 0.136 0.333 0.133 0.313 0.134 0.285 0.139 0.262 0.147 0.245 0.158 0.229 0.169 0.217 0.196 0.2 0.208 0.196 0.232 0.194 0.248 0.196 0.266 0.204 0.279 0.215 0.289 0.228 0.297 0.244 0.301 0.26 0.305 0.293 0.309 0.306 0.326 0.302 0.342 0.292 0.349 0.298 0.345 0.306 0.337 0.306 0.311 0.314 0.319 0.375 0.314 0.4 0.307 0.416 0.294 0.434 0.282 0.444 0.248 0.455
0 0.398 0.321 0.381 0.319 0.352 0.302 0.336 0.283 0.32 0.255 0.312 0.226 0.31 0.196 0.313 0.171 0.325 0.133 0.334 0.116 0.349 0.096 0.365 0.084 0.376 0.079 0.39 0.076 0.407 0.08 0.428 0.088 0.449 0.104 0.462 0.09 0.481 0.082 0.483 0.087 0.483 0.098 0.477 0.096 0.468 0.098 0.453 0.114 0.46 0.119 0.469 0.134 0.487 0.187 0.489 0.221 0.484 0.249 0.471 0.275 0.452 0.298 0.433 0.311 0.398 0.321
0 0.124 0.312 0.092 0.304 0.051 0.276 0.038 0.26 0.023 0.234 0.013 0.214 0.006 0.19 0.005 0.153 0.01 0.13 0.016 0.115 0.025 0.101 0.042 0.082 0.052 0.073 0.072 0.063 0.091 0.059 0.114 0.06 0.14 0.068 0.16 0.08 0.179 0.099 0.192 0.118 0.211 0.177 0.212 0.195 0.182 0.207 0.166 0.22 0.149 0.242 0.141 0.258 0.135 0.278 0.133 0.31 0.124 0.312
0 0.305 0.255 0.299 0.253 0.29 0.23 0.277 0.213 0.247 0.195 0.238 0.16 0.238 0.121 0.242 0.101 0.247 0.087 0.258 0.066 0.27 0.048 0.281 0.04 0.295 0.034 0.308 0.03 0.326 0.031 0.341 0.036 0.36 0.048 0.376 0.063 0.385 0.077 0.37 0.081 0.353 0.092 0.341 0.106 0.327 0.128 0.314 0.168 0.311 0.19 0.312 0.22 0.319 0.25 0.305 0.255
0 0.492 0.221 0.489 0.221 0.487 0.186 0.479 0.159 0.467 0.13 0.46 0.12 0.453 0.114 0.459 0.105 0.469 0.097 0.477 0.096 0.483 0.1 0.482 0.084 0.478 0.082 0.465 0.089 0.448 0.106 0.434 0.094 0.406 0.079 0.409 0.066 0.416 0.053 0.426 0.038 0.436 0.027 0.454 0.014 0.477 0.008 0.498 0.01 0.522 0.028 0.537 0.047 0.549 0.079 0.549 0.096 0.551 0.119 0.551 0.136 0.549 0.153 0.543 0.172 0.531 0.192 0.519 0.208 0.506 0.216 0.492 0.221
0 0.704 0.0 0.716 0.025 0.723 0.056 0.724 0.086 0.721 0.111 0.694 0.103 0.673 0.104 0.653 0.109 0.628 0.122 0.602 0.15 0.581 0.188 0.569 0.17 0.56 0.15 0.55 0.114 0.549 0.09 0.556 0.055 0.584 0.0
0 0.662 0.372 0.644 0.371 0.63 0.365 0.606 0.348 0.588 0.329 0.577 0.313 0.568 0.293 0.564 0.278 0.564 0.251 0.574 0.208 0.585 0.18 0.602 0.15 0.616 0.133 0.629 0.121 0.662 0.106 0.682 0.102 0.709 0.106 0.726 0.115 0.74 0.128 0.753 0.148 0.764 0.173 0.769 0.192 0.771 0.208 0.77 0.231 0.766 0.262 0.755 0.294 0.727 0.336 0.698 0.361 0.677 0.37 0.662 0.372
0 0.86 0.358 0.842 0.352 0.827 0.343 0.804 0.313 0.782 0.279 0.776 0.249 0.775 0.227 0.782 0.198 0.789 0.177 0.805 0.148 0.816 0.136 0.837 0.119 0.859 0.112 0.876 0.113 0.891 0.12 0.921 0.142 0.952 0.108 0.975 0.094 0.978 0.089 0.981 0.09 0.985 0.094 0.983 0.102 0.959 0.11 0.933 0.133 0.926 0.145 0.943 0.159 0.962 0.179 0.97 0.191 0.974 0.203 0.977 0.223 0.976 0.238 0.973 0.257 0.965 0.279 0.949 0.306 0.926 0.333 0.893 0.337 0.878 0.344 0.86 0.35
