0 0.417 0.406 0.39 0.406 0.373 0.401 0.351 0.392 0.327 0.379 0.3 0.352 0.283 0.325 0.276 0.306 0.269 0.281 0.266 0.259 0.266 0.228 0.269 0.193 0.273 0.176 0.287 0.144 0.299 0.128 0.313 0.117 0.331 0.109 0.367 0.104 0.39 0.106 0.413 0.111 0.461 0.132 0.484 0.147 0.502 0.165 0.516 0.195 0.523 0.223 0.524 0.263 0.518 0.302 0.506 0.336 0.49 0.363 0.471 0.382 0.45 0.396 0.417 0.406
0 0.72 0.481 0.703 0.48 0.662 0.466 0.643 0.453 0.627 0.435 0.613 0.416 0.595 0.377 0.582 0.33 0.58 0.283 0.584 0.244 0.591 0.216 0.604 0.188 0.633 0.148 0.66 0.125 0.685 0.113 0.728 0.103 0.754 0.102 0.789 0.109 0.807 0.117 0.829 0.134 0.848 0.166 0.856 0.187 0.863 0.225 0.867 0.264 0.867 0.304 0.863 0.333 0.858 0.354 0.846 0.384 0.828 0.411 0.811 0.431 0.772 0.463 0.748 0.474 0.72 0.481
0 0.0 0.092 0.021 0.084 0.065 0.084 0.109 0.093 0.12 0.097 0.145 0.115 0.176 0.145 0.191 0.166 0.203 0.186 0.219 0.228 0.229 0.269 0.231 0.283 0.231 0.34 0.219 0.383 0.193 0.399 0.18 0.414 0.161 0.44 0.147 0.469 0.108 0.485 0.094 0.488 0.069 0.487 0.055 0.483 0.029 0.469 0.0 0.447
0 0.245 0.66 0.224 0.657 0.204 0.648 0.189 0.638 0.172 0.62 0.157 0.592 0.147 0.564 0.142 0.535 0.142 0.51 0.146 0.479 0.151 0.461 0.164 0.436 0.18 0.413 0.192 0.399 0.211 0.387 0.228 0.381 0.258 0.378 0.291 0.385 0.305 0.392 0.333 0.414 0.347 0.433 0.355 0.448 0.364 0.475 0.367 0.495 0.367 0.528 0.361 0.567 0.354 0.592 0.349 0.599 0.325 0.611 0.307 0.623 0.291 0.638 0.277 0.656 0.245 0.66
0 0.399 0.969 0.364 0.968 0.343 0.963 0.311 0.95 0.291 0.935 0.27 0.908 0.254 0.879 0.244 0.848 0.238 0.811 0.238 0.771 0.242 0.739 0.253 0.705 0.273 0.662 0.292 0.636 0.309 0.62 0.331 0.607 0.36 0.596 0.393 0.596 0.423 0.604 0.449 0.616 0.471 0.634 0.485 0.652 0.501 0.68 0.512 0.708 0.519 0.749 0.519 0.79 0.514 0.828 0.501 0.874 0.49 0.901 0.473 0.926 0.452 0.946 0.428 0.96 0.399 0.969
0 0.686 0.995 0.662 0.994 0.633 0.987 0.603 0.969 0.585 0.954 0.562 0.924 0.543 0.889 0.53 0.857 0.522 0.819 0.522 0.79 0.534 0.721 0.533 0.706 0.524 0.67 0.522 0.646 0.522 0.61 0.529 0.575 0.543 0.54 0.552 0.525 0.571 0.501 0.599 0.48 0.636 0.466 0.665 0.467 0.716 0.484 0.734 0.497 0.748 0.51 0.769 0.545 0.777 0.568 0.78 0.585 0.782 0.606 0.781 0.627 0.771 0.66 0.762 0.676 0.753 0.684 0.751 0.691 0.753 0.696 0.777 0.719 0.793 0.747 0.805 0.78 0.811 0.812 0.811 0.843 0.806 0.87 0.796 0.905 0.782 0.929 0.761 0.955 0.735 0.977 0.708 0.99 0.686 0.995
0 1.0 1.0 0.75 1.0 0.74 0.973 0.763 0.953 0.791 0.912 0.806 0.869 0.811 0.842 0.808 0.793 0.798 0.758 0.778 0.72 0.794 0.71 0.83 0.678 0.849 0.674 0.877 0.688 0.906 0.698 0.95 0.703 0.976 0.711 1.0 0.715 1.0 1.0
0 1.0 0.715 0.974 0.711 0.945 0.703 0.923 0.702 0.901 0.697 0.856 0.677 0.837 0.663 0.817 0.64 0.804 0.615 0.796 0.59 0.791 0.57 0.786 0.523 0.803 0.439 0.823 0.416 0.843 0.388 0.852 0.367 0.861 0.339 0.889 0.319 0.912 0.311 0.947 0.31 0.978 0.314 1.0 0.319 1.0 0.715
0 0.0 0.464 0.022 0.467 0.044 0.477 0.068 0.494 0.081 0.508 0.099 0.534 0.119 0.575 0.125 0.593 0.13 0.617 0.129 0.646 0.122 0.681 0.109 0.712 0.098 0.729 0.081 0.75 0.064 0.761 0.034 0.779 0.0 0.791
0 0.127 0.908 0.087 0.905 0.064 0.895 0.044 0.879 0.032 0.863 0.02 0.842 0.014 0.823 0.011 0.789 0.049 0.77 0.082 0.745 0.094 0.733 0.114 0.698 0.124 0.669 0.129 0.639 0.131 0.638 0.183 0.65 0.203 0.667 0.214 0.685 0.224 0.71 0.227 0.729 0.227 0.762 0.225 0.786 0.203 0.807 0.186 0.83 0.173 0.856 0.164 0.892 0.148 0.903 0.127 0.908
0 0.19 0.0 0.18 0.04 0.169 0.063 0.147 0.086 0.131 0.094 0.119 0.096 0.098 0.09 0.084 0.09 0.071 0.086 0.044 0.084 0.02 0.085 0.0 0.075
0 0.272 0.0 0.279 0.027 0.3 0.071 0.317 0.095 0.331 0.108 0.305 0.123 0.286 0.146 0.272 0.181 0.266 0.239 0.259 0.243 0.246 0.241 0.218 0.221 0.199 0.178 0.187 0.16 0.163 0.129 0.16 0.123 0.156 0.078 0.176 0.05 0.189 0.0
0 0.836 0.0 0.827 0.038 0.813 0.074 0.788 0.108 0.756 0.102 0.728 0.102 0.702 0.107 0.664 0.122 0.642 0.138 0.629 0.152 0.624 0.15 0.599 0.126 0.569 0.078 0.555 0.041 0.552 0.022 0.552 0.0
0 0.554 0.0 0.554 0.017 0.549 0.042 0.537 0.087 0.53 0.1 0.511 0.122 0.482 0.144 0.417 0.113 0.396 0.107 0.369 0.104 0.331 0.108 0.315 0.094 0.295 0.062 0.277 0.022 0.272 0.0
0 0.999 0.0 0.999 0.12 0.967 0.134 0.934 0.14 0.904 0.139 0.892 0.136 0.869 0.121 0.856 0.105 0.84 0.077 0.83 0.038 0.829 0.028 0.835 0.0
0 0.53 0.539 0.511 0.536 0.488 0.523 0.475 0.51 0.457 0.483 0.448 0.455 0.448 0.403 0.451 0.395 0.468 0.386 0.487 0.368 0.504 0.339 0.512 0.321 0.518 0.3 0.524 0.246 0.54 0.24 0.558 0.24 0.584 0.25 0.58 0.287 0.582 0.322 0.59 0.358 0.602 0.391 0.616 0.419 0.627 0.433 0.645 0.452 0.662 0.466 0.63 0.467 0.598 0.481 0.583 0.491 0.568 0.504 0.543 0.538 0.53 0.539
0 0.372 1.0 0.18 1.0 0.168 0.972 0.162 0.936 0.165 0.895 0.174 0.854 0.187 0.829 0.199 0.812 0.215 0.795 0.237 0.781 0.239 0.816 0.244 0.85 0.254 0.879 0.267 0.903 0.281 0.925 0.311 0.951 0.338 0.963 0.38 0.973 0.378 0.986 0.372 1.0
0 0.372 0.542 0.366 0.541 0.366 0.49 0.363 0.473 0.355 0.449 0.344 0.43 0.326 0.408 0.306 0.393 0.279 0.383 0.25 0.38 0.254 0.362 0.262 0.337 0.276 0.308 0.291 0.337 0.303 0.356 0.328 0.379 0.352 0.392 0.389 0.405 0.42 0.405 0.449 0.396 0.447 0.434 0.448 0.451 0.433 0.483 0.415 0.512 0.398 0.531 0.372 0.542
0 0.219 0.385 0.218 0.384 0.224 0.368 0.231 0.335 0.231 0.287 0.226 0.259 0.216 0.219 0.229 0.23 0.247 0.24 0.26 0.242 0.266 0.239 0.268 0.274 0.277 0.307 0.27 0.318 0.261 0.341 0.25 0.38 0.232 0.381 0.219 0.385
0 0.529 0.229 0.523 0.229 0.519 0.207 0.508 0.177 0.495 0.158 0.481 0.144 0.508 0.124 0.518 0.113 0.539 0.082 0.546 0.093 0.552 0.123 0.552 0.171 0.549 0.188 0.542 0.211 0.538 0.219 0.529 0.229
0 0.584 0.249 0.569 0.243 0.558 0.214 0.555 0.194 0.555 0.161 0.559 0.14 0.567 0.109 0.576 0.091 0.602 0.129 0.624 0.15 0.63 0.151 0.599 0.199 0.59 0.221 0.584 0.249
0 0.869 0.278 0.867 0.278 0.862 0.218 0.854 0.182 0.849 0.168 0.827 0.134 0.808 0.118 0.788 0.108 0.81 0.077 0.82 0.056 0.829 0.029 0.838 0.071 0.844 0.085 0.861 0.111 0.879 0.129 0.903 0.138 0.936 0.139 0.971 0.133 0.961 0.173 0.95 0.204 0.942 0.219 0.923 0.243 0.907 0.259 0.893 0.27 0.869 0.278
0 0.786 0.52 0.758 0.508 0.743 0.506 0.734 0.497 0.708 0.48 0.733 0.478 0.751 0.473 0.781 0.457 0.803 0.438 0.791 0.506 0.786 0.52
0 0.779 0.718 0.774 0.717 0.757 0.702 0.75 0.69 0.766 0.669 0.774 0.652 0.78 0.627 0.782 0.6 0.777 0.569 0.77 0.548 0.754 0.52 0.744 0.506 0.767 0.512 0.78 0.519 0.784 0.524 0.789 0.536 0.791 0.563 0.799 0.6 0.813 0.633 0.829 0.654 0.826 0.669 0.815 0.69 0.793 0.71 0.779 0.718
0 0.522 0.794 0.518 0.794 0.519 0.754 0.515 0.726 0.509 0.7 0.499 0.677 0.477 0.642 0.459 0.625 0.437 0.609 0.455 0.578 0.478 0.555 0.488 0.548 0.502 0.543 0.53 0.54 0.539 0.542 0.541 0.546 0.528 0.58 0.522 0.614 0.522 0.659 0.534 0.716 0.533 0.732 0.522 0.794
0 0.424 0.603 0.401 0.598 0.379 0.596 0.35 0.599 0.361 0.568 0.364 0.547 0.367 0.546 0.38 0.551 0.402 0.569 0.419 0.59 0.424 0.603
0 0.178 0.646 0.16 0.646 0.13 0.636 0.13 0.616 0.127 0.601 0.112 0.561 0.09 0.519 0.069 0.495 0.068 0.488 0.112 0.484 0.149 0.467 0.142 0.509 0.144 0.55 0.154 0.586 0.163 0.604 0.179 0.628 0.194 0.641 0.178 0.64
