0 0.781 0.405 0.76 0.404 0.742 0.392 0.716 0.362 0.7 0.351 0.661 0.332 0.642 0.313 0.636 0.294 0.637 0.279 0.648 0.264 0.664 0.254 0.731 0.267 0.751 0.258 0.78 0.254 0.809 0.261 0.816 0.268 0.823 0.281 0.828 0.302 0.827 0.333 0.823 0.358 0.811 0.386 0.792 0.401 0.781 0.405
0 0.643 0.827 0.625 0.826 0.611 0.821 0.594 0.812 0.58 0.802 0.573 0.789 0.567 0.772 0.562 0.749 0.562 0.736 0.564 0.723 0.577 0.703 0.588 0.68 0.591 0.661 0.597 0.647 0.596 0.615 0.603 0.553 0.614 0.515 0.627 0.498 0.64 0.494 0.651 0.494 0.672 0.508 0.679 0.518 0.681 0.523 0.683 0.535 0.682 0.559 0.673 0.675 0.676 0.689 0.684 0.706 0.69 0.729 0.693 0.754 0.687 0.791 0.679 0.813 0.666 0.825 0.643 0.827
0 0.397 0.429 0.388 0.427 0.375 0.416 0.365 0.398 0.365 0.358 0.36 0.305 0.357 0.292 0.34 0.262 0.335 0.241 0.335 0.213 0.338 0.194 0.343 0.185 0.371 0.17 0.397 0.169 0.411 0.176 0.426 0.201 0.432 0.226 0.433 0.243 0.427 0.268 0.427 0.283 0.427 0.314 0.435 0.337 0.437 0.365 0.434 0.392 0.425 0.41 0.409 0.424 0.397 0.429
0 0.331 0.586 0.321 0.585 0.308 0.578 0.302 0.57 0.287 0.537 0.284 0.522 0.284 0.507 0.288 0.49 0.297 0.477 0.316 0.462 0.342 0.46 0.354 0.463 0.401 0.427 0.412 0.423 0.424 0.41 0.434 0.405 0.45 0.405 0.464 0.414 0.466 0.449 0.458 0.47 0.426 0.5 0.401 0.514 0.388 0.527 0.355 0.575 0.342 0.584 0.331 0.586
0 0.471 0.843 0.439 0.836 0.427 0.839 0.395 0.838 0.385 0.827 0.377 0.8 0.377 0.769 0.379 0.755 0.385 0.739 0.401 0.717 0.403 0.707 0.407 0.597 0.413 0.549 0.419 0.534 0.429 0.524 0.436 0.524 0.452 0.529 0.464 0.527 0.481 0.53 0.488 0.54 0.488 0.56 0.484 0.571 0.481 0.606 0.483 0.66 0.481 0.688 0.483 0.71 0.49 0.734 0.494 0.76 0.495 0.8 0.487 0.829 0.481 0.839 0.471 0.843
0 0.539 0.605 0.52 0.604 0.509 0.592 0.504 0.583 0.499 0.548 0.499 0.511 0.489 0.486 0.471 0.449 0.467 0.431 0.467 0.412 0.472 0.397 0.479 0.385 0.498 0.373 0.514 0.376 0.523 0.383 0.534 0.401 0.552 0.446 0.562 0.466 0.59 0.487 0.598 0.5 0.601 0.515 0.601 0.538 0.598 0.552 0.583 0.579 0.572 0.591 0.56 0.599 0.539 0.605
0 0.472 0.385 0.456 0.384 0.444 0.378 0.439 0.367 0.434 0.331 0.44 0.293 0.439 0.209 0.436 0.191 0.418 0.155 0.413 0.134 0.413 0.106 0.417 0.086 0.429 0.06 0.443 0.049 0.459 0.043 0.477 0.043 0.5 0.054 0.515 0.068 0.52 0.081 0.523 0.1 0.522 0.124 0.518 0.144 0.514 0.151 0.514 0.157 0.515 0.18 0.521 0.217 0.524 0.249 0.523 0.347 0.518 0.359 0.502 0.373 0.472 0.385
0 0.542 0.874 0.517 0.871 0.508 0.868 0.498 0.86 0.492 0.851 0.491 0.832 0.496 0.792 0.506 0.777 0.511 0.745 0.51 0.722 0.517 0.658 0.525 0.629 0.53 0.622 0.543 0.613 0.553 0.612 0.563 0.616 0.569 0.624 0.576 0.639 0.579 0.651 0.578 0.681 0.573 0.692 0.568 0.718 0.563 0.725 0.562 0.738 0.566 0.771 0.577 0.797 0.584 0.806 0.586 0.825 0.576 0.859 0.553 0.873 0.542 0.874
0 0.725 0.62 0.713 0.619 0.699 0.614 0.69 0.602 0.686 0.591 0.685 0.573 0.689 0.493 0.682 0.477 0.676 0.457 0.676 0.422 0.68 0.406 0.684 0.398 0.699 0.384 0.723 0.383 0.744 0.392 0.764 0.406 0.775 0.423 0.777 0.433 0.776 0.452 0.773 0.462 0.743 0.517 0.737 0.594 0.73 0.617 0.725 0.62
0 0.615 0.504 0.595 0.502 0.593 0.491 0.582 0.481 0.565 0.47 0.561 0.453 0.563 0.411 0.553 0.383 0.55 0.346 0.536 0.306 0.526 0.265 0.524 0.235 0.524 0.22 0.529 0.206 0.537 0.192 0.551 0.184 0.57 0.182 0.577 0.179 0.598 0.179 0.611 0.198 0.622 0.229 0.623 0.263 0.64 0.342 0.648 0.362 0.666 0.396 0.675 0.428 0.676 0.451 0.674 0.46 0.666 0.476 0.659 0.483 0.615 0.50
