0 0.229 0.0 0.232 0.006 0.273 0.002 0.276 0.006 0.278 0.016 0.281 0.018 0.292 0.046 0.297 0.062 0.298 0.076 0.307 0.094 0.315 0.119 0.32 0.169 0.32 0.219 0.322 0.233 0.324 0.305 0.337 0.428 0.344 0.569 0.356 0.7 0.356 0.762 0.352 0.79 0.35 0.793 0.348 0.81 0.341 0.83 0.335 0.844 0.326 0.857 0.321 0.868 0.304 0.879 0.303 0.882 0.286 0.888 0.268 0.888 0.254 0.883 0.24 0.872 0.221 0.845 0.21 0.822 0.204 0.801 0.196 0.76 0.193 0.726 0.191 0.691 0.192 0.644 0.19 0.559 0.184 0.421 0.185 0.348 0.191 0.283 0.191 0.232 0.182 0.155 0.182 0.123 0.184 0.104 0.19 0.086 0.189 0.062 0.199 0.018 0.205 0.011 0.219 0.007 0.223 0.0
0 0.113 0.977 0.086 0.974 0.076 0.97 0.068 0.962 0.066 0.957 0.065 0.957 0.059 0.94 0.057 0.939 0.056 0.931 0.053 0.92 0.05 0.887 0.05 0.865 0.053 0.827 0.063 0.785 0.065 0.766 0.065 0.751 0.07 0.731 0.071 0.719 0.074 0.711 0.082 0.659 0.085 0.651 0.089 0.616 0.091 0.612 0.093 0.594 0.096 0.584 0.111 0.392 0.111 0.349 0.107 0.307 0.089 0.225 0.089 0.199 0.095 0.17 0.096 0.159 0.098 0.156 0.099 0.134 0.101 0.131 0.111 0.13 0.118 0.125 0.12 0.12 0.125 0.118 0.134 0.125 0.142 0.128 0.156 0.145 0.17 0.152 0.181 0.165 0.184 0.172 0.185 0.191 0.188 0.2 0.191 0.281 0.185 0.366 0.185 0.426 0.189 0.504 0.192 0.688 0.197 0.758 0.2 0.766 0.204 0.8 0.211 0.819 0.211 0.828 0.212 0.833 0.214 0.834 0.214 0.841 0.209 0.845 0.204 0.86 0.197 0.871 0.196 0.877 0.182 0.914 0.175 0.923 0.173 0.93 0.171 0.932 0.156 0.956 0.139 0.97 0.135 0.97 0.128 0.974 0.113 0.977
0 0.773 0.0 0.771 0.022 0.764 0.05 0.757 0.069 0.752 0.1 0.75 0.146 0.745 0.196 0.745 0.239 0.741 0.313 0.737 0.338 0.732 0.406 0.728 0.429 0.727 0.453 0.723 0.48 0.719 0.526 0.71 0.574 0.698 0.615 0.688 0.638 0.677 0.657 0.67 0.665 0.658 0.672 0.641 0.678 0.628 0.678 0.608 0.669 0.595 0.659 0.586 0.646 0.578 0.624 0.572 0.599 0.569 0.571 0.569 0.516 0.575 0.463 0.579 0.443 0.589 0.369 0.599 0.314 0.611 0.268 0.617 0.228 0.623 0.207 0.631 0.168 0.64 0.143 0.644 0.119 0.652 0.097 0.663 0.054 0.673 0.0
0 0.477 0.0 0.458 0.04 0.444 0.056 0.432 0.064 0.418 0.067 0.391 0.066 0.38 0.058 0.372 0.057 0.367 0.053 0.352 0.036 0.342 0.014 0.338 0.0
0 0.513 1.0 0.435 1.0 0.422 0.975 0.409 0.942 0.403 0.91 0.398 0.895 0.394 0.854 0.395 0.829 0.393 0.798 0.394 0.792 0.393 0.768 0.396 0.754 0.395 0.744 0.393 0.736 0.395 0.729 0.393 0.715 0.398 0.677 0.396 0.673 0.397 0.668 0.396 0.647 0.397 0.614 0.399 0.602 0.397 0.591 0.399 0.569 0.398 0.557 0.4 0.549 0.397 0.511 0.398 0.478 0.4 0.463 0.395 0.45 0.397 0.448 0.397 0.437 0.4 0.421 0.401 0.398 0.413 0.287 0.424 0.225 0.434 0.188 0.442 0.176 0.446 0.163 0.449 0.161 0.454 0.154 0.465 0.148 0.484 0.152 0.498 0.16 0.508 0.16 0.51 0.166 0.513 0.169 0.518 0.169 0.518 0.179 0.524 0.196 0.527 0.216 0.526 0.243 0.521 0.274 0.517 0.281 0.517 0.29 0.509 0.329 0.509 0.356 0.507 0.362 0.509 0.406 0.511 0.413 0.51 0.428 0.512 0.434 0.511 0.483 0.514 0.506 0.517 0.514 0.517 0.535 0.52 0.551 0.521 0.61 0.525 0.636 0.528 0.691 0.54 0.758 0.541 0.794 0.544 0.803 0.546 0.82 0.544 0.828 0.544 0.836 0.542 0.848 0.546 0.863 0.544 0.869 0.543 0.9 0.536 0.943 0.522 0.982 0.513 1.0
0 0.862 0.903 0.85 0.903 0.839 0.899 0.828 0.889 0.824 0.889 0.819 0.883 0.816 0.874 0.807 0.86 0.805 0.851 0.803 0.849 0.797 0.833 0.797 0.807 0.807 0.763 0.813 0.747 0.834 0.647 0.841 0.624 0.858 0.523 0.87 0.47 0.88 0.418 0.892 0.342 0.901 0.313 0.913 0.256 0.915 0.225 0.913 0.202 0.904 0.181 0.897 0.174 0.884 0.148 0.9 0.123 0.907 0.116 0.913 0.115 0.924 0.107 0.939 0.103 0.953 0.092 0.961 0.089 0.967 0.097 0.974 0.101 0.977 0.108 0.989 0.12 0.992 0.127 0.992 0.14 0.988 0.152 0.982 0.161 0.983 0.185 0.98 0.199 0.965 0.233 0.954 0.253 0.943 0.277 0.936 0.298 0.933 0.321 0.934 0.476 0.939 0.562 0.939 0.665 0.937 0.702 0.929 0.759 0.925 0.801 0.922 0.826 0.918 0.844 0.91 0.866 0.904 0.879 0.897 0.889 0.882 0.899 0.862 0.903
0 0.393 0.846 0.379 0.84 0.367 0.825 0.366 0.818 0.361 0.813 0.36 0.807 0.357 0.807 0.352 0.791 0.355 0.754 0.355 0.704 0.342 0.567 0.334 0.414 0.325 0.322 0.325 0.286 0.329 0.252 0.334 0.185 0.34 0.132 0.349 0.098 0.356 0.078 0.365 0.064 0.373 0.058 0.381 0.058 0.391 0.062 0.402 0.063 0.409 0.068 0.42 0.064 0.429 0.065 0.441 0.06 0.438 0.09 0.447 0.126 0.446 0.161 0.442 0.174 0.438 0.181 0.43 0.204 0.42 0.246 0.411 0.311 0.407 0.362 0.401 0.409 0.402 0.544 0.398 0.627 0.397 0.699 0.393 0.767 0.393 0.806 0.395 0.81 0.395 0.821 0.395 0.844 0.393 0.846
0 0.659 0.0 0.655 0.005 0.65 0.005 0.649 0.016 0.646 0.021 0.639 0.02 0.633 0.012 0.63 0.013 0.629 0.017 0.627 0.015 0.621 0.016 0.619 0.021 0.607 0.02 0.605 0.012 0.6 0.01 0.598 0.0
0 0.598 0.0 0.6 0.01 0.605 0.013 0.607 0.02 0.616 0.02 0.622 0.015 0.634 0.012 0.637 0.015 0.638 0.02 0.633 0.04 0.594 0.104 0.587 0.116 0.584 0.128 0.58 0.133 0.558 0.113 0.55 0.075 0.554 0.024 0.56 0.0
0 0.522 0.0 0.531 0.014 0.543 0.041 0.546 0.083 0.542 0.111 0.529 0.149 0.523 0.159 0.514 0.17 0.508 0.159 0.497 0.159 0.487 0.154 0.471 0.128 0.455 0.117 0.451 0.108 0.453 0.097 0.45 0.069 0.453 0.047 0.466 0.025 0.477 0.0
0 0.739 0.907 0.72 0.907 0.705 0.904 0.687 0.887 0.672 0.861 0.663 0.832 0.659 0.805 0.659 0.781 0.663 0.75 0.676 0.704 0.677 0.683 0.682 0.664 0.684 0.649 0.7 0.609 0.708 0.586 0.726 0.489 0.733 0.477 0.736 0.467 0.737 0.457 0.754 0.408 0.76 0.384 0.77 0.36 0.771 0.354 0.778 0.333 0.79 0.257 0.799 0.223 0.809 0.202 0.81 0.197 0.82 0.174 0.827 0.164 0.829 0.163 0.827 0.158 0.829 0.153 0.838 0.144 0.844 0.141 0.847 0.144 0.869 0.145 0.874 0.141 0.878 0.142 0.88 0.145 0.887 0.15 0.889 0.159 0.897 0.167 0.898 0.172 0.907 0.185 0.913 0.198 0.916 0.221 0.914 0.227 0.915 0.231 0.913 0.233 0.913 0.257 0.911 0.271 0.897 0.327 0.892 0.34 0.878 0.427 0.853 0.547 0.841 0.625 0.835 0.646 0.813 0.752 0.808 0.767 0.795 0.828 0.785 0.86 0.77 0.887 0.763 0.897 0.753 0.904 0.739 0.907
0 0.903 0.0 0.902 0.015 0.891 0.034 0.883 0.043 0.873 0.041 0.866 0.047 0.86 0.048 0.858 0.047 0.855 0.033 0.849 0.024 0.846 0.016 0.846 0.009 0.848 0.0
0 0.8 0.221 0.784 0.217 0.783 0.215 0.785 0.21 0.778 0.193 0.777 0.182 0.773 0.175 0.773 0.171 0.769 0.167 0.761 0.164 0.748 0.165 0.749 0.147 0.751 0.126 0.754 0.116 0.764 0.104 0.772 0.088 0.781 0.084 0.781 0.079 0.785 0.076 0.793 0.075 0.8 0.079 0.804 0.075 0.81 0.074 0.813 0.075 0.817 0.082 0.824 0.089 0.823 0.093 0.824 0.1 0.829 0.104 0.835 0.116 0.836 0.138 0.834 0.146 0.826 0.159 0.827 0.164 0.82 0.174 0.81 0.198 0.809 0.202 0.8 0.221
0 0.905 0.0 0.906 0.118 0.884 0.143 0.869 0.145 0.838 0.143 0.835 0.114 0.825 0.097 0.822 0.087 0.817 0.081 0.814 0.076 0.811 0.074 0.8 0.077 0.791 0.074 0.791 0.0
0 0.551 0.86 0.544 0.859 0.542 0.812 0.528 0.694 0.527 0.662 0.523 0.623 0.519 0.54 0.517 0.524 0.517 0.501 0.532 0.443 0.547 0.398 0.547 0.39 0.55 0.382 0.55 0.378 0.556 0.366 0.555 0.364 0.563 0.346 0.565 0.335 0.573 0.317 0.576 0.306 0.58 0.302 0.581 0.297 0.582 0.296 0.584 0.288 0.587 0.285 0.586 0.283 0.59 0.273 0.593 0.271 0.591 0.268 0.598 0.245 0.603 0.238 0.613 0.202 0.616 0.199 0.622 0.18 0.63 0.168 0.632 0.171 0.626 0.186 0.627 0.188 0.623 0.202 0.623 0.208 0.62 0.229 0.617 0.234 0.611 0.267 0.607 0.273 0.608 0.28 0.605 0.281 0.594 0.339 0.581 0.434 0.573 0.479 0.569 0.539 0.569 0.582 0.572 0.589 0.573 0.605 0.579 0.627 0.588 0.649 0.595 0.659 0.604 0.667 0.624 0.677 0.624 0.693 0.614 0.756 0.605 0.791 0.599 0.81 0.591 0.827 0.577 0.846 0.566 0.855 0.551 0.86
0 0.516 0.504 0.514 0.501 0.512 0.477 0.508 0.348 0.512 0.311 0.525 0.246 0.527 0.224 0.524 0.201 0.518 0.178 0.514 0.172 0.526 0.164 0.537 0.165 0.549 0.171 0.564 0.165 0.568 0.167 0.569 0.172 0.574 0.178 0.58 0.178 0.587 0.194 0.587 0.22 0.59 0.245 0.589 0.271 0.577 0.307 0.558 0.35 0.55 0.377 0.547 0.382 0.547 0.387 0.542 0.401 0.532 0.446 0.516 0.504
0 0.72 0.516 0.72 0.494 0.726 0.468 0.728 0.424 0.733 0.39 0.736 0.342 0.739 0.324 0.743 0.272 0.744 0.225 0.745 0.223 0.746 0.185 0.749 0.171 0.752 0.166 0.762 0.165 0.768 0.169 0.775 0.18 0.78 0.198 0.784 0.206 0.782 0.215 0.785 0.22 0.79 0.22 0.794 0.225 0.796 0.236 0.792 0.253 0.79 0.257 0.79 0.267 0.786 0.279 0.786 0.29 0.782 0.296 0.78 0.321 0.768 0.371 0.76 0.382 0.761 0.39 0.757 0.392 0.747 0.435 0.742 0.441 0.741 0.454 0.738 0.459 0.731 0.484 0.723 0.497 0.72 0.516
0 0.586 0.283 0.585 0.277 0.589 0.265 0.59 0.247 0.586 0.225 0.587 0.197 0.584 0.184 0.585 0.178 0.591 0.164 0.607 0.146 0.61 0.131 0.614 0.122 0.626 0.115 0.638 0.117 0.643 0.121 0.639 0.141 0.632 0.164 0.626 0.173 0.612 0.205 0.607 0.229 0.599 0.244 0.592 0.263 0.592 0.271 0.586 0.283
0 0.324 0.3 0.323 0.283 0.321 0.269 0.321 0.225 0.319 0.217 0.319 0.174 0.321 0.173 0.335 0.179 0.331 0.252 0.33 0.257 0.328 0.257 0.324 0.3
0 0.792 0.0 0.792 0.076 0.787 0.075 0.783 0.079 0.782 0.084 0.778 0.084 0.771 0.088 0.766 0.099 0.751 0.123 0.753 0.108 0.753 0.082 0.761 0.059 0.769 0.028 0.772 0.011 0.772 0.0
0 0.671 0.0 0.672 0.006 0.67 0.023 0.667 0.04 0.663 0.05 0.662 0.063 0.658 0.073 0.655 0.078 0.653 0.095 0.647 0.098 0.644 0.095 0.641 0.081 0.644 0.029 0.646 0.025 0.649 0.023 0.651 0.016 0.648 0.012 0.649 0.006 0.658 0.001 0.662 0.002 0.663 0.0
0 0.592 0.162 0.588 0.161 0.586 0.157 0.587 0.118 0.59 0.114 0.591 0.108 0.599 0.096 0.601 0.089 0.608 0.082 0.627 0.046 0.632 0.043 0.636 0.03 0.638 0.018 0.645 0.02 0.646 0.025 0.64 0.069 0.642 0.074 0.64 0.081 0.643 0.093 0.648 0.098 0.653 0.098 0.643 0.121 0.639 0.117 0.626 0.117 0.625 0.115 0.621 0.12 0.616 0.122 0.609 0.134 0.61 0.136 0.607 0.149 0.596 0.157 0.592 0.162
0 0.561 0.0 0.562 0.001 0.558 0.006 0.555 0.017 0.553 0.039 0.554 0.046 0.552 0.05 0.553 0.057 0.55 0.061 0.55 0.077 0.553 0.081 0.553 0.088 0.555 0.09 0.558 0.11 0.56 0.115 0.569 0.122 0.572 0.127 0.579 0.134 0.584 0.129 0.586 0.122 0.587 0.122 0.586 0.156 0.591 0.162 0.591 0.167 0.585 0.175 0.584 0.186 0.577 0.177 0.57 0.177 0.567 0.169 0.564 0.166 0.558 0.169 0.537 0.167 0.534 0.165 0.524 0.165 0.519 0.169 0.517 0.167 0.53 0.149 0.532 0.142 0.531 0.137 0.536 0.13 0.546 0.09 0.546 0.073 0.543 0.059 0.542 0.039 0.537 0.032 0.531 0.014 0.522 0.0
0 0.444 0.171 0.447 0.13 0.446 0.115 0.444 0.114 0.437 0.092 0.438 0.077 0.44 0.071 0.44 0.057 0.452 0.046 0.455 0.049 0.451 0.056 0.451 0.064 0.449 0.071 0.45 0.078 0.452 0.08 0.453 0.112 0.457 0.118 0.461 0.119 0.476 0.132 0.481 0.144 0.485 0.149 0.485 0.152 0.484 0.154 0.466 0.148 0.462 0.152 0.455 0.154 0.453 0.16 0.445 0.167 0.444 0.171
0 0.334 0.0 0.335 0.065 0.343 0.114 0.335 0.18 0.319 0.17 0.317 0.134 0.312 0.109 0.307 0.093 0.297 0.076 0.297 0.062 0.292 0.044 0.283 0.022 0.272 0.0
0 0.338 0.0 0.345 0.02 0.353 0.037 0.372 0.057 0.361 0.071 0.353 0.089 0.344 0.116 0.345 0.121 0.343 0.128 0.342 0.127 0.343 0.117 0.341 0.095 0.334 0.061 0.336 0.049 0.335 0.016 0.333 0.0
0 0.224 0.0 0.219 0.008 0.205 0.01 0.201 0.015 0.196 0.033 0.19 0.063 0.176 0.049 0.166 0.026 0.166 0.01 0.167 0.
