0 0.44 0.606 0.414 0.604 0.368 0.574 0.352 0.533 0.351 0.482 0.399 0.395 0.449 0.373 0.502 0.384 0.534 0.442 0.534 0.509 0.477 0.591 0.44 0.606
0 0.384 0.974 0.357 0.972 0.332 0.957 0.301 0.922 0.283 0.882 0.279 0.763 0.301 0.696 0.326 0.669 0.414 0.669 0.432 0.678 0.453 0.702 0.468 0.753 0.469 0.826 0.446 0.907 0.413 0.959 0.384 0.974
0 0.783 0.989 0.72 0.982 0.663 0.919 0.664 0.821 0.68 0.77 0.715 0.721 0.768 0.698 0.81 0.707 0.849 0.735 0.876 0.785 0.897 0.861 0.888 0.899 0.86 0.948 0.783 0.989
0 0.23 0.77 0.189 0.77 0.153 0.75 0.133 0.724 0.119 0.684 0.123 0.617 0.133 0.582 0.167 0.518 0.195 0.496 0.232 0.501 0.253 0.517 0.286 0.568 0.302 0.627 0.303 0.691 0.29 0.73 0.23 0.77
0 0.0 0.778 0.021 0.76 0.043 0.756 0.092 0.768 0.11 0.788 0.138 0.864 0.128 0.921 0.076 0.997 0.0 0.998
0 0.574 0.853 0.533 0.852 0.505 0.837 0.469 0.788 0.459 0.723 0.462 0.678 0.484 0.632 0.517 0.606 0.573 0.606 0.603 0.62 0.641 0.694 0.646 0.772 0.618 0.815 0.574 0.853
0 0.676 0.778 0.647 0.758 0.637 0.691 0.607 0.618 0.627 0.585 0.654 0.56 0.682 0.543 0.704 0.542 0.776 0.596 0.793 0.646 0.793 0.702 0.731 0.71 0.702 0.734 0.676 0.778
0 0.665 0.312 0.637 0.31 0.588 0.263 0.579 0.224 0.58 0.18 0.592 0.137 0.616 0.101 0.651 0.074 0.697 0.069 0.725 0.091 0.748 0.137 0.751 0.203 0.736 0.247 0.711 0.284 0.665 0.312
0 0.876 0.459 0.796 0.452 0.759 0.408 0.745 0.379 0.743 0.346 0.768 0.281 0.81 0.254 0.853 0.249 0.88 0.264 0.909 0.3 0.921 0.338 0.919 0.392 0.901 0.438 0.876 0.459
0 0.374 0.0 0.393 0.024 0.405 0.067 0.404 0.121 0.371 0.171 0.327 0.188 0.281 0.176 0.234 0.122 0.224 0.055 0.234 0.0
0 0.574 0.0 0.606 0.047 0.615 0.101 0.579 0.174 0.542 0.193 0.488 0.185 0.461 0.145 0.452 0.111 0.455 0.054 0.466 0.025 0.488 0.0
0 0.0 0.164 0.052 0.171 0.113 0.208 0.137 0.251 0.152 0.331 0.148 0.369 0.128 0.396 0.097 0.418 0.0 0.419
0 0.0 0.474 0.036 0.443 0.092 0.44 0.132 0.459 0.16 0.496 0.16 0.533 0.12 0.615 0.063 0.642 0.027 0.638 0.0 0.622
0 0.359 0.588 0.327 0.585 0.279 0.556 0.262 0.516 0.261 0.48 0.273 0.442 0.296 0.406 0.326 0.384 0.366 0.384 0.393 0.402 0.352 0.481 0.354 0.529 0.371 0.576 0.359 0.588
0 0.097 0.0 0.124 0.031 0.133 0.057 0.133 0.155 0.116 0.178 0.096 0.186 0.0 0.167
0 0.659 0.542 0.636 0.542 0.619 0.529 0.581 0.46 0.58 0.404 0.594 0.365 0.621 0.329 0.649 0.31 0.681 0.309 0.744 0.349 0.747 0.378 0.763 0.412 0.763 0.44 0.747 0.482 0.721 0.516 0.659 0.542
0 0.896 0.819 0.888 0.817 0.85 0.736 0.795 0.7 0.796 0.64 0.816 0.605 0.831 0.595 0.853 0.588 0.886 0.596 0.939 0.632 0.963 0.666 0.965 0.729 0.954 0.771 0.932 0.803 0.896 0.819
0 0.689 0.998 0.577 0.998 0.553 0.948 0.557 0.858 0.616 0.815 0.646 0.761 0.675 0.782 0.663 0.827 0.662 0.892 0.665 0.921 0.701 0.967 0.689 0.998
0 0.221 0.998 0.202 0.981 0.183 0.928 0.183 0.865 0.19 0.827 0.218 0.774 0.249 0.756 0.281 0.753 0.287 0.888 0.336 0.962 0.304 0.993 0.221 0.998
0 0.179 0.503 0.167 0.503 0.141 0.477 0.115 0.413 0.147 0.369 0.15 0.321 0.175 0.3 0.224 0.288 0.26 0.294 0.299 0.322 0.313 0.35 0.313 0.393 0.281 0.432 0.261 0.482 0.236 0.502 0.197 0.494 0.179 0.503
0 0.544 0.445 0.532 0.443 0.509 0.393 0.493 0.381 0.443 0.376 0.399 0.395 0.394 0.361 0.4 0.335 0.424 0.295 0.454 0.276 0.487 0.275 0.527 0.295 0.549 0.319 0.563 0.346 0.562 0.423 0.544 0.445
0 0.303 0.295 0.226 0.293 0.208 0.275 0.182 0.22 0.179 0.175 0.186 0.145 0.226 0.113 0.275 0.176 0.318 0.195 0.327 0.243 0.303 0.295
0 0.419 0.303 0.369 0.275 0.351 0.234 0.36 0.181 0.406 0.116 0.452 0.13 0.478 0.179 0.514 0.199 0.513 0.247 0.501 0.281 0.454 0.276 0.419 0.303
0 0.994 0.992 0.972 0.98 0.943 0.907 0.944 0.839 0.958 0.797 0.974 0.774 0.999 0.777 0.994 0.992
0 0.995 0.702 0.967 0.696 0.958 0.657 0.902 0.605 0.905 0.558 0.915 0.528 0.944 0.499 0.986 0.487 0.999 0.487 0.995 0.702
0 0.955 0.317 0.945 0.317 0.922 0.262 0.887 0.227 0.887 0.193 0.907 0.148 0.964 0.114 0.985 0.114 0.999 0.121 0.999 0.296 0.97 0.3 0.955 0.317
0 0.998 0.491 0.949 0.482 0.926 0.457 0.913 0.426 0.92 0.38 0.94 0.339 0.977 0.297 0.999 0.297 0.998 0.491
0 0.797 0.0 0.817 0.023 0.829 0.062 0.828 0.103 0.799 0.162 0.774 0.135 0.742 0.124 0.709 0.076 0.681 0.067 0.69 0.024 0.705 0.0
0 0.971 0.0 0.988 0.019 0.998 0.049 0.997 0.11 0.957 0.116 0.893 0.166 0.854 0.157 0.829 0.126 0.83 0.039 0.867 0.0
0 0.807 0.622 0.785 0.622 0.768 0.589 0.724 0.555 0.72 0.519 0.776 0.441 0.82 0.463 0.883 0.465 0.895 0.496 0.889 0.538 0.861 0.585 0.832 0.596 0.807 0.622
0 0.486 0.628 0.478 0.594 0.532 0.51 0.533 0.447 0.554 0.445 0.583 0.465 0.604 0.5 0.613 0.535 0.615 0.602 0.607 0.62 0.564 0.606 0.525 0.608 0.486 0.628
0 0.517 0.996 0.402 0.991 0.367 0.977 0.407 0.962 0.438 0.917 0.465 0.845 0.471 0.798 0.479 0.798 0.507 0.837 0.542 0.852 0.551 0.874 0.549 0.94 0.534 0.982 0.517 0.996
0 0.234 0.0 0.225 0.052 0.232 0.112 0.202 0.128 0.179 0.163 0.132 0.155 0.13 0.052 0.096 0.0
0 0.597 0.365 0.567 0.36 0.556 0.329 0.51 0.28 0.524 0.204 0.581 0.174 0.58 0.222 0.589 0.262 0.642 0.312 0.597 0.365
0 0.741 0.339 0.687 0.307 0.726 0.266 0.749 0.215 0.746 0.123 0.768 0.129 0.798 0.159 0.812 0.236 0.809 0.254 0.761 0.292 0.741 0.339
0 0.659 0.0 0.677 0.034 0.68 0.068 0.654 0.075 0.621 0.099 0.614 0.097 0.601 0.039 0.573 0.0
0 0.487 0.0 0.463 0.028 0.438 0.035 0.408 0.031 0.373 0.0
0 0.451 0.697 0.411 0.671 0.337 0.669 0.308 0.688 0.307 0.655 0.326 0.613 0.37 0.579 0.415 0.609 0.477 0.596 0.485 0.631 0.451 0.697
0 0.871 0.997 0.779 0.989 0.852 0.954 0.875 0.922 0.9 0.867 0.916 0.904 0.916 0.955 0.896 0.991 0.871 0.997
0 0.15 0.318 0.13 0.232 0.099 0.187 0.14 0.191 0.17 0.225 0.186 0.292 0.15 0.318
0 0.451 0.12 0.402 0.113 0.402 0.073 0.389 0.021 0.423 0.037 0.459 0.031 0.451 0.12
0 0.923 0.375 0.911 0.307 0.879 0.264 0.859 0.251 0.817 0.251 0.853 0.224 0.9 0.234 0.919 0.247 0.941 0.306 0.935 0.35 0.923 0.37
