0 0.46 0.865 0.436 0.863 0.413 0.856 0.393 0.847 0.372 0.828 0.36 0.809 0.348 0.777 0.344 0.755 0.343 0.736 0.347 0.706 0.354 0.678 0.364 0.655 0.378 0.634 0.397 0.618 0.396 0.616 0.426 0.602 0.453 0.597 0.462 0.592 0.465 0.596 0.481 0.6 0.5 0.61 0.514 0.622 0.522 0.634 0.534 0.664 0.541 0.721 0.533 0.793 0.522 0.822 0.506 0.844 0.494 0.854 0.476 0.862 0.46 0.865
0 0.666 0.546 0.638 0.543 0.623 0.537 0.613 0.528 0.605 0.511 0.595 0.481 0.589 0.452 0.589 0.439 0.592 0.418 0.596 0.408 0.615 0.381 0.639 0.363 0.654 0.358 0.67 0.356 0.678 0.358 0.688 0.364 0.721 0.403 0.734 0.428 0.737 0.44 0.738 0.455 0.735 0.474 0.728 0.489 0.714 0.514 0.7 0.532 0.687 0.544 0.666 0.546
0 0.772 0.33 0.749 0.321 0.738 0.314 0.724 0.31 0.709 0.293 0.7 0.258 0.7 0.235 0.702 0.221 0.713 0.195 0.732 0.169 0.744 0.161 0.755 0.157 0.772 0.156 0.782 0.158 0.793 0.164 0.805 0.173 0.824 0.202 0.829 0.215 0.831 0.234 0.831 0.246 0.828 0.268 0.814 0.296 0.797 0.317 0.772 0.33
0 0.636 0.282 0.61 0.28 0.589 0.271 0.575 0.262 0.564 0.249 0.56 0.24 0.554 0.207 0.555 0.195 0.559 0.178 0.572 0.155 0.607 0.125 0.634 0.116 0.656 0.12 0.665 0.126 0.673 0.135 0.685 0.17 0.688 0.194 0.688 0.226 0.678 0.25 0.651 0.278 0.636 0.282
0 0.609 0.0 0.619 0.017 0.627 0.039 0.634 0.028 0.639 0.033 0.628 0.045 0.636 0.077 0.634 0.099 0.628 0.117 0.61 0.124 0.58 0.147 0.562 0.141 0.549 0.124 0.545 0.104 0.54 0.092 0.538 0.069 0.542 0.047 0.55 0.029 0.561 0.012 0.575 0.0
0 0.415 0.226 0.401 0.224 0.386 0.219 0.376 0.205 0.364 0.182 0.357 0.151 0.357 0.136 0.366 0.106 0.387 0.069 0.396 0.059 0.406 0.052 0.426 0.048 0.444 0.056 0.463 0.081 0.477 0.117 0.48 0.137 0.48 0.156 0.474 0.176 0.446 0.188 0.436 0.2 0.428 0.221 0.415 0.226
0 0.314 0.366 0.296 0.366 0.286 0.35 0.27 0.336 0.254 0.328 0.233 0.324 0.226 0.309 0.219 0.282 0.22 0.254 0.229 0.228 0.256 0.201 0.27 0.192 0.285 0.185 0.309 0.185 0.321 0.189 0.332 0.197 0.351 0.222 0.359 0.249 0.361 0.291 0.365 0.294 0.365 0.301 0.363 0.303 0.359 0.301 0.353 0.319 0.338 0.346 0.332 0.353 0.315 0.36 0.311 0.364 0.314 0.366
0 0.334 0.634 0.323 0.633 0.304 0.625 0.291 0.612 0.268 0.582 0.257 0.563 0.25 0.544 0.247 0.531 0.247 0.513 0.255 0.481 0.27 0.45 0.289 0.426 0.309 0.412 0.324 0.406 0.34 0.402 0.367 0.406 0.38 0.412 0.39 0.422 0.399 0.435 0.41 0.456 0.42 0.496 0.421 0.527 0.419 0.543 0.415 0.566 0.408 0.587 0.389 0.614 0.378 0.624 0.368 0.63 0.356 0.632 0.347 0.63 0.334 0.634
0 0.231 0.523 0.198 0.52 0.177 0.509 0.162 0.496 0.149 0.48 0.143 0.467 0.135 0.441 0.133 0.425 0.137 0.4 0.141 0.385 0.163 0.356 0.176 0.344 0.191 0.334 0.207 0.328 0.232 0.324 0.26 0.33 0.273 0.338 0.285 0.348 0.3 0.373 0.31 0.411 0.282 0.434 0.271 0.449 0.254 0.484 0.246 0.522 0.231 0.523
0 0.512 0.499 0.482 0.492 0.462 0.479 0.434 0.447 0.426 0.427 0.424 0.395 0.427 0.379 0.43 0.345 0.443 0.322 0.456 0.31 0.491 0.298 0.527 0.302 0.543 0.308 0.556 0.318 0.569 0.332 0.576 0.348 0.58 0.368 0.58 0.382 0.577 0.412 0.571 0.443 0.562 0.462 0.55 0.482 0.531 0.495 0.512 0.499
0 0.442 0.322 0.433 0.311 0.427 0.294 0.423 0.276 0.427 0.231 0.435 0.202 0.45 0.185 0.479 0.176 0.502 0.175 0.518 0.186 0.534 0.207 0.542 0.228 0.546 0.246 0.546 0.278 0.538 0.305 0.513 0.299 0.49 0.3 0.464 0.308 0.442 0.32
