0 0.0 0.205 0.002 0.201 0.057 0.237 0.093 0.247 0.12 0.248 0.11 0.268 0.11 0.298 0.114 0.315 0.123 0.328 0.114 0.345 0.083 0.343 0.06 0.347 0.038 0.355 0.014 0.37 0.0 0.367
0 0.189 0.0 0.176 0.038 0.174 0.094 0.146 0.055 0.125 0.0
0 0.538 0.0 0.55 0.019 0.557 0.043 0.56 0.07 0.555 0.103 0.544 0.125 0.531 0.14 0.503 0.158 0.48 0.128 0.442 0.104 0.408 0.104 0.391 0.111 0.371 0.127 0.382 0.065 0.382 0.034 0.375 0.0
0 0.556 0.102 0.559 0.068 0.552 0.02 0.56 0.025 0.569 0.05 0.586 0.082 0.57 0.088 0.556 0.102
0 0.396 0.449 0.393 0.449 0.382 0.435 0.359 0.423 0.312 0.412 0.33 0.388 0.335 0.376 0.337 0.362 0.357 0.393 0.394 0.415 0.396 0.423 0.396 0.449
0 0.439 0.528 0.429 0.495 0.408 0.463 0.404 0.44 0.424 0.421 0.447 0.409 0.455 0.436 0.479 0.48 0.457 0.501 0.439 0.528
0 0.417 0.616 0.413 0.615 0.404 0.574 0.389 0.537 0.372 0.511 0.346 0.487 0.323 0.475 0.295 0.47 0.268 0.478 0.251 0.491 0.242 0.502 0.242 0.491 0.252 0.484 0.249 0.472 0.254 0.451 0.26 0.444 0.29 0.432 0.314 0.413 0.349 0.418 0.383 0.434 0.402 0.454 0.425 0.486 0.432 0.5 0.438 0.523 0.438 0.531 0.424 0.58 0.423 0.614 0.417 0.616
0 0.195 0.999 0.076 0.999 0.068 0.993 0.064 0.982 0.09 0.949 0.108 0.9 0.111 0.878 0.102 0.833 0.095 0.813 0.105 0.803 0.111 0.801 0.134 0.811 0.164 0.815 0.218 0.815 0.235 0.809 0.235 0.816 0.219 0.838 0.209 0.866 0.203 0.892 0.201 0.911 0.202 0.938 0.211 0.973 0.205 0.987 0.195 0.999
0 0.0 0.592 0.009 0.601 0.032 0.614 0.051 0.622 0.063 0.623 0.045 0.679 0.044 0.692 0.045 0.714 0.025 0.709 0.0 0.689
0 0.316 0.998 0.226 0.994 0.218 0.984 0.207 0.959 0.202 0.943 0.201 0.914 0.203 0.893 0.209 0.867 0.219 0.838 0.242 0.807 0.282 0.777 0.298 0.78 0.337 0.806 0.363 0.812 0.341 0.867 0.34 0.924 0.349 0.957 0.365 0.988 0.354 0.993 0.316 0.998
0 0.61 0.605 0.609 0.569 0.602 0.538 0.595 0.524 0.612 0.497 0.625 0.465 0.652 0.536 0.672 0.565 0.653 0.563 0.638 0.568 0.627 0.577 0.61 0.605
0 0.591 0.816 0.589 0.815 0.585 0.784 0.571 0.755 0.56 0.742 0.537 0.723 0.557 0.713 0.578 0.695 0.598 0.663 0.604 0.639 0.605 0.668 0.61 0.688 0.641 0.729 0.652 0.754 0.67 0.78 0.646 0.779 0.62 0.783 0.605 0.793 0.591 0.816
0 0.693 0.999 0.593 0.999 0.585 0.99 0.567 0.958 0.561 0.939 0.559 0.923 0.566 0.894 0.594 0.806 0.612 0.785 0.631 0.778 0.658 0.776 0.681 0.783 0.686 0.787 0.68 0.849 0.683 0.888 0.69 0.905 0.703 0.928 0.732 0.967 0.731 0.973 0.723 0.99 0.716 0.998 0.693 0.99
