0 0.279 0.97 0.275 0.97 0.27 0.966 0.26 0.965 0.253 0.958 0.25 0.937 0.246 0.931 0.245 0.924 0.235 0.916 0.229 0.905 0.226 0.881 0.231 0.858 0.242 0.837 0.282 0.778 0.331 0.723 0.345 0.712 0.363 0.694 0.442 0.631 0.47 0.603 0.514 0.566 0.546 0.543 0.578 0.523 0.613 0.508 0.63 0.508 0.667 0.546 0.681 0.563 0.715 0.591 0.714 0.597 0.667 0.641 0.657 0.656 0.631 0.678 0.597 0.699 0.533 0.731 0.511 0.746 0.488 0.757 0.433 0.802 0.387 0.847 0.366 0.878 0.347 0.9 0.328 0.916 0.313 0.925 0.301 0.942 0.297 0.957 0.292 0.964 0.287 0.967 0.279 0.97
0 0.999 0.799 0.994 0.799 0.978 0.792 0.952 0.773 0.92 0.755 0.842 0.692 0.828 0.679 0.761 0.631 0.733 0.607 0.72 0.594 0.69 0.571 0.638 0.519 0.629 0.507 0.61 0.49 0.582 0.455 0.578 0.445 0.575 0.442 0.574 0.429 0.573 0.429 0.569 0.364 0.573 0.361 0.575 0.356 0.583 0.35 0.582 0.347 0.587 0.342 0.597 0.341 0.607 0.348 0.611 0.348 0.624 0.345 0.629 0.342 0.645 0.337 0.698 0.337 0.714 0.342 0.72 0.348 0.721 0.352 0.734 0.358 0.742 0.366 0.756 0.376 0.772 0.392 0.789 0.405 0.795 0.414 0.811 0.431 0.859 0.471 0.94 0.531 0.999 0.567 0.999 0.799
0 0.237 0.845 0.232 0.844 0.227 0.841 0.208 0.836 0.195 0.821 0.18 0.811 0.168 0.785 0.166 0.763 0.172 0.743 0.18 0.725 0.202 0.688 0.228 0.646 0.268 0.596 0.29 0.571 0.324 0.54 0.37 0.504 0.4 0.484 0.413 0.474 0.429 0.465 0.467 0.449 0.487 0.444 0.51 0.441 0.539 0.441 0.554 0.444 0.567 0.449 0.584 0.459 0.597 0.475 0.602 0.495 0.599 0.513 0.556 0.537 0.527 0.557 0.51 0.566 0.494 0.571 0.443 0.619 0.327 0.717 0.311 0.734 0.288 0.766 0.279 0.784 0.254 0.817 0.237 0.845
0 0.0 0.508 0.008 0.509 0.011 0.518 0.022 0.532 0.034 0.541 0.046 0.544 0.058 0.552 0.072 0.567 0.096 0.619 0.175 0.735 0.166 0.767 0.168 0.783 0.18 0.809 0.19 0.818 0.195 0.821 0.207 0.835 0.207 0.839 0.202 0.848 0.193 0.86 0.169 0.878 0.156 0.884 0.138 0.888 0.107 0.89 0.085 0.886 0.06 0.876 0.04 0.861 0.021 0.836 0.015 0.833 0.011 0.827 0.004 0.832 0.003 0.835 0.0 0.824
0 0.243 0.628 0.239 0.621 0.237 0.602 0.22 0.545 0.205 0.51 0.2 0.487 0.2 0.478 0.204 0.465 0.202 0.461 0.203 0.439 0.2 0.432 0.206 0.426 0.203 0.423 0.204 0.417 0.201 0.413 0.204 0.409 0.211 0.409 0.219 0.403 0.224 0.404 0.222 0.409 0.228 0.416 0.233 0.415 0.246 0.408 0.257 0.407 0.256 0.411 0.249 0.416 0.255 0.421 0.267 0.421 0.273 0.425 0.285 0.444 0.305 0.46 0.317 0.478 0.331 0.531 0.33 0.535 0.289 0.573 0.243 0.628
0 0.0 0.478 0.038 0.486 0.077 0.497 0.109 0.503 0.161 0.52 0.188 0.525 0.214 0.535 0.224 0.556 0.238 0.605 0.239 0.627 0.231 0.633 0.23 0.638 0.222 0.639 0.158 0.631 0.125 0.623 0.096 0.613 0.089 0.605 0.069 0.562 0.06 0.553 0.046 0.544 0.034 0.539 0.021 0.529 0.013 0.518 0.011 0.509 0.0 0.503
0 0.334 0.533 0.331 0.53 0.324 0.496 0.317 0.477 0.309 0.464 0.284 0.442 0.28 0.429 0.256 0.389 0.247 0.36 0.249 0.339 0.259 0.323 0.253 0.311 0.252 0.297 0.257 0.292 0.26 0.285 0.297 0.271 0.305 0.264 0.309 0.264 0.318 0.27 0.322 0.285 0.337 0.304 0.355 0.308 0.368 0.314 0.39 0.335 0.407 0.362 0.424 0.395 0.449 0.432 0.457 0.448 0.454 0.454 0.413 0.475 0.366 0.506 0.334 0.533
0 0.863 0.472 0.838 0.454 0.808 0.428 0.794 0.414 0.79 0.407 0.777 0.398 0.739 0.365 0.721 0.354 0.719 0.345 0.713 0.34 0.698 0.333 0.675 0.334 0.666 0.337 0.658 0.337 0.643 0.334 0.632 0.337 0.623 0.345 0.614 0.347 0.608 0.345 0.605 0.341 0.591 0.33 0.574 0.301 0.571 0.293 0.571 0.284 0.579 0.248 0.588 0.236 0.606 0.223 0.633 0.217 0.654 0.216 0.671 0.219 0.686 0.226 0.724 0.269 0.739 0.29 0.754 0.316 0.774 0.337 0.781 0.342 0.825 0.358 0.851 0.37 0.861 0.378 0.882 0.4 0.9 0.41 0.902 0.414 0.913 0.42 0.911 0.426 0.904 0.431 0.905 0.441 0.903 0.445 0.893 0.45 0.885 0.449 0.876 0.452 0.874 0.454 0.876 0.459 0.874 0.464 0.863 0.472
0 0.756 1.0 0.448 1.0 0.419 0.956 0.386 0.918 0.365 0.88 0.366 0.875 0.39 0.842 0.437 0.797 0.479 0.766 0.488 0.757 0.52 0.739 0.529 0.74 0.553 0.752 0.578 0.775 0.604 0.805 0.623 0.832 0.648 0.86 0.668 0.878 0.727 0.952 0.741 0.974 0.749 0.991 0.756 1.0
0 0.77 0.946 0.762 0.945 0.729 0.945 0.72 0.943 0.681 0.893 0.679 0.889 0.649 0.861 0.632 0.84 0.632 0.837 0.644 0.829 0.665 0.819 0.694 0.811 0.708 0.811 0.735 0.807 0.743 0.81 0.765 0.808 0.824 0.808 0.868 0.82 0.87 0.823 0.883 0.833 0.905 0.859 0.909 0.878 0.905 0.889 0.905 0.903 0.903 0.911 0.878 0.932 0.854 0.941 0.835 0.943 0.798 0.942 0.77 0.946
0 0.753 0.816 0.737 0.813 0.732 0.81 0.722 0.794 0.718 0.782 0.71 0.767 0.693 0.751 0.683 0.745 0.677 0.733 0.674 0.719 0.671 0.675 0.674 0.635 0.717 0.592 0.73 0.601 0.765 0.631 0.826 0.676 0.84 0.689 0.839 0.706 0.832 0.734 0.817 0.753 0.809 0.759 0.8 0.763 0.805 0.783 0.81 0.796 0.81 0.807 0.809 0.808 0.787 0.809 0.753 0.816
0 0.519 0.192 0.494 0.192 0.464 0.187 0.42 0.184 0.413 0.182 0.356 0.179 0.347 0.177 0.293 0.177 0.272 0.174 0.165 0.171 0.123 0.164 0.091 0.154 0.067 0.144 0.048 0.132 0.033 0.12 0.018 0.101 0.012 0.089 0.009 0.069 0.012 0.053 0.017 0.045 0.032 0.03 0.041 0.024 0.054 0.018 0.07 0.014 0.092 0.011 0.129 0.012 0.194 0.023 0.258 0.04 0.274 0.042 0.282 0.046 0.308 0.051 0.334 0.052 0.34 0.054 0.378 0.058 0.446 0.059 0.462 0.062 0.477 0.069 0.53 0.076 0.555 0.094 0.58 0.104 0.618 0.11 0.653 0.11 0.655 0.129 0.646 0.15 0.622 0.16 0.599 0.179 0.587 0.184 0.579 0.184 0.577 0.187 0.569 0.187 0.568 0.189 0.556 0.19 0.554 0.192 0.519 0.192
0 0.895 0.0 0.892 0.002 0.9 0.009 0.911 0.027 0.913 0.041 0.911 0.053 0.906 0.064 0.891 0.083 0.881 0.091 0.874 0.093 0.862 0.1 0.84 0.104 0.814 0.106 0.794 0.109 0.645 0.112 0.607 0.11 0.579 0.105 0.556 0.096 0.533 0.08 0.511 0.057 0.505 0.022 0.505 0.011 0.508 0.0
0 0.231 0.0 0.238 0.001 0.252 0.008 0.259 0.013 0.264 0.02 0.276 0.028 0.285 0.032 0.302 0.048 0.319 0.05 0.301 0.05 0.301 0.048 0.289 0.048 0.27 0.041 0.257 0.041 0.245 0.036 0.198 0.024 0.156 0.016 0.156 0.012 0.166 0.004 0.176 0.0
0 0.0 0.147 0.016 0.16 0.045 0.194 0.065 0.23 0.068 0.241 0.07 0.244 0.093 0.286 0.132 0.371 0.131 0.389 0.111 0.474 0.112 0.489 0.115 0.496 0.113 0.504 0.075 0.498 0.044 0.489 0.037 0.485 0.03 0.473 0.015 0.43 0.0 0.403
0 0.48 0.068 0.476 0.068 0.467 0.064 0.444 0.059 0.395 0.059 0.364 0.056 0.37 0.048 0.388 0.037 0.408 0.032 0.421 0.032 0.437 0.035 0.455 0.043 0.475 0.058 0.481 0.067 0.48 0.068
0 0.023 0.0 0.041 0.007 0.056 0.018 0.041 0.025 0.033 0.03 0.017 0.046 0.012 0.055 0.01 0.062 0.011 0.082 0.02 0.103 0.039 0.125 0.064 0.142 0.087 0.153 0.136 0.167 0.14 0.171 0.151 0.242 0.153 0.301 0.15 0.32 0.144 0.33 0.136 0.365 0.132 0.372 0.102 0.306 0.047 0.199 0.023 0.167 0.0 0.147
0 0.519 0.075 0.509 0.075 0.5 0.071 0.509 0.05 0.513 0.051 0.522 0.065 0.522 0.073 0.519 0.075
0 0.981 0.0 0.985 0.001 0.989 0.004 0.998 0.004 0.999 0.006 1.0 0.189 0.998 0.22 0.992 0.216 0.965 0.17 0.949 0.131 0.932 0.105 0.923 0.082 0.922 0.057 0.926 0.044 0.915 0.039 0.908 0.019 0.914 0.015 0.929 0.01 0.945 0.0
0 0.999 0.276 0.975 0.26 0.888 0.187 0.892 0.178 0.905 0.163 0.928 0.147 0.952 0.137 0.965 0.167 0.985 0.204 0.991 0.216 0.999 0.224 0.999 0.276
0 0.887 0.186 0.878 0.179 0.85 0.152 0.831 0.139 0.823 0.135 0.802 0.13 0.775 0.128 0.775 0.121 0.78 0.119 0.788 0.108 0.817 0.104 0.834 0.105 0.862 0.099 0.876 0.088 0.884 0.086 0.896 0.075 0.909 0.058 0.913 0.042 0.929 0.042 0.922 0.076 0.93 0.1 0.942 0.12 0.934 0.145 0.905 0.163 0.887 0.186
0 0.938 0.858 0.91 0.855 0.897 0.851 0.877 0.83 0.861 0.82 0.832 0.811 0.81 0.807 0.811 0.799 0.807 0.791 0.809 0.788 0.806 0.787 0.805 0.785 0.799 0.763 0.816 0.753 0.832 0.733 0.84 0.69 0.921 0.753 0.962 0.777 0.981 0.791 0.993 0.792 1.0 0.797 1.0 0.84 0.988 0.846 0.965 0.854 0.952 0.857 0.938 0.858
0 0.634 0.832 0.624 0.83 0.619 0.826 0.62 0.813 0.617 0.806 0.599 0.8 0.578 0.776 0.553 0.752 0.525 0.738 0.524 0.736 0.611 0.69 0.64 0.671 0.659 0.653 0.662 0.653 0.666 0.669 0.672 0.678 0.674 0.717 0.682 0.74 0.68 0.746 0.68 0.752 0.708 0.785 0.701 0.812 0.694 0.812 0.669 0.819 0.652 0.827 0.634 0.832
0 0.174 0.736 0.098 0.622 0.092 0.609 0.095 0.611 0.12 0.621 0.134 0.622 0.158 0.629 0.199 0.637 0.219 0.638 0.222 0.64 0.229 0.64 0.231 0.642 0.231 0.645 0.225 0.648 0.226 0.651 0.222 0.654 0.222 0.656 0.214 0.663 0.216 0.666 0.209 0.674 0.174 0.736
0 0.999 1.0 0.786 1.0 0.784 0.998 0.801 0.974 0.826 0.946 0.872 0.933 0.888 0.923 0.899 0.912 0.905 0.903 0.907 0.893 0.907 0.881 0.903 0.86 0.92 0.86 0.921 0.86 0.915 0.859 0.918 0.857 0.937 0.858 0.956 0.856 0.986 0.847 0.999 0.84 0.999 1.0
0 0.999 0.432 0.999 0.426 0.995 0.421 0.986 0.423 0.975 0.43 0.956 0.43 0.929 0.424 0.904 0.414 0.887 0.402 0.846 0.365 0.818 0.335 0.795 0.318 0.789 0.311 0.775 0.303 0.771 0.295 0.731 0.268 0.706 0.247 0.695 0.232 0.691 0.222 0.689 0.199 0.695 0.176 0.701 0.16 0.714 0.147 0.726 0.14 0.746 0.132 0.772 0.128 0.799 0.13 0.823 0.135 0.829 0.138 0.851 0.152 0.879 0.18 0.918 0.214 0.952 0.239 0.971 0.256 0.999 0.276 0.999 0.432
0 0.691 0.228 0.671 0.217 0.668 0.219 0.652 0.216 0.617 0.218 0.599 0.227 0.598 0.215 0.597 0.214 0.595 0.217 0.594 0.214 0.596 0.212 0.598 0.212 0.601 0.205 0.608 0.174 0.622 0.161 0.644 0.152 0.648 0.148 0.655 0.128 0.654 0.116 0.656 0.111 0.719 0.11 0.728 0.119 0.733 0.135 0.713 0.149 0.699 0.165 0.691 0.185 0.692 0.188 0.688 0.201 0.688 0.214 0.694 0.222 0.694 0.225 0.691 0.228
0 0.958 0.541 0.932 0.525 0.879 0.486 0.875 0.474 0.876 0.471 0.881 0.467 0.883 0.467 0.885 0.461 0.878 0.45 0.887 0.448 0.894 0.448 0.903 0.445 0.918 0.446 0.937 0.455 0.952 0.467 0.965 0.487 0.968 0.514 0.97 0.521 0.958 0.54
