0 0.41 0.299 0.386 0.288 0.372 0.271 0.365 0.253 0.353 0.172 0.354 0.146 0.369 0.104 0.396 0.073 0.422 0.06 0.455 0.065 0.485 0.092 0.505 0.132 0.511 0.159 0.512 0.221 0.48 0.222 0.458 0.233 0.426 0.269 0.41 0.299
0 0.633 0.459 0.602 0.453 0.586 0.441 0.573 0.424 0.553 0.382 0.55 0.332 0.56 0.284 0.584 0.234 0.612 0.197 0.643 0.179 0.671 0.192 0.7 0.24 0.713 0.28 0.715 0.327 0.71 0.362 0.686 0.415 0.648 0.454 0.633 0.459
0 0.88 0.771 0.854 0.768 0.829 0.752 0.787 0.699 0.767 0.655 0.758 0.607 0.764 0.552 0.771 0.529 0.782 0.508 0.809 0.481 0.844 0.473 0.88 0.496 0.915 0.548 0.939 0.622 0.945 0.658 0.945 0.689 0.94 0.709 0.926 0.734 0.896 0.763 0.88 0.771
0 0.394 0.899 0.356 0.888 0.329 0.856 0.314 0.81 0.316 0.752 0.325 0.71 0.344 0.665 0.383 0.628 0.409 0.622 0.426 0.628 0.439 0.641 0.447 0.652 0.457 0.681 0.461 0.735 0.459 0.804 0.451 0.839 0.438 0.864 0.416 0.89 0.394 0.899
0 0.237 0.724 0.223 0.722 0.208 0.711 0.201 0.697 0.183 0.693 0.167 0.652 0.165 0.612 0.169 0.586 0.181 0.547 0.205 0.507 0.236 0.478 0.254 0.473 0.268 0.475 0.291 0.488 0.311 0.516 0.321 0.55 0.321 0.589 0.314 0.631 0.293 0.679 0.265 0.712 0.237 0.724
0 0.471 0.457 0.443 0.451 0.425 0.44 0.414 0.426 0.405 0.39 0.405 0.327 0.42 0.279 0.449 0.241 0.477 0.222 0.507 0.222 0.535 0.245 0.555 0.288 0.55 0.335 0.55 0.373 0.541 0.4 0.522 0.428 0.494 0.449 0.471 0.457
0 0.561 0.279 0.55 0.272 0.521 0.228 0.514 0.211 0.509 0.113 0.516 0.085 0.529 0.064 0.565 0.036 0.589 0.033 0.623 0.054 0.645 0.086 0.655 0.118 0.656 0.18 0.633 0.181 0.607 0.201 0.587 0.229 0.561 0.279
0 0.779 0.514 0.761 0.489 0.747 0.452 0.741 0.412 0.742 0.381 0.747 0.352 0.757 0.329 0.773 0.309 0.817 0.285 0.837 0.285 0.861 0.308 0.873 0.327 0.887 0.361 0.9 0.423 0.896 0.465 0.881 0.493 0.844 0.474 0.822 0.476 0.806 0.484 0.779 0.514
0 0.693 0.923 0.665 0.92 0.63 0.897 0.614 0.866 0.604 0.818 0.607 0.77 0.623 0.707 0.644 0.676 0.683 0.654 0.714 0.665 0.74 0.688 0.757 0.713 0.765 0.743 0.765 0.755 0.751 0.797 0.741 0.887 0.719 0.915 0.693 0.923
0 0.549 0.884 0.52 0.881 0.483 0.854 0.465 0.822 0.458 0.789 0.458 0.768 0.464 0.739 0.458 0.713 0.459 0.689 0.463 0.673 0.474 0.653 0.489 0.638 0.527 0.614 0.558 0.621 0.585 0.644 0.607 0.684 0.617 0.724 0.605 0.781 0.605 0.833 0.58 0.867 0.567 0.879 0.549 0.884
0 0.094 0.494 0.078 0.486 0.069 0.466 0.058 0.461 0.05 0.446 0.042 0.402 0.044 0.36 0.05 0.336 0.064 0.305 0.086 0.272 0.115 0.25 0.14 0.253 0.163 0.27 0.173 0.289 0.179 0.307 0.18 0.345 0.174 0.413 0.148 0.415 0.131 0.424 0.094 0.494
0 0.0 0.399 0.012 0.404 0.027 0.421 0.038 0.446 0.044 0.473 0.042 0.503 0.032 0.535 0.018 0.556 0.0 0.572
0 0.237 0.475 0.205 0.434 0.176 0.415 0.175 0.388 0.179 0.331 0.193 0.289 0.213 0.261 0.242 0.243 0.266 0.243 0.286 0.253 0.301 0.27 0.321 0.329 0.305 0.392 0.265 0.423 0.254 0.442 0.244 0.473 0.237 0.475
0 0.164 0.649 0.145 0.645 0.121 0.626 0.103 0.594 0.091 0.539 0.092 0.511 0.099 0.487 0.115 0.461 0.127 0.43 0.148 0.416 0.181 0.418 0.201 0.43 0.218 0.447 0.234 0.478 0.209 0.504 0.185 0.539 0.166 0.602 0.164 0.649
0 0.32 0.341 0.322 0.325 0.309 0.298 0.303 0.273 0.305 0.228 0.321 0.183 0.335 0.164 0.352 0.152 0.36 0.201 0.362 0.242 0.371 0.267 0.39 0.292 0.349 0.312 0.32 0.341
0 0.731 0.255 0.707 0.252 0.674 0.195 0.655 0.178 0.654 0.127 0.661 0.099 0.68 0.069 0.703 0.053 0.744 0.053 0.778 0.072 0.786 0.084 0.779 0.115 0.776 0.147 0.787 0.219 0.764 0.246 0.731 0.255
0 0.872 0.319 0.845 0.283 0.82 0.272 0.804 0.252 0.784 0.202 0.777 0.154 0.78 0.111 0.795 0.066 0.809 0.047 0.823 0.038 0.833 0.041 0.84 0.06 0.844 0.034 0.86 0.023 0.889 0.033 0.916 0.065 0.92 0.077 0.921 0.113 0.93 0.169 0.929 0.188 0.902 0.216 0.885 0.248 0.872 0.319
0 0.746 0.682 0.734 0.68 0.716 0.665 0.69 0.654 0.674 0.657 0.647 0.672 0.637 0.656 0.627 0.63 0.621 0.594 0.62 0.561 0.631 0.492 0.65 0.451 0.682 0.42 0.706 0.421 0.739 0.438 0.747 0.448 0.76 0.488 0.776 0.515 0.765 0.545 0.759 0.581 0.759 0.61 0.765 0.654 0.757 0.672 0.746 0.682
0 0.605 0.673 0.576 0.633 0.549 0.617 0.526 0.614 0.491 0.631 0.487 0.557 0.492 0.511 0.508 0.47 0.524 0.448 0.54 0.435 0.575 0.429 0.588 0.443 0.62 0.464 0.631 0.487 0.619 0.563 0.626 0.638 0.605 0.673
0 0.458 0.685 0.444 0.648 0.426 0.628 0.411 0.622 0.393 0.624 0.354 0.649 0.338 0.609 0.333 0.58 0.334 0.552 0.345 0.504 0.366 0.462 0.397 0.431 0.414 0.426 0.437 0.449 0.472 0.458 0.487 0.498 0.49 0.516 0.487 0.612 0.478 0.646 0.458 0.685
0 0.0 0.682 0.013 0.652 0.031 0.63 0.058 0.614 0.08 0.611 0.099 0.619 0.113 0.632 0.129 0.663 0.136 0.695 0.101 0.76 0.097 0.78 0.097 0.81 0.092 0.817 0.064 0.831 0.047 0.831 0.037 0.826 0.027 0.807 0.0 0.807
0 0.0 0.807 0.023 0.821 0.04 0.843 0.052 0.878 0.057 0.916 0.053 0.97 0.056 0.996 0.0 0.998
0 0.211 0.999 0.056 0.999 0.052 0.972 0.062 0.919 0.081 0.889 0.116 0.859 0.148 0.851 0.178 0.868 0.199 0.901 0.209 0.941 0.211 0.999
0 0.206 0.918 0.189 0.882 0.166 0.859 0.14 0.851 0.11 0.863 0.107 0.86 0.097 0.809 0.098 0.769 0.121 0.718 0.141 0.694 0.16 0.686 0.178 0.686 0.185 0.697 0.201 0.699 0.22 0.721 0.238 0.726 0.25 0.752 0.258 0.8 0.253 0.852 0.24 0.883 0.206 0.918
0 0.996 0.999 0.898 0.997 0.876 0.964 0.864 0.928 0.863 0.881 0.877 0.834 0.909 0.795 0.938 0.78 0.965 0.782 0.999 0.803 0.999 0.993 0.996 0.999
0 0.77 0.961 0.754 0.937 0.742 0.888 0.743 0.86 0.753 0.791 0.767 0.752 0.782 0.731 0.803 0.722 0.844 0.763 0.887 0.773 0.894 0.806 0.873 0.841 0.863 0.883 0.863 0.922 0.869 0.949 0.845 0.936 0.819 0.933 0.789 0.943 0.77 0.961
0 0.991 0.638 0.975 0.638 0.961 0.63 0.935 0.598 0.921 0.557 0.915 0.487 0.919 0.443 0.935 0.397 0.963 0.366 0.999 0.353 0.999 0.635 0.991 0.638
0 0.919 0.438 0.895 0.436 0.894 0.392 0.876 0.329 0.877 0.286 0.884 0.251 0.901 0.218 0.929 0.191 0.963 0.191 0.996 0.208 0.998 0.352 0.963 0.366 0.949 0.38 0.934 0.401 0.919 0.438
0 0.997 0.207 0.971 0.193 0.945 0.187 0.933 0.161 0.922 0.122 0.92 0.071 0.927 0.038 0.938 0.019 0.945 0.013 0.957 0.017 0.964 0.002 0.999 0.003 0.997 0.207
0 0.745 0.444 0.731 0.435 0.729 0.439 0.72 0.439 0.713 0.43 0.684 0.419 0.711 0.352 0.714 0.314 0.713 0.268 0.746 0.272 0.768 0.286 0.783 0.303 0.762 0.322 0.748 0.352 0.742 0.389 0.745 0.444
0 0.346 0.494 0.308 0.434 0.304 0.396 0.31 0.366 0.323 0.337 0.353 0.31 0.383 0.296 0.408 0.298 0.41 0.303 0.404 0.342 0.404 0.383 0.41 0.423 0.374 0.451 0.346 0.494
0 0.322 0.592 0.32 0.546 0.313 0.522 0.303 0.503 0.277 0.479 0.245 0.475 0.25 0.452 0.262 0.426 0.301 0.395 0.305 0.396 0.319 0.45 0.346 0.496 0.334 0.541 0.33 0.581 0.322 0.592
0 0.376 0.997 0.219 0.996 0.218 0.99 0.226 0.926 0.247 0.878 0.279 0.839 0.297 0.826 0.315 0.82 0.332 0.858 0.349 0.881 0.397 0.901 0.4 0.945 0.385 0.995 0.376 0.997
0 0.556 0.997 0.385 0.994 0.397 0.949 0.4 0.924 0.411 0.9 0.446 0.867 0.476 0.862 0.52 0.882 0.54 0.906 0.555 0.951 0.556 0.997
0 0.715 0.998 0.554 0.998 0.563 0.968 0.583 0.942 0.611 0.929 0.64 0.927 0.664 0.935 0.69 0.953 0.705 0.974 0.715 0.998
0 0.891 0.996 0.719 0.994 0.728 0.972 0.751 0.943 0.757 0.943 0.77 0.96 0.795 0.94 0.826 0.933 0.846 0.937 0.866 0.95 0.899 0.994 0.891 0.996
0 0.894 0.808 0.885 0.77 0.926 0.732 0.943 0.693 0.944 0.65 0.934 0.596 0.951 0.619 0.967 0.633 0.982 0.638 0.998 0.636 0.999 0.801 0.974 0.785 0.943 0.778 0.918 0.787 0.894 0.808
0 0.268 0.842 0.26 0.842 0.256 0.837 0.263 0.805 0.259 0.805 0.251 0.759 0.261 0.717 0.282 0.696 0.304 0.664 0.329 0.653 0.351 0.653 0.333 0.686 0.319 0.729 0.316 0.754 0.314 0.815 0.268 0.842
0 0.7 0.951 0.639 0.926 0.612 0.928 0.58 0.939 0.567 0.916 0.566 0.885 0.605 0.833 0.621 0.882 0.631 0.898 0.646 0.91 0.68 0.923 0.707 0.921 0.727 0.912 0.717 0.936 0.7 0.951
0 0.322 0.658 0.318 0.657 0.316 0.615 0.321 0.596 0.332 0.577 0.34 0.618 0.354 0.652 0.322 0.658
0 0.787 0.304 0.754 0.276 0.753 0.259 0.788 0.222 0.811 0.262 0.835 0.282 0.814 0.285 0.787 0.304
0 0.556 0.295 0.554 0.285 0.559 0.283 0.556 0.29
