0 0.476 0.663 0.46 0.663 0.439 0.658 0.423 0.648 0.413 0.637 0.401 0.616 0.397 0.604 0.394 0.586 0.396 0.563 0.373 0.541 0.357 0.518 0.343 0.487 0.335 0.457 0.336 0.425 0.341 0.398 0.35 0.372 0.363 0.349 0.377 0.332 0.395 0.317 0.417 0.306 0.437 0.3 0.468 0.302 0.481 0.307 0.499 0.317 0.52 0.337 0.556 0.385 0.59 0.445 0.597 0.468 0.602 0.495 0.601 0.529 0.592 0.563 0.58 0.59 0.563 0.614 0.544 0.634 0.524 0.649 0.495 0.66 0.476 0.663
0 0.631 0.998 0.468 0.998 0.453 0.974 0.43 0.92 0.419 0.881 0.415 0.847 0.413 0.803 0.421 0.758 0.43 0.73 0.445 0.699 0.468 0.669 0.478 0.662 0.495 0.659 0.538 0.644 0.568 0.644 0.589 0.653 0.62 0.671 0.652 0.704 0.67 0.733 0.684 0.771 0.693 0.806 0.696 0.832 0.693 0.878 0.684 0.917 0.674 0.942 0.65 0.979 0.631 0.998
0 0.261 0.882 0.231 0.875 0.201 0.853 0.181 0.852 0.166 0.848 0.129 0.824 0.115 0.807 0.101 0.78 0.084 0.739 0.076 0.707 0.075 0.661 0.08 0.619 0.089 0.588 0.108 0.544 0.121 0.523 0.137 0.503 0.165 0.477 0.201 0.457 0.218 0.453 0.246 0.452 0.272 0.458 0.293 0.466 0.3 0.464 0.347 0.497 0.367 0.532 0.395 0.561 0.394 0.584 0.396 0.601 0.399 0.614 0.408 0.63 0.411 0.645 0.412 0.697 0.408 0.721 0.395 0.762 0.377 0.799 0.344 0.839 0.316 0.863 0.276 0.88 0.261 0.882
0 0.218 0.365 0.194 0.363 0.173 0.354 0.136 0.33 0.113 0.311 0.089 0.278 0.079 0.261 0.068 0.244 0.06 0.228 0.052 0.201 0.048 0.164 0.054 0.123 0.069 0.078 0.089 0.047 0.11 0.025 0.122 0.015 0.144 0.003 0.222 0.003 0.257 0.025 0.284 0.051 0.302 0.077 0.327 0.126 0.337 0.157 0.34 0.175 0.338 0.213 0.331 0.26 0.318 0.293 0.292 0.332 0.276 0.346 0.242 0.361 0.218 0.365
0 0.565 0.376 0.542 0.367 0.514 0.332 0.494 0.315 0.476 0.306 0.449 0.3 0.444 0.264 0.444 0.231 0.448 0.205 0.456 0.177 0.467 0.153 0.484 0.13 0.498 0.116 0.52 0.102 0.546 0.094 0.575 0.094 0.593 0.099 0.609 0.107 0.631 0.124 0.646 0.141 0.656 0.158 0.669 0.19 0.676 0.225 0.674 0.284 0.665 0.322 0.652 0.347 0.636 0.364 0.625 0.369 0.6 0.37 0.583 0.364 0.565 0.376
0 0.541 0.0 0.552 0.05 0.551 0.058 0.546 0.068 0.525 0.097 0.497 0.117 0.486 0.128 0.464 0.156 0.457 0.171 0.449 0.174 0.424 0.172 0.402 0.165 0.377 0.147 0.351 0.114 0.34 0.093 0.333 0.065 0.325 0.0
0 0.791 0.0 0.781 0.045 0.76 0.101 0.725 0.138 0.694 0.154 0.681 0.158 0.668 0.157 0.664 0.152 0.656 0.147 0.643 0.131 0.609 0.106 0.571 0.092 0.561 0.073 0.549 0.039 0.541 0.0
0 0.906 0.0 0.922 0.049 0.922 0.072 0.911 0.121 0.906 0.134 0.891 0.161 0.868 0.185 0.864 0.186 0.862 0.181 0.824 0.193 0.795 0.208 0.781 0.225 0.777 0.227 0.771 0.223 0.765 0.214 0.755 0.206 0.742 0.199 0.731 0.184 0.72 0.176 0.71 0.158 0.709 0.151 0.711 0.147 0.731 0.132 0.756 0.103 0.77 0.073 0.781 0.043 0.791 0.0
0 0.928 0.512 0.893 0.508 0.863 0.511 0.812 0.48 0.791 0.46 0.784 0.449 0.769 0.439 0.76 0.427 0.746 0.397 0.738 0.371 0.739 0.33 0.744 0.308 0.764 0.258 0.782 0.225 0.796 0.208 0.824 0.192 0.844 0.185 0.862 0.182 0.904 0.185 0.925 0.192 0.944 0.203 0.982 0.232 0.997 0.251 0.997 0.463 0.981 0.483 0.966 0.497 0.944 0.508 0.928 0.512
0 1.0 0.254 0.981 0.231 0.952 0.208 0.945 0.193 0.944 0.187 0.945 0.15 0.956 0.109 0.978 0.056 1.0 0.032 1.0 0.254
0 0.661 0.653 0.609 0.65 0.588 0.638 0.565 0.616 0.567 0.609 0.582 0.586 0.592 0.562 0.602 0.516 0.602 0.49 0.594 0.457 0.559 0.391 0.56 0.383 0.565 0.375 0.58 0.364 0.585 0.362 0.602 0.368 0.623 0.367 0.632 0.363 0.656 0.345 0.674 0.346 0.704 0.354 0.725 0.368 0.738 0.383 0.758 0.425 0.764 0.443 0.767 0.457 0.767 0.531 0.759 0.558 0.744 0.592 0.725 0.62 0.712 0.632 0.678 0.65 0.661 0.653
0 0.736 0.374 0.722 0.363 0.701 0.352 0.655 0.344 0.664 0.322 0.673 0.283 0.676 0.254 0.675 0.209 0.683 0.202 0.703 0.196 0.727 0.199 0.744 0.198 0.764 0.208 0.777 0.227 0.776 0.236 0.763 0.258 0.745 0.3 0.739 0.329 0.739 0.364 0.738 0.372 0.736 0.374
0 0.888 0.827 0.866 0.826 0.849 0.82 0.835 0.809 0.826 0.799 0.777 0.719 0.77 0.693 0.766 0.655 0.767 0.633 0.771 0.601 0.782 0.575 0.796 0.553 0.808 0.542 0.842 0.52 0.873 0.509 0.894 0.507 0.906 0.508 0.948 0.52 0.974 0.537 0.999 0.563 0.999 0.796 0.981 0.813 0.968 0.82 0.93 0.826 0.888 0.827
0 0.778 0.998 0.633 0.998 0.658 0.968 0.679 0.931 0.691 0.89 0.695 0.852 0.694 0.812 0.689 0.785 0.67 0.733 0.657 0.711 0.647 0.699 0.649 0.694 0.674 0.686 0.698 0.685 0.723 0.69 0.739 0.698 0.759 0.709 0.781 0.732 0.8 0.755 0.814 0.78 0.827 0.817 0.832 0.842 0.834 0.896 0.831 0.924 0.826 0.945 0.811 0.973 0.8 0.984 0.778 0.99
