0 0.819 0.418 0.768 0.413 0.748 0.408 0.729 0.4 0.711 0.385 0.699 0.372 0.684 0.34 0.678 0.318 0.675 0.296 0.675 0.271 0.682 0.243 0.691 0.219 0.703 0.196 0.716 0.18 0.735 0.163 0.757 0.151 0.801 0.145 0.843 0.157 0.872 0.178 0.884 0.19 0.902 0.214 0.904 0.221 0.911 0.232 0.915 0.272 0.914 0.308 0.91 0.329 0.899 0.358 0.887 0.378 0.872 0.394 0.844 0.412 0.819 0.418
0 0.939 0.294 0.921 0.293 0.915 0.29 0.913 0.248 0.91 0.232 0.902 0.219 0.901 0.214 0.882 0.188 0.854 0.164 0.865 0.14 0.871 0.132 0.896 0.113 0.912 0.109 0.923 0.109 0.951 0.118 0.965 0.128 0.983 0.146 0.993 0.158 1.0 0.171 1.0 0.233 0.997 0.242 0.986 0.263 0.971 0.278 0.953 0.29 0.939 0.294
0 0.999 0.0 0.998 0.165 0.965 0.128 0.947 0.116 0.928 0.109 0.921 0.082 0.918 0.058 0.921 0.024 0.927 0.0
0 0.858 0.155 0.856 0.153 0.853 0.111 0.845 0.087 0.835 0.067 0.815 0.049 0.803 0.043 0.79 0.041 0.792 0.035 0.812 0.0 0.927 0.0 0.921 0.022 0.918 0.062 0.921 0.084 0.928 0.109 0.904 0.11 0.883 0.12 0.869 0.134 0.858 0.155
0 0.69 0.219 0.686 0.209 0.684 0.186 0.697 0.131 0.698 0.111 0.705 0.092 0.725 0.067 0.742 0.053 0.759 0.045 0.777 0.042 0.794 0.042 0.807 0.045 0.819 0.052 0.837 0.071 0.851 0.101 0.854 0.111 0.856 0.146 0.854 0.164 0.836 0.154 0.81 0.146 0.795 0.145 0.757 0.151 0.737 0.161 0.723 0.171 0.704 0.194 0.69 0.219
0 0.814 0.536 0.806 0.495 0.797 0.473 0.781 0.449 0.757 0.432 0.757 0.409 0.789 0.417 0.816 0.418 0.849 0.408 0.875 0.389 0.892 0.368 0.902 0.35 0.91 0.328 0.915 0.293 0.931 0.304 0.942 0.318 0.95 0.332 0.96 0.36 0.963 0.375 0.966 0.404 0.966 0.427 0.962 0.449 0.953 0.473 0.94 0.492 0.926 0.485 0.905 0.481 0.877 0.482 0.857 0.488 0.83 0.512 0.814 0.536
0 0.903 0.728 0.884 0.724 0.865 0.714 0.852 0.705 0.835 0.686 0.828 0.677 0.817 0.653 0.808 0.632 0.805 0.618 0.805 0.569 0.808 0.553 0.815 0.536 0.83 0.512 0.853 0.49 0.871 0.483 0.903 0.481 0.925 0.485 0.941 0.493 0.958 0.508 0.974 0.529 0.985 0.552 0.991 0.566 0.999 0.598 0.999 0.647 0.995 0.666 0.987 0.682 0.97 0.7 0.924 0.714 0.903 0.728
0 1.0 0.999 0.955 0.999 0.933 0.983 0.916 0.967 0.891 0.936 0.866 0.884 0.859 0.845 0.858 0.812 0.86 0.799 0.874 0.761 0.884 0.746 0.901 0.727 0.903 0.729 0.899 0.739 0.901 0.742 0.905 0.743 0.969 0.708 0.981 0.707 1.0 0.711 1.0 0.999
0 0.958 1.0 0.807 1.0 0.798 0.967 0.796 0.921 0.8 0.897 0.812 0.869 0.833 0.843 0.855 0.833 0.857 0.829 0.86 0.857 0.866 0.883 0.884 0.923 0.917 0.968 0.931 0.981 0.952 0.993 0.958 1.0
0 0.808 0.839 0.769 0.834 0.747 0.823 0.737 0.815 0.726 0.798 0.721 0.798 0.718 0.794 0.707 0.77 0.703 0.752 0.703 0.732 0.71 0.698 0.717 0.682 0.724 0.671 0.748 0.651 0.771 0.643 0.796 0.642 0.813 0.644 0.828 0.675 0.835 0.686 0.858 0.709 0.886 0.725 0.886 0.744 0.874 0.762 0.864 0.785 0.86 0.798 0.858 0.825 0.849 0.832 0.838 0.836 0.808 0.83
