0 0.522 0.491 0.494 0.486 0.473 0.472 0.452 0.447 0.437 0.419 0.43 0.392 0.419 0.311 0.419 0.292 0.424 0.275 0.427 0.252 0.433 0.239 0.45 0.22 0.471 0.207 0.493 0.2 0.534 0.192 0.575 0.189 0.603 0.192 0.627 0.201 0.64 0.211 0.65 0.224 0.672 0.261 0.675 0.283 0.675 0.313 0.67 0.346 0.664 0.365 0.654 0.388 0.643 0.405 0.627 0.425 0.605 0.447 0.575 0.47 0.559 0.479 0.543 0.486 0.522 0.491
0 0.11 0.431 0.106 0.427 0.105 0.429 0.108 0.384 0.126 0.344 0.14 0.33 0.149 0.325 0.163 0.337 0.141 0.359 0.13 0.375 0.116 0.403 0.11 0.431
0 0.389 0.745 0.373 0.745 0.355 0.74 0.343 0.729 0.336 0.718 0.313 0.661 0.305 0.63 0.299 0.598 0.298 0.568 0.301 0.554 0.309 0.533 0.327 0.506 0.363 0.501 0.383 0.485 0.389 0.483 0.43 0.484 0.457 0.493 0.472 0.502 0.486 0.516 0.497 0.533 0.508 0.554 0.51 0.567 0.51 0.587 0.506 0.627 0.497 0.65 0.486 0.67 0.46 0.704 0.427 0.732 0.405 0.742 0.389 0.745
0 0.587 0.869 0.558 0.868 0.545 0.865 0.531 0.858 0.513 0.842 0.503 0.829 0.493 0.802 0.488 0.776 0.486 0.753 0.488 0.729 0.494 0.707 0.506 0.676 0.523 0.647 0.537 0.629 0.553 0.615 0.576 0.604 0.595 0.601 0.62 0.61 0.658 0.648 0.67 0.67 0.686 0.719 0.69 0.739 0.691 0.76 0.689 0.779 0.683 0.797 0.673 0.815 0.656 0.839 0.625 0.859 0.606 0.866 0.587 0.869
0 0.323 0.995 0.288 0.99 0.274 0.983 0.261 0.973 0.251 0.957 0.242 0.938 0.236 0.913 0.235 0.892 0.238 0.861 0.245 0.831 0.256 0.805 0.265 0.79 0.274 0.763 0.279 0.753 0.291 0.74 0.306 0.732 0.318 0.728 0.335 0.728 0.345 0.73 0.356 0.739 0.379 0.747 0.388 0.752 0.405 0.767 0.418 0.784 0.445 0.826 0.451 0.86 0.452 0.887 0.443 0.918 0.434 0.94 0.421 0.96 0.408 0.973 0.394 0.982 0.373 0.989 0.323 0.995
0 0.148 0.931 0.131 0.93 0.116 0.923 0.098 0.91 0.087 0.894 0.079 0.872 0.071 0.831 0.067 0.796 0.068 0.772 0.072 0.746 0.082 0.713 0.09 0.695 0.099 0.681 0.113 0.667 0.131 0.654 0.151 0.647 0.173 0.647 0.192 0.655 0.237 0.683 0.249 0.694 0.259 0.71 0.264 0.725 0.267 0.744 0.267 0.764 0.262 0.791 0.256 0.803 0.238 0.848 0.216 0.882 0.207 0.894 0.183 0.917 0.165 0.927 0.148 0.931
0 0.919 0.534 0.901 0.533 0.88 0.525 0.862 0.51 0.845 0.489 0.828 0.459 0.814 0.423 0.802 0.367 0.798 0.333 0.797 0.295 0.8 0.271 0.805 0.249 0.814 0.222 0.831 0.188 0.839 0.178 0.847 0.173 0.882 0.158 0.901 0.154 0.919 0.155 0.946 0.164 0.965 0.173 1.0 0.197 1.0 0.51 0.966 0.526 0.919 0.534
0 0.927 0.739 0.912 0.738 0.89 0.731 0.872 0.722 0.856 0.71 0.824 0.675 0.801 0.643 0.785 0.616 0.775 0.579 0.774 0.559 0.776 0.54 0.783 0.518 0.783 0.509 0.799 0.488 0.813 0.474 0.831 0.465 0.844 0.487 0.863 0.509 0.88 0.524 0.897 0.531 0.918 0.533 0.966 0.526 0.999 0.51 1.0 0.693 0.965 0.726 0.947 0.735 0.927 0.739
0 0.232 0.592 0.212 0.59 0.195 0.585 0.18 0.576 0.159 0.557 0.128 0.511 0.119 0.492 0.113 0.467 0.11 0.442 0.112 0.421 0.116 0.403 0.123 0.388 0.137 0.363 0.152 0.346 0.168 0.334 0.188 0.325 0.194 0.351 0.203 0.37 0.225 0.408 0.247 0.441 0.263 0.463 0.282 0.483 0.312 0.503 0.307 0.522 0.3 0.54 0.279 0.571 0.254 0.586 0.232 0.592
0 0.374 0.0 0.377 0.043 0.372 0.084 0.361 0.121 0.347 0.151 0.328 0.173 0.297 0.172 0.283 0.176 0.251 0.197 0.227 0.209 0.208 0.201 0.18 0.181 0.157 0.158 0.145 0.139 0.13 0.106 0.123 0.083 0.118 0.048 0.115 0.0
0 0.684 0.652 0.67 0.65 0.653 0.642 0.618 0.606 0.602 0.581 0.593 0.562 0.582 0.526 0.578 0.496 0.578 0.466 0.626 0.424 0.644 0.401 0.661 0.372 0.7 0.386 0.729 0.407 0.754 0.436 0.77 0.462 0.78 0.481 0.785 0.502 0.775 0.541 0.773 0.573 0.759 0.597 0.742 0.618 0.724 0.634 0.698 0.648 0.684 0.65
