0 0.876 0.993 0.829 0.993 0.826 0.988 0.83 0.981 0.827 0.977 0.812 0.972 0.81 0.968 0.801 0.967 0.796 0.959 0.781 0.957 0.763 0.949 0.741 0.931 0.72 0.908 0.702 0.897 0.686 0.878 0.683 0.869 0.675 0.86 0.647 0.82 0.631 0.79 0.61 0.765 0.602 0.747 0.542 0.681 0.512 0.634 0.501 0.611 0.497 0.587 0.498 0.558 0.503 0.513 0.525 0.483 0.555 0.439 0.569 0.431 0.595 0.43 0.615 0.44 0.625 0.44 0.631 0.444 0.643 0.445 0.657 0.454 0.673 0.459 0.692 0.477 0.74 0.531 0.752 0.541 0.758 0.542 0.779 0.563 0.791 0.569 0.812 0.586 0.822 0.598 0.84 0.611 0.862 0.635 0.879 0.664 0.896 0.701 0.914 0.726 0.914 0.739 0.926 0.777 0.94 0.784 0.948 0.801 0.956 0.803 0.966 0.793 0.971 0.792 0.974 0.784 0.976 0.784 0.98 0.809 0.979 0.817 0.987 0.831 0.989 0.839 0.988 0.847 0.983 0.853 0.972 0.836 0.961 0.831 0.954 0.834 0.951 0.84 0.937 0.84 0.935 0.853 0.929 0.855 0.921 0.882 0.924 0.883 0.93 0.878 0.936 0.878 0.938 0.881 0.938 0.891 0.934 0.905 0.916 0.909 0.911 0.918 0.915 0.947 0.914 0.956 0.909 0.956 0.903 0.939 0.905 0.92 0.896 0.919 0.892 0.937 0.895 0.942 0.895 0.952 0.89 0.959 0.893 0.973 0.884 0.984 0.877 0.979 0.875 0.986 0.876 0.993
0 0.0 0.179 0.011 0.165 0.02 0.146 0.084 0.087 0.127 0.035 0.164 0.0
0 0.678 0.454 0.651 0.451 0.63 0.445 0.622 0.436 0.61 0.431 0.584 0.431 0.577 0.424 0.573 0.424 0.569 0.43 0.562 0.431 0.557 0.425 0.555 0.418 0.547 0.407 0.544 0.395 0.542 0.37 0.542 0.345 0.545 0.337 0.548 0.297 0.558 0.255 0.559 0.239 0.566 0.212 0.573 0.2 0.589 0.196 0.606 0.196 0.644 0.181 0.676 0.184 0.718 0.178 0.755 0.177 0.841 0.161 0.905 0.158 0.927 0.161 0.967 0.179 0.984 0.191 1.0 0.208 1.0 0.357 0.982 0.388 0.967 0.407 0.939 0.425 0.927 0.429 0.918 0.428 0.914 0.425 0.852 0.428 0.829 0.435 0.785 0.438 0.763 0.443 0.697 0.446 0.678 0.454
0 0.0 0.684 0.006 0.681 0.012 0.684 0.017 0.679 0.041 0.67 0.064 0.652 0.095 0.652 0.107 0.661 0.156 0.667 0.209 0.667 0.248 0.669 0.269 0.667 0.298 0.669 0.327 0.68 0.344 0.683 0.358 0.689 0.412 0.737 0.419 0.748 0.427 0.803 0.426 0.826 0.421 0.857 0.409 0.891 0.4 0.91 0.384 0.937 0.373 0.949 0.354 0.96 0.337 0.966 0.298 0.964 0.286 0.965 0.274 0.962 0.258 0.962 0.241 0.955 0.22 0.954 0.206 0.956 0.188 0.95 0.171 0.949 0.159 0.945 0.135 0.946 0.125 0.943 0.094 0.928 0.075 0.926 0.056 0.919 0.042 0.91 0.02 0.892 0.0 0.862
0 0.329 0.67 0.279 0.667 0.258 0.667 0.249 0.669 0.12 0.668 0.1 0.664 0.083 0.655 0.077 0.649 0.066 0.644 0.061 0.637 0.049 0.627 0.008 0.626 0.001 0.624 0.001 0.577 0.005 0.573 0.015 0.57 0.02 0.563 0.021 0.545 0.017 0.542 0.017 0.521 0.02 0.479 0.042 0.443 0.055 0.437 0.056 0.432 0.066 0.427 0.075 0.416 0.121 0.401 0.125 0.398 0.15 0.394 0.172 0.394 0.177 0.4 0.182 0.401 0.224 0.408 0.279 0.409 0.298 0.415 0.351 0.415 0.412 0.43 0.44 0.442 0.457 0.463 0.463 0.484 0.476 0.506 0.476 0.523 0.468 0.59 0.464 0.611 0.447 0.638 0.428 0.66 0.421 0.664 0.409 0.667 0.329 0.67
0 0.481 0.791 0.477 0.789 0.464 0.791 0.45 0.789 0.437 0.783 0.423 0.769 0.415 0.741 0.403 0.732 0.4 0.726 0.396 0.725 0.38 0.712 0.371 0.701 0.353 0.687 0.321 0.679 0.304 0.673 0.3 0.67 0.38 0.668 0.409 0.667 0.42 0.664 0.429 0.659 0.461 0.618 0.466 0.607 0.469 0.584 0.481 0.586 0.498 0.594 0.504 0.618 0.516 0.64 0.545 0.682 0.546 0.696 0.541 0.722 0.541 0.748 0.538 0.755 0.522 0.774 0.481 0.791
0 0.514 0.361 0.46 0.356 0.416 0.343 0.397 0.342 0.377 0.336 0.352 0.336 0.331 0.327 0.309 0.323 0.303 0.318 0.295 0.322 0.284 0.322 0.266 0.31 0.262 0.312 0.259 0.322 0.256 0.322 0.252 0.316 0.246 0.316 0.239 0.309 0.233 0.309 0.227 0.304 0.214 0.301 0.212 0.296 0.221 0.28 0.237 0.268 0.252 0.248 0.295 0.211 0.3 0.204 0.311 0.182 0.319 0.176 0.323 0.167 0.324 0.14 0.331 0.133 0.338 0.137 0.338 0.135 0.337 0.119 0.331 0.101 0.331 0.096 0.435 0.128 0.468 0.133 0.485 0.131 0.502 0.134 0.508 0.139 0.514 0.14 0.52 0.148 0.537 0.15 0.565 0.165 0.572 0.17 0.578 0.183 0.579 0.197 0.573 0.207 0.568 0.227 0.56 0.279 0.554 0.285 0.551 0.292 0.547 0.314 0.546 0.336 0.542 0.342 0.542 0.351 0.536 0.356 0.53 0.357 0.525 0.355 0.514 0.361
0 0.475 0.541 0.477 0.507 0.463 0.486 0.456 0.463 0.444 0.447 0.426 0.437 0.4 0.428 0.347 0.417 0.235 0.409 0.199 0.403 0.171 0.394 0.138 0.396 0.126 0.399 0.106 0.409 0.102 0.405 0.098 0.397 0.096 0.382 0.125 0.384 0.132 0.377 0.154 0.365 0.184 0.341 0.22 0.304 0.225 0.309 0.234 0.311 0.239 0.308 0.245 0.317 0.253 0.316 0.256 0.322 0.259 0.323 0.263 0.307 0.27 0.304 0.273 0.308 0.273 0.313 0.277 0.319 0.28 0.319 0.282 0.314 0.292 0.322 0.303 0.318 0.311 0.324 0.332 0.329 0.35 0.338 0.378 0.338 0.414 0.345 0.481 0.363 0.496 0.377 0.499 0.387 0.507 0.395 0.513 0.395 0.516 0.4 0.524 0.433 0.525 0.449 0.507 0.49 0.489 0.515 0.482 0.528 0.481 0.537 0.475 0.541
0 0.534 0.439 0.53 0.438 0.528 0.433 0.515 0.396 0.513 0.394 0.506 0.395 0.499 0.388 0.496 0.381 0.497 0.377 0.485 0.367 0.483 0.365 0.485 0.361 0.494 0.361 0.511 0.373 0.519 0.371 0.517 0.361 0.518 0.358 0.528 0.356 0.543 0.374 0.545 0.395 0.552 0.411 0.553 0.416 0.546 0.42 0.534 0.439
0 0.603 0.197 0.593 0.195 0.582 0.197 0.572 0.169 0.57 0.154 0.572 0.135 0.58 0.112 0.589 0.099 0.627 0.082 0.636 0.081 0.648 0.071 0.654 0.071 0.663 0.065 0.679 0.066 0.689 0.074 0.704 0.067 0.732 0.068 0.746 0.066 0.753 0.068 0.777 0.068 0.793 0.073 0.797 0.072 0.801 0.075 0.83 0.077 0.85 0.081 0.864 0.082 0.868 0.078 0.901 0.08 0.917 0.089 0.926 0.09 0.932 0.097 0.953 0.112 0.954 0.119 0.96 0.121 0.963 0.127 0.965 0.138 0.962 0.153 0.964 0.175 0.961 0.177 0.93 0.162 0.919 0.16 0.876 0.158 0.834 0.162 0.749 0.177 0.718 0.178 0.675 0.184 0.641 0.18 0.622 0.188 0.613 0.186 0.609 0.193 0.603 0.197
0 0.954 0.802 0.948 0.799 0.941 0.784 0.926 0.777 0.914 0.74 0.912 0.724 0.894 0.698 0.88 0.666 0.868 0.648 0.869 0.646 0.876 0.65 0.886 0.646 0.912 0.663 0.919 0.676 0.932 0.688 0.943 0.708 0.951 0.717 0.954 0.723 0.957 0.741 0.956 0.765 0.959 0.775 0.958 0.796 0.954 0.80
