0 0.277 0.0 0.294 0.056 0.297 0.091 0.282 0.133 0.28 0.209 0.269 0.237 0.243 0.264 0.24 0.273 0.242 0.286 0.232 0.289 0.228 0.273 0.208 0.297 0.187 0.3 0.154 0.292 0.151 0.29 0.151 0.282 0.139 0.278 0.133 0.286 0.106 0.272 0.059 0.263 0.036 0.245 0.0 0.201
0 0.506 0.0 0.529 0.017 0.554 0.06 0.569 0.114 0.572 0.165 0.565 0.236 0.557 0.266 0.547 0.288 0.523 0.321 0.5 0.379 0.477 0.379 0.431 0.328 0.381 0.301 0.387 0.285 0.387 0.274 0.383 0.272 0.373 0.279 0.36 0.278 0.346 0.251 0.339 0.255 0.326 0.277 0.313 0.289 0.308 0.284 0.297 0.288 0.29 0.273 0.284 0.233 0.285 0.178 0.283 0.13 0.294 0.099 0.315 0.067 0.324 0.012 0.34 0.0
0 0.0 0.274 0.016 0.268 0.074 0.268 0.095 0.271 0.132 0.288 0.138 0.278 0.151 0.282 0.15 0.292 0.18 0.31 0.21 0.346 0.219 0.362 0.178 0.448 0.167 0.484 0.164 0.537 0.168 0.565 0.193 0.634 0.164 0.653 0.107 0.676 0.025 0.679 0.0 0.673
0 0.432 0.736 0.417 0.733 0.417 0.727 0.421 0.724 0.413 0.718 0.373 0.733 0.343 0.733 0.32 0.728 0.313 0.734 0.302 0.734 0.281 0.728 0.256 0.709 0.251 0.71 0.25 0.7 0.225 0.69 0.204 0.666 0.199 0.655 0.201 0.643 0.176 0.591 0.168 0.565 0.169 0.558 0.164 0.536 0.167 0.485 0.179 0.444 0.211 0.374 0.229 0.349 0.26 0.322 0.279 0.312 0.304 0.305 0.339 0.253 0.345 0.249 0.361 0.278 0.373 0.279 0.386 0.27 0.388 0.28 0.383 0.298 0.431 0.326 0.476 0.376 0.485 0.391 0.507 0.447 0.512 0.488 0.51 0.546 0.486 0.637 0.483 0.67 0.457 0.721 0.45 0.728 0.432 0.736
0 0.872 0.0 0.876 0.017 0.874 0.086 0.863 0.132 0.852 0.163 0.8 0.232 0.756 0.254 0.731 0.263 0.703 0.248 0.701 0.242 0.704 0.228 0.7 0.224 0.679 0.22 0.674 0.223 0.67 0.236 0.659 0.239 0.632 0.236 0.623 0.23 0.596 0.191 0.574 0.149 0.567 0.098 0.57 0.043 0.585 0.0
0 0.875 0.425 0.845 0.401 0.808 0.332 0.81 0.277 0.822 0.241 0.823 0.228 0.843 0.192 0.864 0.134 0.886 0.107 0.931 0.073 0.999 0.053 0.999 0.412 0.976 0.418 0.971 0.413 0.961 0.412 0.97 0.396 0.968 0.388 0.961 0.381 0.941 0.375 0.916 0.386 0.908 0.403 0.908 0.419 0.882 0.412 0.874 0.42 0.875 0.425
0 0.622 0.703 0.571 0.695 0.558 0.667 0.516 0.603 0.504 0.569 0.51 0.546 0.51 0.487 0.507 0.451 0.492 0.406 0.504 0.364 0.522 0.321 0.536 0.299 0.562 0.274 0.593 0.258 0.671 0.237 0.676 0.222 0.702 0.225 0.704 0.233 0.7 0.247 0.725 0.262 0.76 0.307 0.76 0.318 0.783 0.345 0.806 0.388 0.814 0.424 0.834 0.442 0.846 0.422 0.85 0.438 0.846 0.443 0.8 0.467 0.745 0.526 0.726 0.578 0.721 0.604 0.72 0.638 0.714 0.639 0.696 0.658 0.676 0.672 0.673 0.68 0.664 0.68 0.648 0.695 0.622 0.703
0 0.936 0.948 0.917 0.948 0.848 0.933 0.811 0.915 0.786 0.893 0.774 0.938 0.768 0.943 0.761 0.88 0.745 0.862 0.737 0.842 0.72 0.827 0.715 0.803 0.704 0.797 0.712 0.789 0.713 0.777 0.711 0.74 0.713 0.705 0.708 0.697 0.708 0.683 0.721 0.642 0.72 0.607 0.726 0.576 0.745 0.525 0.784 0.481 0.806 0.463 0.818 0.459 0.834 0.443 0.845 0.424 0.848 0.427 0.849 0.44 0.852 0.441 0.879 0.431 0.874 0.42 0.882 0.412 0.907 0.42 0.908 0.403 0.916 0.386 0.929 0.379 0.947 0.376 0.962 0.382 0.969 0.391 0.97 0.396 0.962 0.408 0.963 0.413 0.971 0.415 0.977 0.424 0.999 0.426 0.999 0.924 0.936 0.948
0 0.0 0.682 0.01 0.677 0.103 0.677 0.139 0.665 0.152 0.665 0.18 0.675 0.235 0.723 0.254 0.733 0.254 0.739 0.263 0.74 0.264 0.756 0.252 0.772 0.263 0.822 0.254 0.867 0.254 0.903 0.26 0.937 0.281 0.988 0.279 0.992 0.262 0.992 0.256 0.999 0.0 0.998
0 0.534 0.998 0.288 0.997 0.272 0.968 0.259 0.935 0.253 0.889 0.255 0.859 0.274 0.782 0.28 0.767 0.3 0.735 0.312 0.735 0.32 0.729 0.342 0.735 0.368 0.735 0.387 0.73 0.413 0.718 0.423 0.724 0.416 0.73 0.418 0.734 0.427 0.734 0.432 0.737 0.449 0.73 0.46 0.717 0.483 0.674 0.514 0.688 0.539 0.705 0.569 0.733 0.593 0.747 0.594 0.736 0.597 0.736 0.603 0.762 0.611 0.776 0.617 0.795 0.6 0.793 0.59 0.805 0.594 0.815 0.597 0.857 0.592 0.902 0.597 0.92 0.596 0.937 0.592 0.948 0.571 0.97 0.568 0.997 0.534 0.998
0 0.844 0.999 0.618 0.998 0.589 0.957 0.577 0.966 0.576 0.944 0.589 0.905 0.593 0.874 0.589 0.829 0.584 0.81 0.585 0.797 0.591 0.789 0.616 0.795 0.611 0.778 0.601 0.761 0.599 0.745 0.595 0.746 0.595 0.74 0.612 0.711 0.618 0.704 0.639 0.699 0.662 0.683 0.701 0.67 0.711 0.671 0.707 0.691 0.712 0.705 0.711 0.736 0.713 0.765 0.7 0.769 0.701 0.777 0.708 0.79 0.703 0.797 0.714 0.803 0.721 0.826 0.737 0.841 0.75 0.87 0.761 0.88 0.766 0.944 0.774 0.936 0.788 0.892 0.81 0.913 0.848 0.931 0.872 0.938 0.871 0.941 0.864 0.943 0.848 0.967 0.844 0.99
