0 0.661 0.642 0.63 0.639 0.61 0.633 0.595 0.621 0.579 0.603 0.566 0.579 0.557 0.553 0.554 0.526 0.556 0.492 0.565 0.453 0.574 0.428 0.589 0.405 0.602 0.391 0.623 0.378 0.643 0.373 0.699 0.372 0.716 0.378 0.728 0.387 0.737 0.398 0.746 0.414 0.747 0.433 0.75 0.448 0.764 0.485 0.765 0.508 0.763 0.532 0.756 0.561 0.746 0.585 0.724 0.616 0.712 0.628 0.702 0.633 0.661 0.642
0 0.874 0.545 0.852 0.543 0.83 0.538 0.805 0.525 0.791 0.515 0.774 0.497 0.762 0.479 0.751 0.451 0.746 0.429 0.747 0.409 0.763 0.356 0.774 0.332 0.788 0.312 0.807 0.296 0.818 0.29 0.845 0.28 0.866 0.276 0.894 0.279 0.914 0.285 0.934 0.296 0.949 0.31 0.962 0.332 0.976 0.365 0.98 0.379 0.982 0.408 0.981 0.431 0.978 0.451 0.982 0.462 0.979 0.461 0.975 0.464 0.964 0.494 0.952 0.512 0.938 0.525 0.921 0.535 0.893 0.543 0.874 0.545
0 0.501 0.303 0.484 0.301 0.469 0.289 0.457 0.272 0.446 0.245 0.458 0.207 0.457 0.178 0.458 0.144 0.453 0.11 0.469 0.092 0.479 0.086 0.487 0.085 0.505 0.085 0.516 0.088 0.569 0.121 0.576 0.136 0.577 0.178 0.582 0.202 0.579 0.218 0.571 0.242 0.561 0.261 0.551 0.275 0.527 0.294 0.515 0.3 0.501 0.303
0 0.66 0.258 0.643 0.256 0.622 0.248 0.606 0.239 0.592 0.224 0.584 0.209 0.577 0.183 0.576 0.165 0.576 0.138 0.579 0.12 0.586 0.098 0.601 0.069 0.611 0.056 0.638 0.038 0.669 0.029 0.68 0.029 0.691 0.034 0.702 0.042 0.714 0.057 0.724 0.076 0.731 0.098 0.735 0.114 0.737 0.131 0.736 0.157 0.731 0.183 0.726 0.198 0.702 0.236 0.679 0.253 0.66 0.258
0 0.791 0.309 0.784 0.277 0.775 0.258 0.763 0.242 0.75 0.21 0.749 0.193 0.751 0.178 0.762 0.145 0.773 0.127 0.785 0.114 0.8 0.103 0.814 0.097 0.828 0.094 0.845 0.095 0.886 0.116 0.898 0.128 0.907 0.144 0.916 0.168 0.916 0.179 0.887 0.185 0.864 0.198 0.853 0.208 0.839 0.223 0.819 0.255 0.811 0.274 0.806 0.297 0.791 0.309
0 0.978 0.362 0.975 0.361 0.962 0.332 0.952 0.315 0.938 0.3 0.922 0.289 0.897 0.28 0.862 0.277 0.842 0.281 0.807 0.297 0.81 0.277 0.817 0.259 0.831 0.234 0.842 0.219 0.86 0.201 0.88 0.188 0.893 0.182 0.929 0.177 0.953 0.181 0.985 0.205 1.0 0.222 1.0 0.332 0.978 0.362
0 0.746 0.414 0.735 0.394 0.722 0.382 0.711 0.375 0.696 0.371 0.657 0.372 0.656 0.345 0.653 0.334 0.63 0.304 0.636 0.281 0.646 0.258 0.657 0.259 0.675 0.254 0.692 0.245 0.704 0.231 0.717 0.203 0.724 0.198 0.739 0.202 0.752 0.215 0.763 0.243 0.771 0.253 0.779 0.267 0.785 0.281 0.788 0.296 0.788 0.312 0.772 0.336 0.764 0.352 0.756 0.377 0.751 0.382 0.753 0.387 0.746 0.414
0 0.555 0.495 0.532 0.487 0.52 0.479 0.516 0.473 0.493 0.416 0.486 0.403 0.484 0.393 0.486 0.367 0.491 0.352 0.501 0.331 0.516 0.311 0.526 0.3 0.541 0.289 0.566 0.281 0.588 0.277 0.599 0.278 0.622 0.294 0.633 0.31 0.651 0.331 0.656 0.345 0.657 0.372 0.641 0.373 0.62 0.379 0.601 0.391 0.589 0.404 0.575 0.424 0.571 0.435 0.563 0.457 0.555 0.495
0 0.432 0.745 0.419 0.745 0.393 0.738 0.371 0.725 0.358 0.715 0.343 0.693 0.328 0.661 0.324 0.635 0.323 0.61 0.328 0.573 0.337 0.543 0.346 0.525 0.365 0.497 0.375 0.484 0.388 0.475 0.409 0.468 0.434 0.464 0.459 0.469 0.463 0.474 0.489 0.489 0.501 0.5 0.518 0.527 0.53 0.554 0.537 0.585 0.537 0.618 0.535 0.639 0.526 0.673 0.517 0.692 0.5 0.715 0.485 0.727 0.471 0.735 0.432 0.745
0 0.516 0.523 0.5 0.498 0.457 0.47 0.431 0.465 0.4 0.471 0.38 0.481 0.361 0.501 0.363 0.476 0.367 0.461 0.377 0.435 0.387 0.417 0.395 0.408 0.405 0.401 0.425 0.391 0.437 0.389 0.453 0.391 0.477 0.404 0.487 0.412 0.496 0.425 0.517 0.477 0.519 0.505 0.516 0.523
0 0.24 0.445 0.235 0.444 0.237 0.41 0.234 0.39 0.226 0.366 0.214 0.343 0.197 0.321 0.186 0.309 0.17 0.296 0.175 0.278 0.191 0.246 0.215 0.222 0.219 0.225 0.226 0.243 0.233 0.253 0.246 0.26 0.259 0.264 0.272 0.265 0.287 0.26 0.318 0.243 0.328 0.257 0.337 0.275 0.343 0.297 0.347 0.32 0.348 0.343 0.344 0.375 0.339 0.396 0.329 0.413 0.315 0.423 0.267 0.43 0.265 0.436 0.261 0.439 0.24 0.445
0 0.344 0.0 0.359 0.016 0.366 0.029 0.371 0.044 0.376 0.072 0.378 0.1 0.378 0.122 0.369 0.164 0.355 0.198 0.338 0.222 0.313 0.246 0.291 0.259 0.273 0.265 0.251 0.262 0.232 0.252 0.224 0.24 0.217 0.224 0.175 0.178 0.162 0.16 0.155 0.146 0.149 0.118 0.148 0.073 0.158 0.031 0.167 0.013 0.175 0.0
0 0.393 0.285 0.374 0.284 0.344 0.267 0.336 0.265 0.329 0.26 0.318 0.243 0.35 0.207 0.361 0.185 0.369 0.163 0.376 0.135 0.378 0.112 0.377 0.081 0.371 0.043 0.407 0.046 0.418 0.052 0.419 0.054 0.417 0.059 0.434 0.076 0.449 0.099 0.454 0.117 0.458 0.146 0.458 0.161 0.456 0.173 0.458 0.206 0.453 0.224 0.445 0.245 0.436 0.262 0.426 0.272 0.393 0.285
0 0.0 0.34 0.028 0.307 0.043 0.296 0.06 0.286 0.088 0.278 0.111 0.278 0.136 0.281 0.168 0.296 0.187 0.31 0.198 0.321 0.214 0.343 0.225 0.364 0.235 0.392 0.238 0.407 0.235 0.444 0.221 0.486 0.207 0.52 0.199 0.535 0.187 0.55 0.157 0.572 0.143 0.578 0.128 0.582 0.095 0.579 0.072 0.569 0.049 0.563 0.032 0.552 0.015 0.536 0.0 0.534
0 0.166 0.0 0.173 0.002 0.164 0.019 0.156 0.038 0.149 0.066 0.147 0.087 0.15 0.124 0.156 0.148 0.164 0.163 0.184 0.191 0.171 0.215 0.139 0.236 0.112 0.243 0.084 0.244 0.058 0.239 0.04 0.227 0.026 0.213 0.02 0.199 0.016 0.181 0.004 0.157 0.0 0.137
0 0.0 0.314 0.0 0.292 0.002 0.286 0.009 0.288 0.032 0.304 0.013 0.328 0.005 0.334 0.0 0.334 0.0 0.329
0 0.196 0.242 0.182 0.227 0.174 0.212 0.174 0.209 0.177 0.202 0.186 0.191 0.215 0.221 0.205 0.234 0.196 0.242
0 0.0 0.208 0.001 0.163 0.003 0.163 0.003 0.167 0.007 0.166 0.01 0.169 0.017 0.182 0.021 0.208 0.042 0.229 0.057 0.238 0.071 0.243 0.097 0.243 0.11 0.242 0.143 0.233 0.146 0.233 0.148 0.237 0.145 0.269 0.14 0.28 0.113 0.278 0.08 0.28 0.06 0.287 0.042 0.297 0.03 0.309 0.029 0.316 0.0 0.316
0 0.556 0.975 0.54 0.975 0.518 0.967 0.503 0.959 0.495 0.951 0.475 0.918 0.46 0.889 0.451 0.862 0.447 0.845 0.446 0.809 0.448 0.796 0.455 0.768 0.463 0.745 0.47 0.735 0.485 0.727 0.501 0.714 0.522 0.682 0.533 0.678 0.557 0.679 0.581 0.685 0.596 0.692 0.61 0.704 0.622 0.717 0.635 0.739 0.65 0.776 0.654 0.793 0.654 0.838 0.65 0.863 0.644 0.889 0.636 0.909 0.62 0.934 0.603 0.951 0.571 0.971 0.556 0.975
0 0.783 0.793 0.77 0.792 0.751 0.783 0.717 0.758 0.707 0.748 0.691 0.715 0.683 0.682 0.682 0.658 0.686 0.637 0.708 0.629 0.717 0.621 0.744 0.586 0.755 0.561 0.778 0.561 0.79 0.565 0.807 0.574 0.819 0.585 0.837 0.607 0.845 0.62 0.852 0.635 0.859 0.664 0.86 0.685 0.858 0.709 0.854 0.725 0.848 0.741 0.835 0.758 0.816 0.776 0.798 0.788 0.783 0.793
0 0.931 0.963 0.918 0.963 0.9 0.959 0.883 0.95 0.862 0.934 0.845 0.917 0.834 0.902 0.82 0.873 0.811 0.848 0.809 0.83 0.809 0.805 0.817 0.774 0.837 0.755 0.846 0.742 0.855 0.724 0.868 0.713 0.877 0.709 0.902 0.704 0.917 0.705 0.932 0.71 0.953 0.72 0.963 0.728 0.972 0.741 1.0 0.788 1.0 0.898 0.995 0.911 0.985 0.93 0.97 0.947 0.95 0.959 0.931 0.963
0 0.287 1.0 0.188 1.0 0.178 0.997 0.168 0.987 0.152 0.938 0.145 0.902 0.137 0.88 0.129 0.843 0.128 0.83 0.131 0.811 0.139 0.784 0.151 0.763 0.174 0.737 0.198 0.718 0.247 0.7 0.276 0.698 0.295 0.701 0.311 0.707 0.332 0.722 0.346 0.741 0.355 0.762 0.358 0.792 0.368 0.827 0.369 0.849 0.368 0.863 0.363 0.873 0.358 0.899 0.343 0.936 0.328 0.96 0.313 0.977 0.287 1.0
0 0.0 0.572 0.002 0.569 0.028 0.564 0.057 0.565 0.084 0.574 0.108 0.589 0.134 0.619 0.148 0.644 0.158 0.674 0.162 0.703 0.161 0.731 0.157 0.753 0.142 0.779 0.13 0.813 0.115 0.834 0.085 0.865 0.061 0.879 0.038 0.895 0.019 0.904 0.0 0.904
0 0.159 0.753 0.162 0.717 0.159 0.676 0.148 0.64 0.134 0.609 0.134 0.584 0.158 0.573 0.18 0.557 0.196 0.538 0.208 0.517 0.225 0.508 0.244 0.505 0.262 0.507 0.267 0.509 0.265 0.512 0.269 0.515 0.271 0.514 0.268 0.511 0.283 0.515 0.302 0.531 0.312 0.546 0.319 0.562 0.324 0.586 0.322 0.6 0.321 0.616 0.328 0.668 0.324 0.686 0.316 0.707 0.312 0.708 0.298 0.702 0.277 0.698 0.258 0.698 0.239 0.702 0.194 0.72 0.178 0.732 0.159 0.753
0 0.326 0.585 0.32 0.56 0.31 0.54 0.3 0.528 0.286 0.517 0.27 0.509 0.252 0.505 0.234 0.506 0.209 0.516 0.233 0.447 0.262 0.439 0.266 0.437 0.266 0.432 0.311 0.425 0.323 0.421 0.342 0.433 0.356 0.449 0.364 0.468 0.362 0.5 0.339 0.541 0.326 0.585
0 0.906 0.646 0.877 0.643 0.848 0.626 0.837 0.607 0.813 0.577 0.806 0.554 0.804 0.527 0.807 0.527 0.829 0.539 0.863 0.546 0.896 0.544 0.923 0.535 0.948 0.517 0.96 0.501 0.969 0.481 0.972 0.462 0.977 0.45 0.994 0.48 1.0 0.494 1.0 0.563 0.998 0.568 0.991 0.584 0.982 0.599 0.972 0.613 0.956 0.627 0.928 0.643 0.906 0.646
0 0.653 0.901 0.64 0.899 0.649 0.869 0.653 0.84 0.652 0.795 0.651 0.784 0.638 0.749 0.626 0.724 0.615 0.709 0.604 0.698 0.62 0.672 0.633 0.661 0.651 0.654 0.681 0.649 0.683 0.651 0.683 0.676 0.685 0.695 0.695 0.724 0.701 0.738 0.712 0.752 0.751 0.782 0.751 0.811 0.746 0.837 0.74 0.856 0.729 0.876 0.721 0.885 0.7 0.897 0.688 0.896 0.676 0.888 0.666 0.897 0.653 0.901
0 0.138 0.998 0.061 0.998 0.058 0.996 0.048 0.985 0.038 0.97 0.018 0.923 0.013 0.936 0.013 0.904 0.036 0.896 0.059 0.878 0.081 0.866 0.103 0.846 0.129 0.815 0.129 0.838 0.134 0.863 0.136 0.879 0.145 0.9 0.151 0.935 0.162 0.966 0.161 0.976 0.165 0.987 0.164 0.992 0.167 0.994 0.165 0.998 0.138 0.998
0 0.348 0.97 0.33 0.968 0.325 0.964 0.34 0.945 0.353 0.916 0.362 0.889 0.364 0.872 0.371 0.857 0.371 0.852 0.369 0.849 0.367 0.824 0.358 0.792 0.356 0.769 0.353 0.757 0.34 0.732 0.33 0.721 0.315 0.709 0.324 0.688 0.33 0.667 0.344 0.696 0.362 0.718 0.39 0.737 0.417 0.745 0.436 0.746 0.444 0.76 0.45 0.78 0.446 0.813 0.448 0.854 0.439 0.885 0.425 0.916 0.411 0.936 0.389 0.955 0.372 0.964 0.348 0.97
0 0.603 0.698 0.586 0.687 0.56 0.68 0.54 0.678 0.523 0.681 0.535 0.64 0.537 0.626 0.537 0.593 0.537 0.586 0.53 0.556 0.516 0.525 0.517 0.521 0.52 0.517 0.537 0.506 0.554 0.502 0.554 0.53 0.558 0.553 0.563 0.571 0.576 0.596 0.588 0.613 0.603 0.627 0.62 0.635 0.641 0.639 0.643 0.641 0.634 0.655 0.618 0.672 0.603 0.698
0 0.857 0.723 0.855 0.723 0.855 0.718 0.858 0.695 0.858 0.674 0.856 0.652 0.849 0.625 0.86 0.633 0.879 0.643 0.896 0.645 0.922 0.644 0.927 0.672 0.927 0.693 0.924 0.707 0.91 0.703 0.882 0.706 0.869 0.712 0.857 0.723
0 0.804 0.57 0.785 0.562 0.756 0.559 0.763 0.522 0.764 0.483 0.782 0.506 0.804 0.525 0.806 0.56 0.806 0.567 0.804 0.5
