0 0.569 0.72 0.566 0.72 0.563 0.712 0.547 0.698 0.536 0.684 0.531 0.671 0.525 0.639 0.527 0.604 0.532 0.587 0.54 0.567 0.556 0.547 0.57 0.54 0.598 0.542 0.625 0.556 0.638 0.571 0.643 0.584 0.646 0.598 0.647 0.613 0.646 0.637 0.642 0.655 0.634 0.679 0.619 0.704 0.61 0.712 0.601 0.716 0.569 0.72
0 0.449 0.721 0.442 0.72 0.426 0.711 0.408 0.692 0.398 0.671 0.39 0.641 0.39 0.602 0.397 0.581 0.407 0.565 0.416 0.556 0.434 0.546 0.44 0.545 0.462 0.547 0.475 0.554 0.488 0.564 0.496 0.575 0.505 0.592 0.51 0.608 0.515 0.63 0.515 0.648 0.512 0.662 0.499 0.694 0.491 0.702 0.477 0.712 0.46 0.719 0.449 0.721
0 0.326 0.702 0.31 0.701 0.294 0.694 0.284 0.686 0.273 0.67 0.264 0.653 0.26 0.636 0.258 0.623 0.259 0.605 0.262 0.587 0.268 0.566 0.275 0.55 0.289 0.536 0.305 0.527 0.317 0.524 0.332 0.525 0.343 0.529 0.362 0.541 0.373 0.554 0.379 0.566 0.385 0.583 0.388 0.595 0.386 0.633 0.38 0.657 0.373 0.672 0.365 0.683 0.353 0.693 0.338 0.7 0.326 0.702
0 0.483 0.483 0.468 0.481 0.453 0.473 0.442 0.472 0.44 0.469 0.437 0.455 0.428 0.443 0.422 0.43 0.419 0.414 0.419 0.396 0.421 0.385 0.428 0.362 0.434 0.352 0.445 0.339 0.457 0.331 0.469 0.325 0.497 0.324 0.504 0.327 0.518 0.339 0.535 0.366 0.541 0.386 0.541 0.413 0.531 0.444 0.518 0.463 0.499 0.479 0.483 0.483
0 0.592 0.432 0.575 0.43 0.564 0.425 0.555 0.417 0.544 0.403 0.542 0.397 0.541 0.384 0.536 0.367 0.535 0.338 0.541 0.32 0.548 0.306 0.559 0.293 0.572 0.286 0.591 0.281 0.614 0.283 0.634 0.296 0.647 0.314 0.655 0.339 0.656 0.366 0.649 0.392 0.628 0.416 0.614 0.426 0.592 0.432
0 0.512 0.328 0.49 0.322 0.478 0.309 0.469 0.303 0.457 0.272 0.454 0.244 0.458 0.226 0.463 0.214 0.47 0.2 0.479 0.188 0.497 0.174 0.513 0.167 0.527 0.167 0.543 0.172 0.56 0.188 0.567 0.201 0.574 0.22 0.576 0.248 0.571 0.271 0.562 0.292 0.555 0.296 0.541 0.315 0.533 0.322 0.523 0.327 0.512 0.328
0 0.619 0.267 0.61 0.267 0.605 0.263 0.593 0.259 0.577 0.243 0.575 0.217 0.566 0.194 0.561 0.188 0.562 0.173 0.564 0.159 0.571 0.142 0.589 0.12 0.616 0.105 0.64 0.103 0.651 0.109 0.662 0.116 0.677 0.137 0.686 0.171 0.685 0.21 0.681 0.224 0.676 0.234 0.66 0.255 0.636 0.266 0.619 0.267
0 0.743 0.439 0.721 0.435 0.702 0.424 0.686 0.401 0.682 0.383 0.681 0.371 0.685 0.34 0.698 0.316 0.723 0.298 0.75 0.294 0.758 0.296 0.774 0.303 0.794 0.321 0.802 0.341 0.804 0.352 0.804 0.367 0.8 0.389 0.781 0.424 0.765 0.434 0.743 0.439
0 0.701 0.597 0.687 0.597 0.686 0.594 0.664 0.587 0.653 0.578 0.645 0.569 0.631 0.545 0.626 0.526 0.624 0.514 0.624 0.493 0.636 0.461 0.65 0.446 0.666 0.437 0.689 0.436 0.71 0.444 0.723 0.457 0.733 0.47 0.741 0.484 0.749 0.506 0.751 0.526 0.75 0.538 0.737 0.573 0.715 0.592 0.701 0.597
0 0.808 0.695 0.794 0.693 0.775 0.687 0.77 0.682 0.761 0.669 0.756 0.645 0.745 0.624 0.74 0.618 0.739 0.609 0.74 0.593 0.745 0.578 0.753 0.562 0.76 0.554 0.781 0.539 0.795 0.533 0.805 0.532 0.827 0.535 0.839 0.542 0.854 0.556 0.856 0.551 0.86 0.551 0.862 0.557 0.86 0.563 0.863 0.567 0.862 0.572 0.868 0.587 0.871 0.601 0.869 0.63 0.863 0.649 0.854 0.665 0.824 0.691 0.808 0.695
0 0.7 0.755 0.672 0.751 0.66 0.744 0.64 0.72 0.634 0.697 0.634 0.681 0.642 0.659 0.647 0.635 0.663 0.612 0.686 0.598 0.7 0.597 0.717 0.601 0.739 0.618 0.746 0.627 0.754 0.644 0.761 0.674 0.76 0.689 0.756 0.702 0.743 0.726 0.729 0.741 0.716 0.751 0.7 0.75
