0 0.361 0.992 0.122 0.992 0.121 0.982 0.139 0.918 0.17 0.864 0.223 0.824 0.262 0.82 0.293 0.834 0.324 0.869 0.348 0.922 0.361 0.992
0 0.309 0.828 0.242 0.824 0.229 0.814 0.223 0.828 0.162 0.828 0.164 0.822 0.147 0.793 0.139 0.759 0.13 0.687 0.136 0.629 0.149 0.594 0.16 0.578 0.191 0.586 0.264 0.578 0.26 0.665 0.264 0.711 0.279 0.765 0.309 0.828
0 0.224 0.585 0.18 0.582 0.136 0.545 0.111 0.502 0.095 0.43 0.093 0.353 0.106 0.285 0.134 0.229 0.175 0.191 0.22 0.188 0.259 0.213 0.292 0.264 0.315 0.349 0.318 0.419 0.308 0.471 0.267 0.56 0.224 0.585
0 0.329 0.254 0.305 0.252 0.284 0.237 0.232 0.161 0.21 0.079 0.21 0.001 0.418 0.003 0.425 0.089 0.417 0.139 0.375 0.227 0.329 0.254
0 0.508 0.514 0.473 0.514 0.435 0.461 0.385 0.426 0.373 0.392 0.368 0.298 0.375 0.238 0.398 0.178 0.433 0.134 0.479 0.123 0.509 0.136 0.539 0.168 0.568 0.241 0.575 0.342 0.566 0.394 0.546 0.453 0.508 0.514
0 0.32 0.457 0.312 0.455 0.317 0.369 0.3 0.287 0.369 0.286 0.379 0.424 0.32 0.457
0 0.373 0.849 0.321 0.828 0.279 0.766 0.258 0.688 0.258 0.619 0.275 0.535 0.309 0.472 0.353 0.437 0.404 0.437 0.441 0.465 0.476 0.519 0.495 0.59 0.497 0.661 0.486 0.725 0.459 0.791 0.419 0.834 0.373 0.849
0 0.633 0.997 0.389 0.996 0.401 0.901 0.427 0.83 0.468 0.78 0.528 0.767 0.571 0.792 0.608 0.844 0.628 0.903 0.633 0.997
0 0.595 0.806 0.52 0.761 0.503 0.737 0.493 0.707 0.497 0.619 0.492 0.566 0.497 0.54 0.517 0.492 0.545 0.457 0.584 0.436 0.623 0.444 0.655 0.474 0.68 0.522 0.695 0.594 0.69 0.668 0.671 0.726 0.63 0.787 0.595 0.806
0 0.838 0.997 0.63 0.997 0.629 0.922 0.617 0.865 0.619 0.832 0.639 0.779 0.673 0.728 0.706 0.716 0.755 0.723 0.803 0.771 0.834 0.836 0.843 0.911 0.838 0.997
0 0.962 0.997 0.887 0.997 0.842 0.976 0.837 0.851 0.798 0.754 0.834 0.717 0.856 0.671 0.881 0.661 0.926 0.667 0.971 0.71 0.999 0.771 0.999 0.94 0.986 0.971 0.962 0.997
0 0.795 0.752 0.739 0.717 0.674 0.725 0.69 0.663 0.694 0.592 0.671 0.497 0.711 0.462 0.74 0.422 0.791 0.428 0.82 0.45 0.849 0.498 0.866 0.569 0.866 0.618 0.85 0.69 0.823 0.731 0.795 0.752
0 0.67 0.493 0.615 0.443 0.578 0.436 0.557 0.444 0.557 0.413 0.572 0.338 0.566 0.232 0.594 0.179 0.638 0.143 0.676 0.144 0.708 0.166 0.742 0.228 0.754 0.287 0.754 0.355 0.743 0.41 0.712 0.462 0.67 0.493
0 0.572 0.212 0.56 0.212 0.534 0.161 0.504 0.133 0.48 0.123 0.431 0.131 0.433 0.001 0.616 0.001 0.626 0.068 0.619 0.134 0.61 0.159 0.572 0.212
0 0.812 0.0 0.819 0.071 0.809 0.134 0.786 0.183 0.747 0.226 0.695 0.155 0.674 0.144 0.631 0.143 0.631 0.0
0 0.851 0.468 0.835 0.468 0.75 0.388 0.753 0.232 0.812 0.156 0.877 0.156 0.916 0.218 0.929 0.275 0.93 0.339 0.916 0.394 0.884 0.451 0.851 0.468
0 0.926 0.0 0.942 0.056 0.942 0.121 0.929 0.171 0.909 0.209 0.862 0.156 0.804 0.164 0.818 0.074 0.812 0.
