0 0.448 0.852 0.427 0.851 0.416 0.844 0.406 0.834 0.393 0.809 0.384 0.766 0.385 0.725 0.395 0.696 0.413 0.672 0.421 0.666 0.43 0.664 0.446 0.664 0.456 0.667 0.471 0.679 0.482 0.693 0.487 0.704 0.495 0.733 0.494 0.779 0.49 0.8 0.482 0.823 0.47 0.844 0.448 0.852
0 0.593 0.801 0.569 0.796 0.553 0.782 0.543 0.771 0.537 0.757 0.531 0.734 0.532 0.706 0.536 0.689 0.55 0.661 0.566 0.645 0.578 0.637 0.615 0.625 0.624 0.625 0.635 0.634 0.64 0.629 0.644 0.629 0.648 0.636 0.649 0.646 0.657 0.659 0.662 0.673 0.66 0.708 0.652 0.742 0.645 0.761 0.638 0.772 0.618 0.794 0.593 0.801
0 0.659 0.629 0.627 0.626 0.614 0.618 0.609 0.608 0.602 0.608 0.596 0.581 0.596 0.566 0.606 0.537 0.627 0.502 0.651 0.483 0.674 0.478 0.693 0.485 0.712 0.502 0.722 0.514 0.728 0.526 0.732 0.539 0.732 0.559 0.726 0.584 0.719 0.595 0.702 0.612 0.681 0.624 0.659 0.629
0 0.542 0.661 0.532 0.661 0.521 0.656 0.501 0.638 0.488 0.614 0.48 0.583 0.481 0.539 0.49 0.486 0.496 0.467 0.509 0.457 0.522 0.456 0.528 0.458 0.543 0.474 0.555 0.489 0.577 0.526 0.587 0.563 0.587 0.596 0.58 0.622 0.562 0.649 0.552 0.657 0.542 0.661
0 0.427 0.613 0.412 0.61 0.401 0.599 0.39 0.582 0.384 0.567 0.382 0.526 0.39 0.488 0.399 0.468 0.418 0.445 0.435 0.441 0.442 0.443 0.45 0.451 0.46 0.462 0.467 0.475 0.48 0.515 0.482 0.543 0.479 0.563 0.475 0.577 0.465 0.591 0.448 0.606 0.435 0.612 0.427 0.613
0 0.358 0.625 0.328 0.619 0.321 0.615 0.298 0.586 0.284 0.558 0.276 0.529 0.276 0.496 0.279 0.481 0.286 0.466 0.299 0.449 0.307 0.445 0.32 0.444 0.339 0.45 0.355 0.46 0.373 0.489 0.382 0.529 0.383 0.563 0.382 0.584 0.371 0.613 0.365 0.622 0.358 0.625
0 0.699 0.477 0.691 0.477 0.682 0.473 0.658 0.457 0.651 0.449 0.643 0.428 0.643 0.411 0.647 0.393 0.659 0.366 0.679 0.343 0.695 0.333 0.715 0.328 0.747 0.327 0.765 0.343 0.77 0.356 0.769 0.379 0.763 0.408 0.751 0.437 0.737 0.456 0.717 0.473 0.699 0.477
0 0.576 0.504 0.562 0.498 0.532 0.457 0.518 0.432 0.514 0.413 0.514 0.393 0.516 0.375 0.525 0.35 0.533 0.335 0.543 0.323 0.557 0.315 0.574 0.315 0.59 0.325 0.598 0.333 0.611 0.357 0.617 0.381 0.619 0.397 0.619 0.429 0.615 0.452 0.61 0.471 0.601 0.49 0.593 0.499 0.576 0.504
0 0.374 0.47 0.362 0.469 0.338 0.446 0.33 0.427 0.327 0.403 0.327 0.384 0.329 0.366 0.335 0.344 0.342 0.324 0.351 0.305 0.371 0.288 0.388 0.288 0.406 0.307 0.429 0.353 0.435 0.376 0.435 0.412 0.426 0.434 0.408 0.454 0.389 0.466 0.374 0.47
0 0.477 0.42 0.465 0.419 0.451 0.406 0.432 0.366 0.426 0.348 0.423 0.33 0.425 0.3 0.432 0.281 0.439 0.269 0.447 0.26 0.461 0.253 0.485 0.254 0.5 0.265 0.516 0.286 0.524 0.314 0.524 0.346 0.516 0.377 0.497 0.407 0.485 0.417 0.477 0.42
0 0.602 0.335 0.578 0.317 0.556 0.315 0.55 0.31 0.541 0.288 0.542 0.264 0.549 0.238 0.555 0.227 0.568 0.211 0.589 0.2 0.62 0.198 0.648 0.204 0.66 0.216 0.667 0.236 0.667 0.248 0.659 0.277 0.643 0.306 0.63 0.322 0.615 0.332 0.602 0.33
