0 0.479 0.915 0.464 0.914 0.448 0.907 0.438 0.897 0.424 0.877 0.412 0.84 0.409 0.822 0.41 0.805 0.415 0.774 0.419 0.76 0.426 0.747 0.434 0.737 0.452 0.72 0.474 0.709 0.486 0.706 0.511 0.707 0.522 0.71 0.539 0.719 0.555 0.732 0.57 0.753 0.576 0.77 0.579 0.784 0.579 0.806 0.577 0.821 0.572 0.842 0.563 0.862 0.554 0.876 0.543 0.89 0.527 0.904 0.516 0.91 0.502 0.914 0.479 0.915
0 0.323 0.856 0.307 0.855 0.29 0.848 0.273 0.833 0.259 0.816 0.252 0.801 0.249 0.785 0.247 0.766 0.248 0.725 0.251 0.706 0.257 0.69 0.265 0.675 0.281 0.655 0.295 0.643 0.305 0.637 0.316 0.634 0.336 0.634 0.352 0.639 0.369 0.647 0.38 0.657 0.388 0.667 0.396 0.681 0.402 0.697 0.406 0.724 0.407 0.741 0.402 0.765 0.398 0.779 0.387 0.802 0.377 0.817 0.371 0.83 0.363 0.84 0.352 0.849 0.339 0.854 0.323 0.856
0 0.745 0.872 0.723 0.87 0.709 0.866 0.684 0.85 0.672 0.837 0.666 0.826 0.66 0.81 0.657 0.791 0.658 0.771 0.663 0.747 0.68 0.708 0.688 0.695 0.709 0.669 0.722 0.661 0.735 0.657 0.755 0.657 0.772 0.662 0.783 0.668 0.793 0.677 0.803 0.69 0.812 0.708 0.82 0.75 0.82 0.774 0.817 0.793 0.81 0.815 0.803 0.828 0.786 0.852 0.776 0.862 0.76 0.869 0.745 0.872
0 0.635 0.76 0.617 0.759 0.603 0.755 0.59 0.747 0.579 0.734 0.569 0.715 0.563 0.698 0.559 0.67 0.558 0.656 0.564 0.618 0.57 0.605 0.582 0.588 0.6 0.572 0.612 0.564 0.636 0.558 0.648 0.557 0.674 0.566 0.686 0.575 0.694 0.585 0.701 0.598 0.705 0.612 0.708 0.648 0.705 0.663 0.701 0.677 0.687 0.694 0.674 0.718 0.665 0.739 0.662 0.752 0.652 0.757 0.635 0.76
0 0.527 0.711 0.516 0.706 0.497 0.705 0.475 0.707 0.456 0.689 0.448 0.678 0.441 0.663 0.436 0.641 0.433 0.626 0.434 0.609 0.437 0.595 0.443 0.579 0.46 0.552 0.478 0.536 0.489 0.531 0.5 0.528 0.519 0.529 0.543 0.537 0.554 0.546 0.562 0.556 0.569 0.569 0.573 0.583 0.575 0.595 0.566 0.611 0.561 0.632 0.557 0.655 0.558 0.672 0.545 0.693 0.527 0.711
0 0.398 0.624 0.383 0.623 0.371 0.618 0.357 0.606 0.346 0.591 0.339 0.578 0.335 0.564 0.331 0.521 0.333 0.505 0.338 0.483 0.345 0.468 0.352 0.457 0.379 0.433 0.391 0.428 0.406 0.427 0.42 0.429 0.438 0.437 0.449 0.446 0.457 0.456 0.464 0.47 0.468 0.484 0.47 0.499 0.47 0.517 0.468 0.532 0.464 0.546 0.452 0.561 0.441 0.579 0.433 0.605 0.417 0.618 0.398 0.624
0 0.283 0.589 0.267 0.588 0.248 0.581 0.236 0.575 0.223 0.564 0.211 0.551 0.205 0.537 0.196 0.504 0.195 0.484 0.197 0.464 0.205 0.437 0.215 0.422 0.233 0.404 0.253 0.393 0.267 0.39 0.282 0.392 0.309 0.406 0.325 0.427 0.332 0.443 0.336 0.459 0.336 0.484 0.331 0.514 0.33 0.54 0.327 0.55 0.32 0.563 0.309 0.577 0.296 0.585 0.283 0.589
0 0.36 0.449 0.35 0.447 0.34 0.441 0.32 0.42 0.313 0.406 0.307 0.389 0.304 0.371 0.303 0.354 0.305 0.337 0.31 0.315 0.32 0.291 0.328 0.281 0.339 0.272 0.352 0.267 0.367 0.265 0.391 0.274 0.403 0.283 0.415 0.297 0.422 0.31 0.426 0.324 0.428 0.351 0.425 0.381 0.421 0.395 0.414 0.408 0.398 0.425 0.375 0.434 0.36 0.449
0 0.493 0.446 0.478 0.445 0.466 0.44 0.452 0.428 0.442 0.413 0.436 0.397 0.433 0.378 0.436 0.341 0.44 0.325 0.448 0.306 0.464 0.285 0.488 0.269 0.504 0.265 0.52 0.266 0.542 0.279 0.554 0.292 0.561 0.305 0.569 0.331 0.569 0.362 0.563 0.386 0.554 0.403 0.536 0.413 0.525 0.427 0.52 0.436 0.493 0.446
0 0.592 0.571 0.579 0.57 0.569 0.567 0.562 0.553 0.55 0.54 0.538 0.532 0.523 0.527 0.515 0.511 0.51 0.487 0.511 0.466 0.515 0.45 0.522 0.435 0.532 0.421 0.542 0.411 0.552 0.406 0.586 0.397 0.611 0.401 0.647 0.414 0.659 0.423 0.667 0.433 0.677 0.457 0.661 0.477 0.65 0.499 0.645 0.524 0.647 0.549 0.635 0.554 0.626 0.555 0.611 0.565 0.592 0.571
0 0.679 0.456 0.669 0.433 0.653 0.416 0.635 0.405 0.618 0.399 0.6 0.395 0.587 0.396 0.584 0.388 0.58 0.372 0.579 0.351 0.585 0.314 0.59 0.298 0.597 0.285 0.605 0.275 0.616 0.266 0.628 0.261 0.645 0.259 0.658 0.259 0.671 0.264 0.687 0.273 0.697 0.283 0.709 0.297 0.717 0.315 0.722 0.339 0.722 0.363 0.718 0.391 0.71 0.413 0.703 0.426 0.689 0.446 0.679 0.456
0 0.728 0.616 0.719 0.616 0.706 0.612 0.699 0.592 0.684 0.571 0.665 0.56 0.65 0.557 0.647 0.538 0.647 0.521 0.65 0.507 0.656 0.488 0.665 0.473 0.676 0.459 0.687 0.45 0.718 0.441 0.731 0.441 0.741 0.445 0.762 0.461 0.769 0.471 0.776 0.486 0.783 0.509 0.785 0.524 0.785 0.545 0.783 0.56 0.779 0.574 0.772 0.587 0.764 0.597 0.753 0.607 0.728 0.61
