0 0.0 0.026 0.009 0.015 0.027 0.002 0.089 0.002 0.099 0.006 0.124 0.024 0.145 0.047 0.159 0.073 0.163 0.086 0.167 0.1 0.167 0.117 0.169 0.124 0.165 0.153 0.146 0.188 0.143 0.19 0.142 0.205 0.14 0.209 0.137 0.209 0.136 0.219 0.125 0.23 0.117 0.235 0.104 0.238 0.087 0.238 0.059 0.231 0.024 0.209 0.0 0.186
0 0.765 0.308 0.748 0.306 0.723 0.288 0.707 0.271 0.692 0.245 0.686 0.222 0.683 0.199 0.685 0.19 0.688 0.149 0.692 0.135 0.701 0.119 0.704 0.106 0.708 0.104 0.726 0.079 0.732 0.074 0.758 0.059 0.793 0.056 0.815 0.06 0.827 0.064 0.839 0.073 0.85 0.092 0.861 0.114 0.87 0.157 0.867 0.211 0.859 0.237 0.841 0.264 0.837 0.274 0.832 0.279 0.791 0.306 0.765 0.308
0 0.277 0.5 0.251 0.5 0.239 0.497 0.21 0.474 0.203 0.466 0.188 0.437 0.182 0.422 0.179 0.399 0.178 0.377 0.181 0.354 0.187 0.329 0.195 0.31 0.209 0.289 0.226 0.273 0.252 0.26 0.282 0.26 0.299 0.267 0.314 0.276 0.327 0.289 0.34 0.306 0.351 0.333 0.356 0.357 0.357 0.397 0.356 0.416 0.351 0.434 0.344 0.454 0.331 0.472 0.328 0.471 0.325 0.475 0.323 0.475 0.319 0.482 0.309 0.49 0.293 0.498 0.277 0.5
0 0.647 0.456 0.607 0.45 0.593 0.443 0.577 0.427 0.561 0.407 0.554 0.393 0.547 0.373 0.546 0.358 0.547 0.348 0.547 0.332 0.552 0.322 0.554 0.309 0.561 0.291 0.568 0.282 0.573 0.269 0.584 0.255 0.595 0.246 0.608 0.241 0.616 0.235 0.641 0.233 0.647 0.238 0.653 0.238 0.663 0.242 0.681 0.255 0.696 0.274 0.701 0.289 0.706 0.296 0.714 0.328 0.715 0.346 0.714 0.37 0.705 0.401 0.691 0.423 0.676 0.441 0.667 0.448 0.647 0.456
0 0.806 0.992 0.775 0.984 0.768 0.981 0.763 0.974 0.75 0.973 0.735 0.964 0.73 0.96 0.728 0.955 0.712 0.943 0.705 0.933 0.698 0.914 0.691 0.908 0.687 0.9 0.68 0.87 0.679 0.856 0.68 0.851 0.677 0.846 0.679 0.812 0.682 0.795 0.685 0.783 0.689 0.781 0.693 0.768 0.704 0.752 0.715 0.743 0.748 0.736 0.775 0.736 0.784 0.731 0.791 0.731 0.795 0.728 0.811 0.727 0.818 0.724 0.842 0.726 0.864 0.741 0.88 0.757 0.894 0.78 0.905 0.805 0.906 0.812 0.91 0.817 0.919 0.87 0.919 0.926 0.918 0.927 0.918 0.923 0.915 0.938 0.902 0.957 0.894 0.965 0.87 0.981 0.867 0.979 0.846 0.989 0.839 0.988 0.829 0.991 0.826 0.989 0.822 0.991 0.817 0.989 0.814 0.992 0.809 0.99 0.806 0.992
0 0.528 0.0 0.55 0.021 0.561 0.038 0.572 0.072 0.578 0.095 0.579 0.111 0.578 0.129 0.571 0.15 0.556 0.17 0.533 0.184 0.508 0.193 0.498 0.206 0.483 0.214 0.47 0.212 0.458 0.208 0.45 0.202 0.442 0.191 0.434 0.178 0.424 0.156 0.422 0.145 0.417 0.132 0.414 0.112 0.414 0.089 0.416 0.073 0.422 0.05 0.439 0.021 0.449 0.01 0.465 0.0
0 0.806 0.691 0.793 0.689 0.782 0.691 0.771 0.688 0.753 0.677 0.738 0.658 0.722 0.633 0.713 0.614 0.705 0.591 0.702 0.57 0.702 0.559 0.707 0.542 0.707 0.536 0.715 0.515 0.727 0.499 0.736 0.491 0.764 0.474 0.78 0.473 0.804 0.477 0.834 0.496 0.848 0.511 0.86 0.531 0.87 0.56 0.873 0.574 0.873 0.605 0.868 0.627 0.858 0.649 0.842 0.672 0.832 0.68 0.821 0.687 0.806 0.691
0 0.373 0.882 0.368 0.882 0.364 0.876 0.356 0.874 0.34 0.875 0.337 0.878 0.324 0.88 0.308 0.872 0.297 0.861 0.286 0.84 0.276 0.809 0.276 0.768 0.283 0.733 0.289 0.717 0.299 0.699 0.31 0.685 0.336 0.671 0.353 0.666 0.395 0.665 0.407 0.669 0.414 0.675 0.432 0.7 0.437 0.71 0.438 0.72 0.437 0.743 0.444 0.771 0.442 0.794 0.439 0.821 0.423 0.855 0.414 0.865 0.4 0.876 0.373 0.882
0 0.875 0.502 0.838 0.5 0.814 0.481 0.799 0.475 0.786 0.457 0.775 0.436 0.768 0.405 0.767 0.385 0.771 0.358 0.776 0.336 0.785 0.321 0.787 0.312 0.792 0.306 0.821 0.286 0.822 0.282 0.829 0.281 0.835 0.276 0.845 0.272 0.891 0.284 0.918 0.306 0.929 0.321 0.936 0.337 0.948 0.383 0.948 0.405 0.946 0.425 0.942 0.431 0.937 0.446 0.926 0.467 0.916 0.477 0.915 0.48 0.913 0.479 0.9 0.49 0.88 0.498 0.875 0.502
0 0.644 0.781 0.623 0.774 0.607 0.764 0.598 0.748 0.592 0.745 0.591 0.74 0.583 0.73 0.576 0.705 0.574 0.693 0.578 0.637 0.587 0.61 0.598 0.597 0.61 0.586 0.637 0.576 0.658 0.577 0.67 0.58 0.684 0.587 0.7 0.598 0.707 0.607 0.719 0.629 0.723 0.641 0.725 0.655 0.724 0.7 0.717 0.719 0.715 0.734 0.704 0.755 0.687 0.772 0.677 0.777 0.647 0.778 0.644 0.781
0 0.447 0.529 0.433 0.528 0.429 0.526 0.412 0.528 0.404 0.523 0.397 0.522 0.393 0.517 0.379 0.51 0.375 0.505 0.372 0.498 0.364 0.491 0.361 0.482 0.355 0.476 0.352 0.468 0.353 0.462 0.348 0.452 0.348 0.444 0.353 0.431 0.353 0.426 0.358 0.411 0.357 0.363 0.356 0.348 0.352 0.337 0.356 0.336 0.363 0.325 0.383 0.307 0.403 0.296 0.42 0.291 0.438 0.293 0.452 0.298 0.474 0.319 0.478 0.317 0.478 0.31 0.477 0.308 0.478 0.301 0.481 0.299 0.487 0.299 0.493 0.308 0.488 0.311 0.488 0.317 0.483 0.324 0.482 0.33 0.505 0.356 0.51 0.364 0.515 0.384 0.515 0.392 0.517 0.402 0.515 0.403 0.517 0.415 0.5 0.469 0.492 0.484 0.486 0.49 0.484 0.497 0.48 0.504 0.466 0.513 0.461 0.521 0.447 0.529
0 0.36 0.316 0.344 0.316 0.336 0.301 0.307 0.269 0.283 0.26 0.277 0.246 0.273 0.231 0.271 0.194 0.273 0.177 0.283 0.146 0.294 0.126 0.31 0.107 0.321 0.099 0.333 0.095 0.347 0.094 0.371 0.098 0.392 0.108 0.401 0.115 0.408 0.123 0.42 0.143 0.432 0.183 0.436 0.199 0.436 0.217 0.433 0.24 0.427 0.262 0.42 0.275 0.404 0.295 0.376 0.312 0.366 0.312 0.36 0.316
0 0.203 0.941 0.19 0.94 0.169 0.931 0.16 0.925 0.151 0.914 0.145 0.909 0.131 0.884 0.128 0.875 0.124 0.86 0.124 0.839 0.13 0.817 0.139 0.792 0.152 0.77 0.157 0.767 0.166 0.757 0.176 0.752 0.189 0.742 0.202 0.736 0.231 0.738 0.242 0.741 0.249 0.747 0.272 0.775 0.276 0.809 0.284 0.834 0.29 0.85 0.29 0.856 0.287 0.862 0.287 0.871 0.283 0.882 0.26 0.916 0.246 0.928 0.235 0.934 0.219 0.939 0.203 0.941
0 0.564 0.63 0.552 0.63 0.542 0.627 0.517 0.612 0.498 0.59 0.486 0.567 0.484 0.558 0.484 0.51 0.491 0.484 0.498 0.471 0.514 0.45 0.524 0.44 0.556 0.425 0.575 0.428 0.579 0.431 0.58 0.436 0.599 0.445 0.609 0.455 0.612 0.453 0.619 0.46 0.623 0.47 0.628 0.474 0.638 0.505 0.636 0.54 0.626 0.578 0.602 0.592 0.591 0.604 0.583 0.619 0.572 0.627 0.564 0.63
0 0.307 0.688 0.277 0.686 0.252 0.672 0.23 0.65 0.219 0.633 0.213 0.621 0.208 0.599 0.206 0.581 0.206 0.562 0.212 0.518 0.222 0.5 0.228 0.492 0.234 0.492 0.238 0.498 0.245 0.497 0.26 0.501 0.287 0.501 0.315 0.487 0.321 0.483 0.325 0.477 0.329 0.476 0.356 0.494 0.36 0.5 0.361 0.506 0.366 0.51 0.368 0.516 0.374 0.524 0.375 0.531 0.383 0.557 0.38 0.57 0.381 0.582 0.375 0.615 0.37 0.626 0.369 0.634 0.355 0.662 0.346 0.669 0.325 0.676 0.307 0.688
0 0.525 0.829 0.496 0.826 0.482 0.818 0.457 0.794 0.449 0.781 0.444 0.768 0.438 0.738 0.439 0.715 0.443 0.695 0.456 0.657 0.473 0.628 0.486 0.617 0.503 0.608 0.514 0.608 0.518 0.613 0.534 0.621 0.541 0.627 0.561 0.631 0.558 0.633 0.564 0.637 0.57 0.654 0.575 0.66 0.574 0.686 0.576 0.702 0.582 0.726 0.586 0.734 0.583 0.752 0.554 0.813 0.541 0.824 0.525 0.829
0 0.098 0.791 0.084 0.791 0.071 0.786 0.056 0.778 0.05 0.772 0.044 0.759 0.038 0.741 0.033 0.734 0.029 0.695 0.026 0.69 0.022 0.689 0.019 0.68 0.019 0.658 0.023 0.645 0.032 0.625 0.055 0.603 0.078 0.586 0.107 0.569 0.121 0.564 0.139 0.564 0.166 0.58 0.183 0.6 0.191 0.619 0.2 0.658 0.202 0.675 0.202 0.7 0.193 0.726 0.171 0.755 0.165 0.756 0.144 0.771 0.131 0.778 0.098 0.791
0 0.295 0.0 0.297 0.007 0.309 0.023 0.311 0.03 0.314 0.046 0.316 0.103 0.309 0.109 0.307 0.113 0.293 0.127 0.284 0.142 0.276 0.161 0.264 0.167 0.246 0.171 0.24 0.176 0.236 0.174 0.234 0.176 0.195 0.163 0.184 0.157 0.176 0.148 0.171 0.132 0.167 0.1 0.163 0.086 0.158 0.072 0.141 0.039 0.141 0.028 0.143 0.026 0.151 0.0
0 0.999 0.597 0.978 0.59 0.97 0.585 0.95 0.562 0.931 0.524 0.929 0.508 0.929 0.463 0.942 0.432 0.96 0.412 0.969 0.404 0.978 0.4 0.997 0.397 0.999 0.397 1.0 0.403 0.999 0.59
