0 0.225 0.693 0.22 0.691 0.203 0.67 0.171 0.64 0.161 0.624 0.15 0.612 0.134 0.584 0.131 0.575 0.136 0.562 0.142 0.559 0.158 0.556 0.174 0.548 0.185 0.526 0.238 0.54 0.246 0.544 0.245 0.549 0.249 0.552 0.25 0.561 0.239 0.593 0.242 0.607 0.241 0.64 0.236 0.664 0.232 0.671 0.228 0.684 0.228 0.688 0.225 0.693
0 0.527 0.25 0.52 0.25 0.51 0.244 0.498 0.228 0.491 0.209 0.484 0.197 0.481 0.188 0.475 0.161 0.475 0.146 0.483 0.105 0.495 0.084 0.513 0.075 0.541 0.075 0.547 0.078 0.553 0.086 0.567 0.114 0.569 0.122 0.568 0.153 0.56 0.198 0.555 0.215 0.544 0.236 0.527 0.25
0 0.655 0.316 0.644 0.299 0.634 0.292 0.627 0.293 0.612 0.285 0.596 0.272 0.581 0.254 0.568 0.23 0.564 0.219 0.562 0.201 0.566 0.164 0.574 0.139 0.583 0.132 0.606 0.12 0.612 0.128 0.618 0.128 0.63 0.135 0.64 0.15 0.652 0.189 0.652 0.218 0.649 0.237 0.64 0.265 0.642 0.273 0.64 0.283 0.656 0.313 0.655 0.316
0 0.315 0.266 0.293 0.266 0.282 0.26 0.275 0.248 0.268 0.229 0.266 0.216 0.266 0.202 0.273 0.178 0.286 0.17 0.299 0.167 0.314 0.167 0.322 0.17 0.367 0.172 0.357 0.187 0.353 0.206 0.357 0.224 0.343 0.238 0.339 0.249 0.33 0.259 0.315 0.266
0 0.18 0.444 0.174 0.444 0.166 0.436 0.16 0.436 0.152 0.442 0.147 0.441 0.135 0.432 0.131 0.422 0.131 0.417 0.135 0.411 0.14 0.378 0.161 0.33 0.167 0.323 0.193 0.304 0.209 0.298 0.224 0.298 0.239 0.302 0.255 0.312 0.265 0.328 0.272 0.354 0.273 0.381 0.269 0.397 0.264 0.401 0.256 0.4 0.23 0.405 0.217 0.412 0.194 0.431 0.188 0.441 0.18 0.444
0 0.544 0.441 0.516 0.438 0.487 0.418 0.464 0.412 0.454 0.406 0.447 0.392 0.445 0.383 0.446 0.362 0.449 0.347 0.461 0.312 0.461 0.28 0.466 0.268 0.478 0.256 0.488 0.251 0.498 0.25 0.518 0.258 0.526 0.269 0.548 0.282 0.57 0.301 0.587 0.322 0.595 0.343 0.595 0.367 0.596 0.372 0.634 0.39 0.648 0.398 0.652 0.404 0.66 0.404 0.682 0.41 0.701 0.424 0.699 0.428 0.68 0.428 0.641 0.417 0.633 0.418 0.589 0.406 0.578 0.406 0.566 0.428 0.544 0.441
0 0.406 0.394 0.392 0.383 0.368 0.372 0.353 0.372 0.353 0.355 0.347 0.348 0.333 0.327 0.33 0.317 0.326 0.293 0.328 0.273 0.339 0.262 0.361 0.234 0.417 0.269 0.417 0.302 0.421 0.315 0.421 0.323 0.418 0.33 0.418 0.349 0.416 0.358 0.409 0.37 0.406 0.394
0 0.377 0.478 0.362 0.474 0.348 0.475 0.317 0.444 0.314 0.426 0.318 0.412 0.319 0.402 0.322 0.396 0.347 0.377 0.366 0.376 0.394 0.386 0.407 0.4 0.418 0.424 0.421 0.44 0.419 0.456 0.414 0.463 0.402 0.471 0.377 0.478
0 0.234 0.202 0.232 0.2 0.232 0.195 0.236 0.185 0.255 0.161 0.29 0.145 0.336 0.134 0.35 0.119 0.369 0.108 0.406 0.077 0.419 0.07 0.428 0.072 0.434 0.078 0.44 0.079 0.452 0.09 0.461 0.114 0.464 0.136 0.463 0.17 0.461 0.178 0.454 0.184 0.446 0.182 0.436 0.175 0.422 0.171 0.334 0.168 0.312 0.162 0.296 0.162 0.284 0.165 0.28 0.164 0.26 0.174 0.244 0.195 0.234 0.202
0 0.842 0.76 0.824 0.758 0.799 0.744 0.774 0.722 0.767 0.705 0.767 0.672 0.771 0.664 0.772 0.648 0.776 0.629 0.79 0.609 0.807 0.598 0.831 0.595 0.844 0.598 0.856 0.605 0.874 0.625 0.882 0.64 0.887 0.656 0.89 0.688 0.887 0.705 0.882 0.721 0.874 0.736 0.861 0.752 0.842 0.76
0 0.811 0.465 0.806 0.461 0.811 0.424 0.795 0.383 0.795 0.377 0.792 0.363 0.792 0.349 0.798 0.331 0.81 0.317 0.823 0.312 0.834 0.312 0.849 0.322 0.859 0.34 0.861 0.353 0.86 0.41 0.855 0.424 0.843 0.441 0.811 0.465
0 0.458 0.285 0.448 0.268 0.436 0.258 0.427 0.262 0.417 0.261 0.379 0.242 0.364 0.231 0.359 0.223 0.355 0.211 0.356 0.2 0.362 0.181 0.368 0.174 0.375 0.17 0.389 0.17 0.424 0.172 0.435 0.176 0.437 0.174 0.443 0.181 0.46 0.182 0.471 0.19 0.477 0.19 0.483 0.198 0.491 0.22 0.504 0.242 0.484 0.25 0.48 0.258 0.476 0.257 0.468 0.263 0.459 0.277 0.458 0.285
0 0.481 0.604 0.419 0.596 0.417 0.544 0.415 0.53 0.407 0.513 0.396 0.5 0.394 0.503 0.405 0.516 0.413 0.536 0.415 0.595 0.404 0.592 0.394 0.585 0.386 0.575 0.378 0.546 0.377 0.527 0.382 0.512 0.393 0.498 0.406 0.495 0.419 0.503 0.463 0.504 0.492 0.518 0.502 0.529 0.505 0.537 0.507 0.547 0.506 0.57 0.503 0.584 0.497 0.592 0.481 0.604
0 0.359 0.544 0.329 0.54 0.289 0.539 0.267 0.544 0.253 0.544 0.226 0.536 0.175 0.511 0.164 0.502 0.151 0.48 0.144 0.448 0.135 0.439 0.127 0.436 0.122 0.437 0.113 0.447 0.109 0.455 0.098 0.472 0.088 0.504 0.086 0.501 0.093 0.472 0.104 0.447 0.117 0.435 0.127 0.43 0.138 0.433 0.148 0.443 0.154 0.472 0.162 0.49 0.176 0.496 0.191 0.496 0.188 0.484 0.188 0.474 0.205 0.425 0.212 0.416 0.237 0.403 0.256 0.4 0.268 0.402 0.31 0.429 0.314 0.435 0.317 0.445 0.324 0.455 0.381 0.508 0.382 0.513 0.378 0.53 0.366 0.536 0.359 0.544
0 0.328 0.738 0.312 0.738 0.294 0.734 0.251 0.714 0.232 0.702 0.24 0.654 0.255 0.609 0.265 0.596 0.285 0.552 0.29 0.545 0.298 0.54 0.314 0.539 0.338 0.546 0.373 0.549 0.379 0.557 0.378 0.568 0.383 0.572 0.384 0.577 0.39 0.581 0.396 0.59 0.403 0.596 0.406 0.606 0.4 0.651 0.393 0.672 0.381 0.701 0.372 0.714 0.356 0.729 0.328 0.73
