0 0.604 0.661 0.572 0.659 0.553 0.654 0.508 0.624 0.494 0.608 0.487 0.604 0.469 0.579 0.46 0.561 0.445 0.519 0.436 0.483 0.431 0.446 0.431 0.379 0.436 0.336 0.448 0.285 0.465 0.242 0.477 0.22 0.497 0.188 0.511 0.17 0.535 0.147 0.553 0.134 0.577 0.12 0.612 0.104 0.678 0.085 0.718 0.084 0.743 0.089 0.794 0.104 0.855 0.135 0.895 0.17 0.918 0.198 0.935 0.235 0.952 0.302 0.958 0.342 0.96 0.375 0.955 0.427 0.943 0.476 0.925 0.516 0.915 0.53 0.906 0.537 0.899 0.549 0.887 0.561 0.841 0.588 0.816 0.597 0.786 0.599 0.766 0.596 0.749 0.588 0.74 0.581 0.736 0.581 0.722 0.589 0.709 0.601 0.671 0.621 0.657 0.636 0.63 0.654 0.604 0.661
0 0.165 0.0 0.187 0.014 0.226 0.05 0.274 0.117 0.283 0.135 0.29 0.161 0.291 0.202 0.294 0.251 0.293 0.282 0.286 0.309 0.274 0.332 0.255 0.358 0.217 0.378 0.187 0.4 0.171 0.415 0.148 0.446 0.1 0.453 0.07 0.452 0.028 0.439 0.0 0.423
0 0.292 0.146 0.288 0.145 0.275 0.121 0.249 0.087 0.241 0.07 0.221 0.044 0.181 0.01 0.168 0.002 0.326 0.002 0.307 0.074 0.3 0.124 0.296 0.139 0.292 0.146
0 0.62 0.0 0.623 0.021 0.623 0.051 0.61 0.105 0.563 0.129 0.525 0.157 0.496 0.191 0.467 0.239 0.451 0.277 0.439 0.326 0.43 0.39 0.43 0.437 0.413 0.44 0.405 0.439 0.399 0.419 0.383 0.398 0.367 0.386 0.348 0.376 0.331 0.357 0.313 0.315 0.302 0.283 0.296 0.259 0.291 0.203 0.293 0.156 0.302 0.111 0.308 0.068 0.327 0.0
0 0.428 0.909 0.409 0.909 0.388 0.905 0.339 0.881 0.268 0.862 0.229 0.846 0.201 0.828 0.163 0.797 0.144 0.775 0.134 0.758 0.121 0.724 0.115 0.691 0.109 0.598 0.11 0.545 0.119 0.509 0.134 0.47 0.161 0.427 0.185 0.4 0.225 0.371 0.249 0.361 0.269 0.357 0.296 0.357 0.31 0.36 0.347 0.374 0.374 0.388 0.387 0.4 0.394 0.41 0.402 0.425 0.406 0.439 0.43 0.437 0.431 0.439 0.439 0.493 0.45 0.531 0.461 0.56 0.477 0.59 0.507 0.622 0.541 0.646 0.562 0.657 0.566 0.683 0.566 0.725 0.564 0.748 0.556 0.784 0.542 0.815 0.508 0.866 0.489 0.886 0.465 0.901 0.445 0.907 0.428 0.909
0 0.0 0.421 0.029 0.437 0.064 0.449 0.084 0.451 0.127 0.448 0.136 0.449 0.134 0.469 0.117 0.516 0.11 0.552 0.109 0.6 0.113 0.641 0.113 0.666 0.089 0.65 0.065 0.641 0.032 0.634 0.0 0.635
0 0.338 0.369 0.31 0.36 0.283 0.356 0.262 0.358 0.229 0.368 0.227 0.367 0.227 0.36 0.234 0.362 0.237 0.357 0.249 0.357 0.263 0.343 0.279 0.317 0.292 0.282 0.294 0.271 0.297 0.269 0.327 0.345 0.333 0.357 0.338 0.362 0.34 0.367 0.338 0.369
0 0.719 0.0 0.735 0.043 0.729 0.065 0.721 0.083 0.664 0.088 0.61 0.106 0.61 0.097 0.622 0.053 0.623 0.024 0.62 0.0
0 1.0 0.0 1.0 0.333 0.998 0.338 0.981 0.357 0.96 0.376 0.953 0.313 0.941 0.259 0.927 0.218 0.907 0.186 0.882 0.16 0.865 0.145 0.827 0.121 0.78 0.101 0.722 0.086 0.729 0.066 0.739 0.029 0.745 0.014 0.753 0.0
0 0.0 0.636 0.018 0.633 0.049 0.636 0.09 0.65 0.111 0.666 0.114 0.671 0.116 0.698 0.121 0.722 0.129 0.746 0.139 0.767 0.154 0.79 0.202 0.831 0.205 0.857 0.215 0.886 0.218 0.911 0.215 0.962 0.215 1.0 0.0 1.0
0 0.232 0.994 0.214 0.994 0.218 0.91 0.216 0.891 0.206 0.857 0.204 0.831 0.232 0.847 0.258 0.858 0.309 0.871 0.343 0.883 0.392 0.907 0.426 0.911 0.455 0.907 0.453 0.931 0.45 0.935 0.444 0.931 0.437 0.933 0.433 0.925 0.43 0.928 0.421 0.926 0.408 0.929 0.405 0.938 0.405 0.945 0.408 0.951 0.407 0.955 0.397 0.949 0.377 0.928 0.362 0.92 0.33 0.917 0.302 0.923 0.28 0.936 0.263 0.95 0.247 0.97 0.232 0.994
0 0.997 0.489 0.968 0.482 0.941 0.479 0.952 0.435 0.959 0.377 0.977 0.361 0.999 0.336 1.0 0.486 0.997 0.489
0 0.633 0.712 0.59 0.711 0.567 0.707 0.566 0.699 0.566 0.661 0.613 0.66 0.648 0.646 0.65 0.649 0.651 0.681 0.649 0.705 0.648 0.708 0.633 0.712
0 0.843 0.89 0.808 0.888 0.764 0.873 0.725 0.848 0.69 0.812 0.673 0.786 0.664 0.768 0.651 0.727 0.648 0.705 0.649 0.693 0.653 0.66 0.658 0.639 0.666 0.628 0.674 0.62 0.704 0.604 0.737 0.58 0.759 0.593 0.782 0.598 0.81 0.597 0.841 0.587 0.882 0.563 0.892 0.555 0.92 0.52 0.933 0.498 0.94 0.481 0.968 0.482 0.999 0.493 0.999 0.833 0.967 0.86 0.94 0.875 0.886 0.886 0.878 0.89 0.864 0.888 0.843 0.89
0 0.661 0.999 0.601 0.998 0.583 0.975 0.558 0.957 0.533 0.95 0.492 0.952 0.49 0.947 0.49 0.937 0.485 0.937 0.484 0.929 0.481 0.924 0.476 0.927 0.472 0.936 0.466 0.938 0.465 0.912 0.467 0.902 0.484 0.891 0.504 0.872 0.533 0.831 0.548 0.803 0.56 0.766 0.566 0.706 0.581 0.709 0.618 0.711 0.635 0.711 0.648 0.708 0.66 0.757 0.677 0.791 0.706 0.827 0.73 0.849 0.749 0.862 0.755 0.874 0.76 0.904 0.759 0.907 0.727 0.916 0.697 0.936 0.677 0.963 0.661 0.999
0 0.232 1.0 0.23 0.996 0.233 0.99 0.262 0.95 0.275 0.939 0.302 0.922 0.328 0.917 0.361 0.919 0.375 0.925 0.401 0.951 0.407 0.954 0.404 0.939 0.409 0.927 0.417 0.925 0.43 0.926 0.433 0.924 0.438 0.93 0.451 0.932 0.454 0.909 0.46 0.903 0.466 0.904 0.468 0.937 0.473 0.935 0.476 0.927 0.481 0.923 0.484 0.926 0.486 0.935 0.49 0.937 0.49 0.945 0.493 0.95 0.536 0.949 0.557 0.955 0.585 0.974 0.595 0.987 0.599 0.996 0.598 0.999 0.232 1.0
0 0.999 1.0 0.662 1.0 0.662 0.998 0.673 0.969 0.691 0.942 0.709 0.927 0.728 0.916 0.766 0.905 0.813 0.909 0.842 0.899 0.875 0.898 0.884 0.896 0.906 0.881 0.937 0.874 0.947 0.877 0.966 0.877 0.999 0.898 0.999 1.0
0 1.0 0.898 0.968 0.879 0.946 0.874 0.944 0.87 0.981 0.846 1.0 0.83 1.0 0.89
