0 0.516 0.73 0.497 0.728 0.481 0.721 0.471 0.712 0.456 0.691 0.45 0.677 0.445 0.663 0.442 0.618 0.445 0.591 0.451 0.566 0.458 0.551 0.465 0.541 0.481 0.524 0.493 0.515 0.512 0.51 0.525 0.51 0.541 0.513 0.551 0.519 0.561 0.528 0.568 0.539 0.58 0.559 0.584 0.575 0.587 0.593 0.587 0.615 0.581 0.656 0.576 0.671 0.564 0.696 0.553 0.709 0.537 0.722 0.527 0.727 0.516 0.73
0 0.612 0.567 0.592 0.566 0.578 0.561 0.568 0.539 0.557 0.526 0.548 0.519 0.542 0.489 0.543 0.468 0.547 0.452 0.554 0.437 0.574 0.422 0.578 0.416 0.601 0.401 0.624 0.391 0.641 0.393 0.649 0.397 0.658 0.407 0.661 0.42 0.666 0.428 0.671 0.447 0.675 0.469 0.674 0.495 0.671 0.514 0.663 0.532 0.648 0.549 0.625 0.563 0.612 0.567
0 0.671 0.437 0.667 0.437 0.659 0.416 0.653 0.404 0.647 0.397 0.631 0.391 0.624 0.391 0.617 0.396 0.613 0.354 0.615 0.339 0.619 0.325 0.626 0.311 0.634 0.301 0.652 0.289 0.664 0.286 0.678 0.286 0.689 0.289 0.7 0.295 0.716 0.311 0.722 0.325 0.727 0.339 0.729 0.366 0.727 0.381 0.722 0.395 0.71 0.416 0.696 0.427 0.671 0.437
0 0.58 0.328 0.559 0.325 0.543 0.314 0.531 0.296 0.525 0.271 0.525 0.249 0.53 0.23 0.544 0.211 0.558 0.203 0.58 0.201 0.598 0.208 0.612 0.227 0.619 0.249 0.62 0.271 0.616 0.29 0.612 0.302 0.597 0.32 0.58 0.328
0 0.48 0.515 0.459 0.512 0.444 0.501 0.428 0.478 0.421 0.458 0.419 0.443 0.418 0.42 0.42 0.401 0.428 0.373 0.443 0.354 0.452 0.348 0.469 0.344 0.484 0.343 0.495 0.346 0.508 0.351 0.518 0.359 0.537 0.388 0.546 0.424 0.545 0.444 0.539 0.466 0.533 0.479 0.526 0.488 0.507 0.506 0.497 0.511 0.48 0.515
0 0.476 0.292 0.463 0.291 0.451 0.285 0.43 0.257 0.422 0.24 0.418 0.203 0.419 0.189 0.422 0.176 0.435 0.149 0.448 0.134 0.465 0.127 0.476 0.128 0.488 0.132 0.512 0.146 0.526 0.166 0.531 0.189 0.531 0.206 0.529 0.217 0.513 0.26 0.494 0.285 0.476 0.292
0 0.358 0.269 0.343 0.267 0.327 0.256 0.317 0.24 0.311 0.217 0.312 0.197 0.316 0.184 0.322 0.171 0.335 0.156 0.352 0.15 0.367 0.151 0.386 0.165 0.397 0.182 0.403 0.204 0.401 0.224 0.394 0.243 0.377 0.25 0.364 0.268 0.358 0.269
0 0.404 0.418 0.393 0.418 0.378 0.413 0.363 0.402 0.342 0.375 0.338 0.362 0.336 0.346 0.339 0.321 0.35 0.286 0.357 0.276 0.357 0.27 0.362 0.267 0.377 0.249 0.392 0.243 0.41 0.246 0.432 0.261 0.439 0.27 0.445 0.283 0.45 0.312 0.451 0.339 0.448 0.352 0.438 0.361 0.429 0.374 0.424 0.386 0.422 0.402 0.408 0.418 0.404 0.418
0 0.272 0.509 0.262 0.508 0.248 0.501 0.23 0.487 0.222 0.475 0.213 0.45 0.21 0.436 0.211 0.402 0.22 0.374 0.236 0.357 0.254 0.349 0.279 0.348 0.312 0.358 0.331 0.374 0.34 0.389 0.34 0.405 0.338 0.42 0.325 0.464 0.317 0.477 0.303 0.491 0.294 0.503 0.284 0.508 0.272 0.509
0 0.338 0.663 0.317 0.66 0.307 0.654 0.297 0.645 0.278 0.62 0.272 0.604 0.269 0.585 0.271 0.544 0.275 0.528 0.283 0.51 0.293 0.494 0.303 0.485 0.313 0.479 0.325 0.476 0.337 0.477 0.351 0.481 0.361 0.487 0.375 0.499 0.383 0.509 0.39 0.522 0.395 0.539 0.397 0.554 0.396 0.597 0.392 0.613 0.386 0.627 0.376 0.643 0.366 0.652 0.349 0.66 0.338 0.66
