0 0.307 0.672 0.272 0.669 0.244 0.662 0.227 0.651 0.216 0.649 0.207 0.644 0.193 0.628 0.183 0.621 0.171 0.6 0.165 0.579 0.155 0.556 0.15 0.528 0.152 0.485 0.157 0.454 0.167 0.426 0.185 0.394 0.211 0.365 0.25 0.336 0.284 0.319 0.296 0.315 0.324 0.311 0.35 0.313 0.375 0.322 0.392 0.333 0.41 0.352 0.431 0.384 0.439 0.407 0.447 0.45 0.449 0.468 0.449 0.489 0.447 0.506 0.441 0.535 0.43 0.566 0.413 0.596 0.394 0.62 0.374 0.641 0.343 0.662 0.317 0.671 0.307 0.672
0 0.511 0.857 0.473 0.851 0.44 0.839 0.419 0.825 0.393 0.804 0.375 0.786 0.356 0.759 0.343 0.731 0.335 0.702 0.325 0.684 0.324 0.669 0.338 0.665 0.356 0.655 0.376 0.639 0.394 0.62 0.418 0.588 0.436 0.552 0.477 0.554 0.494 0.559 0.528 0.575 0.56 0.596 0.575 0.613 0.591 0.641 0.599 0.673 0.603 0.705 0.615 0.72 0.621 0.733 0.624 0.763 0.619 0.773 0.609 0.781 0.594 0.787 0.589 0.787 0.582 0.808 0.568 0.829 0.56 0.832 0.553 0.84 0.532 0.853 0.511 0.857
0 0.88 0.799 0.873 0.799 0.864 0.795 0.858 0.795 0.853 0.791 0.848 0.791 0.846 0.786 0.835 0.776 0.786 0.732 0.775 0.724 0.762 0.698 0.748 0.657 0.74 0.62 0.738 0.595 0.739 0.549 0.745 0.518 0.754 0.489 0.764 0.47 0.776 0.452 0.789 0.438 0.809 0.423 0.831 0.411 0.845 0.393 0.859 0.384 0.868 0.388 0.885 0.408 0.895 0.416 0.913 0.426 0.927 0.437 0.943 0.444 0.955 0.461 0.969 0.486 0.982 0.521 0.992 0.568 0.995 0.609 0.994 0.635 0.989 0.67 0.979 0.701 0.966 0.729 0.945 0.756 0.934 0.768 0.919 0.777 0.903 0.785 0.893 0.793 0.88 0.799
0 0.854 0.998 0.665 0.998 0.662 0.997 0.636 0.972 0.626 0.958 0.611 0.934 0.603 0.914 0.594 0.882 0.592 0.86 0.586 0.831 0.586 0.814 0.592 0.788 0.599 0.783 0.614 0.777 0.621 0.77 0.624 0.762 0.624 0.744 0.628 0.738 0.665 0.716 0.689 0.707 0.715 0.705 0.738 0.709 0.748 0.712 0.759 0.719 0.777 0.725 0.786 0.732 0.838 0.778 0.848 0.789 0.861 0.811 0.868 0.829 0.874 0.849 0.878 0.873 0.882 0.905 0.901 0.936 0.907 0.954 0.908 0.968 0.906 0.977 0.903 0.981 0.889 0.987 0.872 0.986 0.864 0.987 0.854 0.998
0 0.076 0.882 0.065 0.882 0.059 0.879 0.053 0.873 0.039 0.872 0.022 0.859 0.014 0.847 0.003 0.838 0.001 0.831 0.001 0.597 0.013 0.557 0.036 0.513 0.048 0.498 0.057 0.491 0.064 0.493 0.071 0.498 0.091 0.523 0.1 0.527 0.11 0.525 0.115 0.52 0.12 0.51 0.122 0.495 0.13 0.471 0.141 0.457 0.154 0.448 0.157 0.447 0.151 0.492 0.151 0.535 0.155 0.556 0.165 0.58 0.171 0.601 0.183 0.622 0.195 0.631 0.204 0.642 0.21 0.647 0.225 0.651 0.239 0.659 0.243 0.662 0.243 0.667 0.237 0.691 0.225 0.724 0.212 0.746 0.183 0.79 0.165 0.808 0.15 0.826 0.135 0.837 0.119 0.84 0.097 0.868 0.084 0.879 0.076 0.882
0 0.105 0.526 0.099 0.526 0.09 0.522 0.07 0.498 0.063 0.493 0.016 0.478 0.0 0.468 0.0 0.047 0.009 0.048 0.019 0.041 0.031 0.041 0.045 0.045 0.065 0.058 0.072 0.067 0.09 0.078 0.108 0.092 0.119 0.104 0.149 0.147 0.155 0.161 0.164 0.176 0.176 0.212 0.183 0.237 0.189 0.272 0.191 0.306 0.191 0.33 0.187 0.372 0.182 0.395 0.18 0.404 0.167 0.427 0.16 0.443 0.137 0.462 0.129 0.473 0.122 0.494 0.121 0.506 0.117 0.517 0.112 0.522 0.105 0.526
0 0.186 0.391 0.185 0.388 0.186 0.385 0.186 0.371 0.19 0.33 0.19 0.287 0.188 0.265 0.176 0.213 0.165 0.179 0.151 0.153 0.15 0.149 0.177 0.113 0.192 0.1 0.207 0.091 0.23 0.084 0.248 0.081 0.27 0.084 0.292 0.091 0.302 0.1 0.311 0.105 0.322 0.12 0.329 0.142 0.332 0.164 0.339 0.186 0.341 0.247 0.336 0.277 0.329 0.298 0.325 0.31 0.323 0.312 0.296 0.316 0.282 0.32 0.248 0.338 0.216 0.361 0.186 0.391
0 0.081 0.0 0.078 0.01 0.072 0.02 0.048 0.044 0.024 0.04 0.016 0.042 0.01 0.048 0.0 0.047
0 0.32 0.0 0.31 0.025 0.293 0.052 0.269 0.077 0.262 0.081 0.248 0.08 0.23 0.083 0.202 0.093 0.185 0.09 0.164 0.079 0.151 0.07 0.119 0.034 0.11 0.016 0.104 0.0
0 0.521 0.0 0.537 0.026 0.545 0.044 0.548 0.057 0.552 0.09 0.549 0.155 0.529 0.182 0.506 0.228 0.501 0.26 0.501 0.287 0.5 0.297 0.488 0.311 0.478 0.319 0.461 0.338 0.452 0.344 0.441 0.347 0.438 0.356 0.424 0.371 0.421 0.369 0.41 0.353 0.392 0.334 0.38 0.325 0.367 0.318 0.366 0.311 0.363 0.301 0.346 0.266 0.342 0.243 0.339 0.208 0.339 0.177 0.341 0.157 0.348 0.12 0.357 0.089 0.37 0.054 0.378 0.038 0.388 0.02 0.403 0.0
0 0.758 0.0 0.758 0.045 0.755 0.074 0.744 0.128 0.733 0.162 0.729 0.168 0.669 0.132 0.653 0.127 0.613 0.126 0.59 0.13 0.568 0.141 0.549 0.155 0.552 0.097 0.55 0.051 0.554 0.027 0.56 0.0
0 0.664 0.453 0.649 0.453 0.633 0.451 0.627 0.447 0.613 0.445 0.596 0.439 0.574 0.427 0.54 0.398 0.534 0.383 0.514 0.35 0.507 0.334 0.501 0.294 0.501 0.258 0.505 0.229 0.521 0.195 0.539 0.166 0.564 0.143 0.584 0.132 0.609 0.125 0.64 0.125 0.664 0.129 0.719 0.162 0.742 0.18 0.752 0.193 0.76 0.208 0.762 0.221 0.766 0.231 0.774 0.261 0.777 0.295 0.789 0.318 0.791 0.341 0.787 0.354 0.781 0.362 0.768 0.372 0.756 0.399 0.738 0.422 0.721 0.435 0.7 0.446 0.686 0.451 0.664 0.45
