0 0.198 0.0 0.217 0.076 0.214 0.132 0.185 0.182 0.141 0.202 0.082 0.187 0.029 0.123 0.016 0.079 0.017 0.048 0.029 0.0
0 0.28 0.0 0.302 0.041 0.307 0.122 0.285 0.16 0.258 0.169 0.236 0.187 0.193 0.172 0.213 0.122 0.214 0.081 0.204 0.039 0.186 0.0
0 0.461 0.0 0.468 0.032 0.471 0.112 0.438 0.12 0.408 0.157 0.393 0.19 0.352 0.181 0.311 0.133 0.301 0.098 0.3 0.056 0.306 0.021 0.316 0.0
0 0.618 0.0 0.639 0.05 0.639 0.101 0.623 0.148 0.591 0.183 0.58 0.183 0.558 0.147 0.527 0.121 0.482 0.11 0.479 0.06 0.5 0.0
0 0.829 0.0 0.859 0.042 0.866 0.065 0.868 0.107 0.861 0.15 0.82 0.232 0.762 0.263 0.748 0.263 0.724 0.237 0.679 0.226 0.665 0.189 0.655 0.081 0.665 0.035 0.682 0.0
0 0.985 0.0 0.999 0.056 0.99 0.114 0.931 0.182 0.903 0.187 0.854 0.164 0.864 0.124 0.864 0.085 0.861 0.054 0.842 0.018 0.853 0.0
0 0.148 0.391 0.098 0.38 0.064 0.347 0.038 0.245 0.051 0.206 0.074 0.181 0.128 0.201 0.179 0.187 0.211 0.235 0.214 0.341 0.201 0.363 0.148 0.391
0 0.28 0.392 0.244 0.371 0.221 0.339 0.21 0.297 0.21 0.25 0.228 0.199 0.25 0.173 0.278 0.161 0.321 0.161 0.349 0.179 0.377 0.215 0.328 0.221 0.292 0.255 0.274 0.314 0.28 0.392
0 0.391 0.458 0.32 0.447 0.293 0.421 0.28 0.389 0.272 0.333 0.277 0.288 0.297 0.247 0.327 0.221 0.371 0.215 0.407 0.231 0.434 0.261 0.453 0.306 0.457 0.349 0.45 0.397 0.426 0.436 0.391 0.458
0 0.49 0.405 0.45 0.397 0.455 0.329 0.445 0.288 0.42 0.244 0.39 0.219 0.406 0.164 0.437 0.122 0.502 0.111 0.536 0.127 0.571 0.164 0.586 0.204 0.592 0.268 0.574 0.344 0.542 0.378 0.49 0.405
0 0.682 0.485 0.643 0.483 0.617 0.467 0.597 0.443 0.579 0.394 0.575 0.33 0.586 0.283 0.603 0.249 0.626 0.234 0.677 0.228 0.725 0.237 0.753 0.272 0.775 0.326 0.779 0.383 0.761 0.436 0.73 0.467 0.682 0.485
0 0.908 0.499 0.859 0.49 0.826 0.462 0.802 0.41 0.799 0.368 0.809 0.297 0.833 0.246 0.874 0.201 0.92 0.184 0.948 0.196 0.986 0.242 0.999 0.228 0.999 0.453 0.959 0.483 0.908 0.499
0 0.0 0.399 0.045 0.402 0.084 0.427 0.115 0.467 0.132 0.532 0.125 0.581 0.092 0.638 0.045 0.664 0.0 0.664
0 0.211 0.608 0.169 0.595 0.132 0.561 0.129 0.505 0.114 0.461 0.146 0.394 0.173 0.371 0.202 0.362 0.228 0.366 0.257 0.383 0.278 0.406 0.293 0.441 0.287 0.503 0.262 0.517 0.239 0.543 0.221 0.573 0.211 0.608
0 0.445 0.586 0.434 0.585 0.408 0.535 0.37 0.502 0.336 0.493 0.288 0.502 0.288 0.466 0.296 0.433 0.302 0.43 0.335 0.456 0.391 0.457 0.423 0.436 0.45 0.398 0.47 0.458 0.471 0.515 0.478 0.538 0.445 0.586
0 0.638 0.561 0.609 0.539 0.562 0.521 0.523 0.521 0.479 0.537 0.478 0.494 0.484 0.458 0.506 0.407 0.543 0.374 0.573 0.371 0.601 0.448 0.625 0.472 0.654 0.488 0.652 0.528 0.638 0.561
0 0.723 0.601 0.662 0.554 0.654 0.529 0.654 0.489 0.702 0.481 0.742 0.46 0.764 0.432 0.777 0.389 0.784 0.386 0.8 0.4 0.808 0.434 0.822 0.46 0.855 0.49 0.85 0.534 0.802 0.526 0.769 0.533 0.743 0.557 0.723 0.601
0 0.945 0.609 0.935 0.608 0.924 0.575 0.91 0.56 0.869 0.538 0.882 0.534 0.882 0.521 0.852 0.535 0.857 0.492 0.923 0.497 0.997 0.462 0.999 0.582 0.945 0.609
0 0.158 0.818 0.134 0.794 0.102 0.778 0.042 0.778 0.028 0.756 0.021 0.728 0.031 0.669 0.092 0.637 0.112 0.608 0.13 0.562 0.155 0.587 0.2 0.61 0.21 0.634 0.204 0.721 0.195 0.758 0.182 0.791 0.158 0.818
0 0.345 0.802 0.3 0.79 0.254 0.756 0.22 0.7 0.21 0.652 0.214 0.597 0.229 0.559 0.266 0.515 0.312 0.495 0.355 0.496 0.384 0.512 0.422 0.559 0.44 0.603 0.439 0.696 0.381 0.783 0.345 0.802
0 0.534 0.793 0.484 0.777 0.457 0.74 0.439 0.67 0.439 0.61 0.453 0.57 0.48 0.537 0.523 0.521 0.564 0.52 0.609 0.537 0.637 0.56 0.653 0.619 0.656 0.703 0.65 0.727 0.629 0.76 0.588 0.782 0.534 0.793
0 0.841 0.805 0.791 0.802 0.758 0.785 0.739 0.76 0.72 0.715 0.714 0.681 0.718 0.611 0.737 0.562 0.766 0.532 0.798 0.523 0.859 0.537 0.883 0.521 0.883 0.535 0.872 0.54 0.907 0.558 0.932 0.595 0.938 0.653 0.918 0.735 0.884 0.787 0.841 0.805
0 0.998 0.828 0.966 0.81 0.934 0.764 0.939 0.712 0.933 0.676 0.936 0.614 0.971 0.603 0.998 0.584 0.998 0.828
0 0.0 0.808 0.025 0.786 0.054 0.773 0.112 0.781 0.136 0.795 0.156 0.82 0.173 0.878 0.172 0.926 0.146 0.99 0.149 0.998 0.0 0.998
0 0.273 0.998 0.137 0.998 0.155 0.969 0.169 0.923 0.169 0.866 0.154 0.821 0.159 0.814 0.178 0.797 0.222 0.788 0.248 0.817 0.281 0.835 0.296 0.883 0.289 0.969 0.273 0.998
0 0.296 0.834 0.272 0.832 0.248 0.818 0.216 0.778 0.202 0.724 0.209 0.665 0.221 0.702 0.249 0.751 0.295 0.787 0.333 0.801 0.318 0.824 0.296 0.834
0 0.455 0.998 0.295 0.998 0.288 0.95 0.291 0.904 0.303 0.861 0.323 0.826 0.351 0.801 0.38 0.791 0.409 0.793 0.444 0.819 0.467 0.862 0.473 0.902 0.47 0.954 0.455 0.998
0 0.488 0.827 0.453 0.823 0.427 0.81 0.405 0.784 0.4 0.754 0.431 0.713 0.445 0.709 0.481 0.772 0.535 0.793 0.523 0.81 0.488 0.827
0 0.654 0.998 0.486 0.998 0.475 0.966 0.471 0.925 0.478 0.882 0.493 0.842 0.538 0.79 0.58 0.782 0.624 0.836 0.64 0.876 0.656 0.943 0.654 0.998
0 0.68 0.848 0.627 0.837 0.603 0.817 0.582 0.784 0.629 0.755 0.65 0.722 0.655 0.664 0.645 0.586 0.666 0.58 0.7 0.588 0.721 0.605 0.718 0.695 0.737 0.753 0.752 0.777 0.723 0.828 0.68 0.848
0 0.852 0.842 0.812 0.834 0.776 0.799 0.841 0.805 0.874 0.795 0.911 0.749 0.933 0.678 0.939 0.733 0.925 0.788 0.9 0.82 0.852 0.842
0 0.827 0.998 0.664 0.998 0.657 0.985 0.65 0.901 0.668 0.851 0.709 0.837 0.739 0.806 0.769 0.813 0.796 0.833 0.822 0.872 0.835 0.914 0.838 0.969 0.827 0.998
0 0.998 0.998 0.84 0.998 0.835 0.988 0.838 0.939 0.832 0.891 0.846 0.855 0.857 0.84 0.916 0.803 0.959 0.81 0.983 0.828 0.999 0.851 0.998 0.998
0 0.029 0.0 0.018 0.05 0.018 0.086 0.032 0.134 0.023 0.167 0.0 0.192
0 0.0 0.214 0.02 0.224 0.039 0.249 0.057 0.301 0.064 0.345 0.061 0.369 0.044 0.399 0.0 0.398
0 0.599 0.253 0.602 0.205 0.633 0.18 0.662 0.179 0.686 0.226 0.629 0.233 0.599 0.253
0 0.798 0.394 0.779 0.385 0.775 0.328 0.75 0.267 0.784 0.256 0.817 0.234 0.855 0.166 0.893 0.182 0.897 0.189 0.858 0.216 0.817 0.277 0.804 0.317 0.798 0.39
