0 0.587 0.686 0.569 0.685 0.546 0.676 0.533 0.665 0.524 0.653 0.509 0.643 0.491 0.619 0.482 0.589 0.482 0.536 0.485 0.518 0.492 0.499 0.503 0.482 0.512 0.475 0.526 0.452 0.539 0.442 0.553 0.436 0.571 0.434 0.595 0.439 0.619 0.452 0.632 0.463 0.653 0.488 0.667 0.513 0.68 0.55 0.685 0.569 0.686 0.592 0.682 0.613 0.675 0.632 0.664 0.649 0.644 0.665 0.626 0.67 0.611 0.68 0.587 0.686
0 0.363 0.607 0.345 0.606 0.328 0.597 0.316 0.586 0.295 0.558 0.287 0.543 0.277 0.512 0.274 0.494 0.275 0.471 0.28 0.452 0.288 0.435 0.316 0.399 0.349 0.375 0.382 0.368 0.4 0.369 0.414 0.375 0.427 0.385 0.446 0.409 0.454 0.424 0.459 0.44 0.461 0.457 0.46 0.504 0.455 0.522 0.448 0.539 0.419 0.575 0.407 0.585 0.394 0.592 0.384 0.6 0.363 0.607
0 0.74 0.58 0.716 0.577 0.704 0.57 0.693 0.559 0.678 0.539 0.668 0.519 0.664 0.5 0.663 0.477 0.667 0.449 0.672 0.433 0.679 0.418 0.694 0.399 0.705 0.388 0.717 0.381 0.74 0.376 0.75 0.376 0.788 0.388 0.801 0.399 0.81 0.41 0.818 0.425 0.827 0.453 0.83 0.469 0.83 0.488 0.828 0.506 0.823 0.521 0.807 0.55 0.798 0.561 0.785 0.572 0.772 0.578 0.74 0.58
0 0.814 0.416 0.797 0.395 0.78 0.384 0.756 0.377 0.742 0.376 0.724 0.378 0.706 0.387 0.698 0.376 0.69 0.361 0.685 0.345 0.682 0.313 0.685 0.296 0.69 0.28 0.704 0.256 0.729 0.237 0.756 0.227 0.774 0.225 0.812 0.237 0.825 0.248 0.834 0.259 0.842 0.274 0.847 0.29 0.852 0.323 0.851 0.346 0.847 0.365 0.837 0.388 0.826 0.405 0.814 0.416
0 0.446 0.404 0.442 0.404 0.433 0.391 0.42 0.38 0.4 0.371 0.384 0.367 0.375 0.336 0.375 0.304 0.384 0.273 0.396 0.256 0.407 0.245 0.421 0.237 0.448 0.227 0.472 0.227 0.486 0.233 0.501 0.243 0.519 0.267 0.528 0.298 0.528 0.33 0.519 0.361 0.501 0.385 0.478 0.398 0.446 0.404
0 0.638 0.466 0.623 0.454 0.589 0.437 0.56 0.435 0.543 0.441 0.532 0.42 0.528 0.401 0.527 0.378 0.528 0.352 0.533 0.329 0.541 0.312 0.549 0.3 0.576 0.278 0.59 0.272 0.608 0.271 0.642 0.284 0.655 0.294 0.664 0.306 0.679 0.335 0.688 0.376 0.687 0.396 0.684 0.411 0.674 0.428 0.666 0.447 0.654 0.458 0.638 0.466
0 0.668 0.311 0.66 0.3 0.649 0.29 0.625 0.276 0.609 0.271 0.591 0.272 0.571 0.281 0.558 0.292 0.544 0.31 0.538 0.293 0.536 0.276 0.537 0.25 0.541 0.232 0.549 0.215 0.558 0.203 0.569 0.192 0.581 0.185 0.594 0.182 0.613 0.183 0.638 0.193 0.651 0.203 0.66 0.215 0.668 0.23 0.673 0.246 0.676 0.277 0.673 0.294 0.668 0.311
0 0.833 0.258 0.821 0.244 0.812 0.238 0.774 0.226 0.756 0.227 0.732 0.236 0.718 0.245 0.708 0.257 0.703 0.242 0.701 0.225 0.702 0.202 0.706 0.183 0.716 0.163 0.729 0.147 0.746 0.137 0.761 0.133 0.76 0.127 0.761 0.122 0.765 0.124 0.77 0.134 0.788 0.137 0.802 0.143 0.815 0.153 0.824 0.165 0.836 0.192 0.839 0.208 0.84 0.227 0.837 0.244 0.833 0.258
0 0.55 0.196 0.545 0.177 0.539 0.165 0.523 0.148 0.49 0.133 0.478 0.134 0.463 0.139 0.462 0.123 0.464 0.11 0.471 0.094 0.479 0.082 0.5 0.067 0.516 0.061 0.528 0.06 0.556 0.073 0.569 0.088 0.578 0.112 0.578 0.139 0.568 0.169 0.557 0.187 0.55 0.193 0.55 0.196
0 0.517 0.265 0.505 0.248 0.499 0.242 0.486 0.233 0.469 0.226 0.45 0.226 0.425 0.235 0.422 0.221 0.424 0.197 0.437 0.166 0.448 0.149 0.463 0.138 0.477 0.133 0.489 0.133 0.523 0.148 0.539 0.165 0.547 0.188 0.547 0.216 0.537 0.247 0.529 0.258 0.517 0.265
0 0.669 0.233 0.665 0.222 0.657 0.209 0.653 0.208 0.642 0.195 0.626 0.185 0.605 0.182 0.593 0.182 0.58 0.186 0.576 0.169 0.577 0.149 0.582 0.134 0.593 0.117 0.602 0.109 0.62 0.102 0.659 0.103 0.676 0.11 0.693 0.129 0.699 0.141 0.703 0.156 0.703 0.172 0.701 0.185 0.689 0.214 0.68 0.225 0.669 0.23
