0 0.715 0.739 0.694 0.739 0.683 0.736 0.668 0.726 0.657 0.713 0.645 0.689 0.641 0.671 0.633 0.652 0.63 0.639 0.63 0.622 0.637 0.585 0.644 0.57 0.651 0.559 0.661 0.55 0.685 0.535 0.704 0.526 0.72 0.525 0.731 0.528 0.752 0.539 0.768 0.553 0.782 0.57 0.789 0.583 0.797 0.608 0.8 0.643 0.797 0.658 0.793 0.672 0.78 0.693 0.751 0.722 0.729 0.735 0.715 0.739
0 0.515 0.628 0.495 0.625 0.473 0.615 0.462 0.606 0.433 0.565 0.425 0.545 0.421 0.529 0.42 0.508 0.422 0.493 0.436 0.452 0.452 0.431 0.467 0.418 0.48 0.413 0.498 0.41 0.518 0.411 0.528 0.414 0.554 0.429 0.564 0.438 0.577 0.456 0.59 0.479 0.595 0.5 0.596 0.521 0.593 0.547 0.585 0.571 0.578 0.584 0.564 0.604 0.554 0.614 0.533 0.625 0.515 0.628
0 0.619 0.393 0.604 0.392 0.592 0.387 0.58 0.378 0.572 0.368 0.565 0.354 0.561 0.341 0.559 0.326 0.56 0.305 0.564 0.289 0.574 0.264 0.59 0.243 0.604 0.234 0.624 0.228 0.645 0.228 0.665 0.239 0.681 0.26 0.689 0.287 0.69 0.306 0.69 0.326 0.681 0.353 0.66 0.381 0.64 0.392 0.619 0.393
0 0.349 0.311 0.329 0.308 0.312 0.3 0.301 0.291 0.293 0.281 0.286 0.267 0.281 0.253 0.279 0.238 0.28 0.221 0.284 0.197 0.295 0.169 0.305 0.154 0.315 0.145 0.326 0.139 0.337 0.136 0.35 0.136 0.36 0.14 0.374 0.148 0.39 0.163 0.397 0.173 0.404 0.188 0.408 0.205 0.411 0.229 0.409 0.257 0.404 0.271 0.397 0.284 0.39 0.294 0.378 0.303 0.366 0.308 0.349 0.311
0 0.579 0.823 0.563 0.822 0.538 0.812 0.517 0.799 0.507 0.789 0.49 0.768 0.483 0.755 0.478 0.734 0.477 0.712 0.484 0.667 0.495 0.638 0.502 0.628 0.527 0.628 0.551 0.617 0.564 0.605 0.581 0.579 0.592 0.585 0.602 0.594 0.612 0.609 0.626 0.634 0.641 0.673 0.643 0.688 0.643 0.709 0.633 0.755 0.618 0.795 0.61 0.805 0.6 0.814 0.59 0.82 0.579 0.823
0 0.76 0.54 0.756 0.54 0.738 0.528 0.724 0.524 0.705 0.525 0.69 0.53 0.681 0.535 0.679 0.533 0.671 0.515 0.67 0.495 0.666 0.479 0.659 0.464 0.65 0.452 0.656 0.428 0.669 0.407 0.692 0.389 0.742 0.374 0.76 0.374 0.774 0.378 0.786 0.386 0.798 0.4 0.807 0.418 0.811 0.442 0.81 0.463 0.805 0.484 0.799 0.501 0.785 0.523 0.772 0.535 0.76 0.54
0 0.63 0.642 0.617 0.615 0.607 0.599 0.595 0.587 0.582 0.579 0.591 0.558 0.595 0.542 0.597 0.522 0.595 0.495 0.586 0.47 0.574 0.448 0.566 0.438 0.553 0.427 0.571 0.421 0.594 0.421 0.612 0.426 0.646 0.448 0.657 0.462 0.666 0.479 0.67 0.499 0.67 0.516 0.68 0.537 0.67 0.542 0.656 0.554 0.641 0.575 0.635 0.591 0.63 0.614 0.63 0.642
0 0.356 0.518 0.344 0.517 0.326 0.512 0.299 0.494 0.288 0.48 0.274 0.455 0.266 0.429 0.262 0.423 0.261 0.417 0.265 0.41 0.267 0.393 0.274 0.373 0.286 0.353 0.3 0.342 0.314 0.336 0.336 0.334 0.364 0.342 0.392 0.365 0.402 0.38 0.412 0.401 0.416 0.417 0.417 0.438 0.412 0.464 0.406 0.481 0.396 0.496 0.386 0.505 0.368 0.515 0.356 0.518
0 0.476 0.379 0.444 0.377 0.416 0.363 0.402 0.351 0.389 0.33 0.385 0.316 0.383 0.301 0.393 0.292 0.405 0.271 0.411 0.25 0.411 0.225 0.413 0.223 0.423 0.217 0.434 0.215 0.453 0.215 0.487 0.223 0.498 0.229 0.508 0.238 0.522 0.26 0.526 0.274 0.53 0.298 0.529 0.319 0.523 0.34 0.516 0.353 0.505 0.366 0.493 0.375 0.476 0.379
0 0.385 0.517 0.382 0.516 0.382 0.511 0.391 0.504 0.402 0.489 0.41 0.474 0.417 0.44 0.418 0.423 0.415 0.406 0.409 0.388 0.399 0.374 0.4 0.372 0.414 0.362 0.444 0.378 0.476 0.38 0.488 0.377 0.492 0.38 0.499 0.394 0.503 0.409 0.477 0.413 0.457 0.424 0.445 0.436 0.435 0.452 0.42 0.498 0.404 0.504 0.385 0.517
0 0.447 0.715 0.417 0.714 0.401 0.711 0.382 0.703 0.372 0.693 0.36 0.674 0.351 0.647 0.351 0.602 0.357 0.567 0.367 0.541 0.382 0.52 0.406 0.504 0.418 0.499 0.42 0.499 0.419 0.521 0.422 0.54 0.438 0.576 0.457 0.602 0.467 0.612 0.49 0.625 0.499 0.628 0.485 0.659 0.479 0.68 0.477 0.7 0.464 0.709 0.447 0.71
