0 0.37 0.509 0.348 0.504 0.293 0.462 0.284 0.45 0.275 0.429 0.266 0.398 0.262 0.372 0.26 0.322 0.262 0.299 0.268 0.261 0.278 0.222 0.291 0.192 0.306 0.165 0.322 0.147 0.341 0.136 0.357 0.134 0.386 0.137 0.405 0.167 0.416 0.189 0.425 0.218 0.433 0.265 0.427 0.336 0.432 0.389 0.424 0.431 0.414 0.462 0.402 0.486 0.386 0.503 0.37 0.509
0 0.503 0.484 0.481 0.477 0.456 0.452 0.44 0.42 0.431 0.384 0.426 0.338 0.43 0.291 0.44 0.248 0.456 0.211 0.448 0.175 0.449 0.171 0.452 0.173 0.454 0.181 0.457 0.184 0.455 0.188 0.46 0.201 0.483 0.187 0.499 0.184 0.515 0.189 0.536 0.205 0.559 0.23 0.559 0.241 0.572 0.286 0.576 0.321 0.574 0.352 0.568 0.391 0.559 0.425 0.548 0.449 0.538 0.463 0.523 0.477 0.503 0.484
0 0.288 0.789 0.266 0.784 0.245 0.764 0.236 0.749 0.224 0.718 0.219 0.703 0.214 0.677 0.211 0.646 0.212 0.616 0.216 0.59 0.223 0.568 0.212 0.562 0.206 0.54 0.205 0.523 0.209 0.491 0.201 0.475 0.2 0.445 0.202 0.438 0.205 0.439 0.203 0.445 0.204 0.458 0.205 0.465 0.208 0.468 0.205 0.47 0.206 0.475 0.208 0.482 0.211 0.484 0.219 0.455 0.217 0.423 0.22 0.42 0.226 0.422 0.237 0.4 0.239 0.401 0.239 0.407 0.226 0.449 0.23 0.48 0.238 0.483 0.245 0.492 0.252 0.492 0.257 0.5 0.259 0.509 0.268 0.504 0.283 0.505 0.295 0.51 0.31 0.525 0.333 0.562 0.34 0.585 0.347 0.62 0.348 0.672 0.344 0.701 0.337 0.729 0.311 0.777 0.3 0.786 0.288 0.789
0 0.405 0.999 0.331 0.999 0.317 0.974 0.302 0.927 0.298 0.895 0.298 0.859 0.303 0.814 0.31 0.788 0.319 0.763 0.331 0.742 0.343 0.726 0.363 0.713 0.376 0.71 0.387 0.71 0.409 0.72 0.431 0.746 0.441 0.769 0.446 0.79 0.45 0.821 0.451 0.86 0.445 0.914 0.437 0.945 0.427 0.967 0.416 0.987 0.405 0.999
0 0.247 0.98 0.218 0.973 0.2 0.961 0.187 0.943 0.175 0.907 0.179 0.865 0.179 0.821 0.175 0.799 0.177 0.784 0.183 0.762 0.192 0.742 0.207 0.717 0.218 0.705 0.236 0.75 0.251 0.773 0.267 0.786 0.284 0.791 0.292 0.819 0.293 0.838 0.295 0.84 0.297 0.853 0.298 0.905 0.292 0.926 0.274 0.961 0.247 0.98
0 0.114 0.999 0.082 0.999 0.059 0.962 0.053 0.943 0.048 0.915 0.046 0.871 0.048 0.831 0.053 0.807 0.063 0.777 0.075 0.754 0.085 0.739 0.097 0.728 0.113 0.719 0.139 0.719 0.148 0.728 0.162 0.748 0.174 0.79 0.179 0.823 0.178 0.883 0.17 0.922 0.154 0.962 0.138 0.985 0.123 0.996 0.114 0.999
0 0.0 0.787 0.009 0.779 0.032 0.774 0.052 0.779 0.053 0.789 0.058 0.786 0.048 0.836 0.046 0.867 0.047 0.909 0.054 0.943 0.059 0.957 0.081 0.997 0.0 0.997
0 0.175 0.786 0.161 0.747 0.142 0.721 0.121 0.717 0.1 0.724 0.099 0.717 0.101 0.695 0.101 0.64 0.11 0.601 0.12 0.577 0.13 0.562 0.145 0.548 0.158 0.542 0.173 0.54 0.202 0.547 0.205 0.549 0.21 0.563 0.212 0.607 0.21 0.646 0.214 0.699 0.209 0.713 0.186 0.752 0.175 0.786
0 0.0 0.494 0.02 0.485 0.047 0.49 0.06 0.5 0.083 0.531 0.09 0.546 0.096 0.575 0.096 0.661 0.098 0.666 0.093 0.67 0.092 0.676 0.096 0.703 0.094 0.729 0.076 0.752 0.054 0.789 0.052 0.779 0.04 0.775 0.011 0.777 0.0 0.772
0 0.17 0.0 0.18 0.028 0.181 0.018 0.185 0.016 0.209 0.03 0.228 0.051 0.241 0.071 0.241 0.077 0.251 0.085 0.257 0.094 0.256 0.097 0.253 0.096 0.242 0.081 0.242 0.098 0.239 0.127 0.248 0.158 0.252 0.181 0.257 0.221 0.257 0.249 0.255 0.286 0.249 0.322 0.235 0.367 0.225 0.389 0.208 0.418 0.192 0.434 0.174 0.444 0.159 0.446 0.142 0.443 0.127 0.432 0.114 0.416 0.093 0.374 0.081 0.333 0.073 0.285 0.071 0.239 0.074 0.184 0.066 0.201 0.058 0.2 0.071 0.171 0.087 0.112 0.104 0.069 0.123 0.04 0.146 0.04 0.133 0.016 0.131 0.0
0 0.0 0.093 0.013 0.084 0.032 0.08 0.073 0.095 0.084 0.122 0.076 0.157 0.066 0.183 0.058 0.196 0.059 0.2 0.066 0.199 0.075 0.181 0.072 0.228 0.072 0.262 0.075 0.291 0.083 0.342 0.083 0.35 0.065 0.37 0.043 0.38 0.022 0.375 0.0 0.355
0 0.084 0.121 0.072 0.096 0.03 0.081 0.013 0.083 0.027 0.059 0.042 0.045 0.06 0.04 0.082 0.047 0.093 0.056 0.101 0.069 0.084 0.121
0 0.13 0.0 0.134 0.017 0.147 0.04 0.133 0.038 0.123 0.041 0.101 0.069 0.098 0.063 0.092 0.036 0.09 0.0
0 0.319 0.0 0.331 0.024 0.339 0.048 0.347 0.104 0.347 0.134 0.325 0.146 0.305 0.169 0.286 0.203 0.272 0.243 0.257 0.228 0.251 0.173 0.239 0.128 0.242 0.1 0.241 0.083 0.255 0.098 0.257 0.093 0.221 0.041 0.227 0.02 0.239 0.0
0 0.174 0.511 0.134 0.507 0.124 0.499 0.115 0.488 0.11 0.473 0.096 0.462 0.087 0.437 0.087 0.405 0.08 0.373 0.08 0.358 0.084 0.355 0.088 0.359 0.108 0.403 0.122 0.425 0.146 0.443 0.165 0.445 0.18 0.441 0.196 0.43 0.219 0.406 0.22 0.419 0.217 0.425 0.218 0.455 0.211 0.482 0.209 0.483 0.206 0.477 0.206 0.471 0.207 0.467 0.204 0.463 0.203 0.447 0.205 0.44 0.201 0.438 0.199 0.446 0.2 0.475 0.203 0.488 0.195 0.494 0.19 0.506 0.174 0.511
0 0.0 0.364 0.001 0.357 0.017 0.374 0.037 0.383 0.047 0.382 0.074 0.37 0.08 0.383 0.084 0.399 0.085 0.42 0.084 0.452 0.094 0.464 0.111 0.477 0.108 0.49 0.104 0.49 0.073 0.461 0.072 0.467 0.073 0.484 0.078 0.515 0.075 0.519 0.069 0.516 0.057 0.499 0.039 0.489 0.02 0.486 0.002 0.494 0.0 0.491
0 0.311 0.526 0.297 0.512 0.284 0.506 0.267 0.506 0.259 0.512 0.257 0.501 0.252 0.493 0.245 0.493 0.241 0.486 0.261 0.47 0.282 0.473 0.294 0.483 0.305 0.5 0.311 0.516 0.311 0.526
0 0.382 0.635 0.356 0.631 0.348 0.625 0.337 0.575 0.331 0.559 0.314 0.526 0.314 0.51 0.317 0.482 0.327 0.485 0.356 0.506 0.378 0.506 0.392 0.497 0.402 0.485 0.422 0.442 0.43 0.464 0.434 0.5 0.425 0.551 0.423 0.594 0.416 0.61 0.404 0.624 0.394 0.632 0.382 0.635
0 0.472 0.688 0.46 0.683 0.446 0.667 0.435 0.647 0.427 0.62 0.425 0.599 0.424 0.57 0.427 0.538 0.433 0.513 0.445 0.481 0.461 0.461 0.479 0.476 0.493 0.483 0.507 0.484 0.523 0.479 0.521 0.523 0.497 0.517 0.503 0.525 0.521 0.537 0.527 0.576 0.539 0.613 0.52 0.612 0.504 0.621 0.488 0.645 0.472 0.688
0 0.421 0.732 0.409 0.719 0.386 0.71 0.363 0.713 0.337 0.732 0.348 0.678 0.348 0.638 0.374 0.635 0.386 0.643 0.399 0.656 0.408 0.673 0.416 0.695 0.421 0.719 0.421 0.732
0 0.508 0.88 0.495 0.879 0.486 0.873 0.472 0.859 0.468 0.851 0.46 0.79 0.46 0.77 0.464 0.727 0.469 0.701 0.479 0.667 0.497 0.63 0.507 0.618 0.517 0.612 0.531 0.611 0.539 0.616 0.533 0.592 0.534 0.574 0.531 0.554 0.52 0.536 0.502 0.524 0.497 0.516 0.532 0.531 0.54 0.541 0.546 0.56 0.551 0.557 0.563 0.56 0.568 0.529 0.567 0.51 0.564 0.502 0.567 0.5 0.57 0.505 0.573 0.521 0.57 0.553 0.568 0.564 0.566 0.566 0.547 0.57 0.55 0.614 0.564 0.626 0.584 0.584 0.585 0.573 0.583 0.563 0.588 0.557 0.593 0.558 0.594 0.567 0.592 0.59 0.58 0.628 0.584 0.633 0.589 0.627 0.595 0.627 0.601 0.636 0.603 0.649 0.602 0.673 0.611 0.698 0.612 0.712 0.61 0.724 0.601 0.733 0.594 0.726 0.586 0.708 0.584 0.708 0.585 0.743 0.583 0.767 0.576 0.794 0.564 0.829 0.554 0.848 0.54 0.864 0.525 0.875 0.508 0.88
0 0.676 0.998 0.604 0.998 0.592 0.982 0.579 0.957 0.569 0.921 0.565 0.898 0.563 0.878 0.563 0.848 0.566 0.824 0.588 0.756 0.601 0.74 0.619 0.727 0.633 0.724 0.653 0.729 0.669 0.74 0.679 0.752 0.689 0.769 0.703 0.8 0.71 0.831 0.713 0.862 0.71 0.919 0.703 0.952 0.694 0.978 0.683 0.996 0.676 0.998
0 0.846 0.999 0.718 0.998 0.711 0.943 0.711 0.908 0.714 0.866 0.727 0.812 0.737 0.792 0.748 0.779 0.762 0.767 0.778 0.761 0.806 0.769 0.818 0.779 0.83 0.795 0.84 0.814 0.851 0.848 0.857 0.872 0.86 0.9 0.861 0.959 0.859 0.984 0.856 0.999 0.846 0.999
0 0.714 0.861 0.712 0.857 0.705 0.814 0.692 0.776 0.673 0.745 0.654 0.728 0.658 0.706 0.678 0.652 0.683 0.642 0.692 0.635 0.716 0.633 0.725 0.636 0.732 0.66 0.743 0.685 0.757 0.705 0.78 0.721 0.784 0.74 0.784 0.762 0.76 0.769 0.738 0.792 0.728 0.811 0.714 0.861
0 0.859 0.805 0.835 0.8 0.809 0.771 0.785 0.761 0.78 0.721 0.8 0.721 0.817 0.716 0.83 0.706 0.839 0.694 0.851 0.673 0.86 0.65 0.868 0.62 0.874 0.568 0.877 0.566 0.893 0.584 0.902 0.6 0.907 0.615 0.914 0.652 0.915 0.692 0.908 0.742 0.897 0.771 0.881 0.792 0.859 0.805
0 0.584 0.634 0.579 0.628 0.592 0.591 0.594 0.562 0.589 0.558 0.584 0.564 0.585 0.571 0.584 0.586 0.564 0.627 0.562 0.628 0.551 0.618 0.547 0.57 0.563 0.569 0.568 0.564 0.572 0.54 0.571 0.509 0.569 0.502 0.564 0.501 0.567 0.512 0.568 0.532 0.563 0.561 0.553 0.558 0.546 0.561 0.537 0.537 0.521 0.525 0.523 0.483 0.522 0.478 0.54 0.462 0.554 0.437 0.563 0.409 0.572 0.373 0.592 0.367 0.61 0.374 0.628 0.396 0.632 0.45 0.639 0.478 0.648 0.506 0.648 0.515 0.642 0.558 0.626 0.6 0.604 0.629 0.599 0.632 0.591 0.627 0.584 0.634
0 0.79 0.609 0.774 0.584 0.761 0.559 0.741 0.539 0.724 0.552 0.724 0.57 0.727 0.585 0.724 0.587 0.722 0.58 0.717 0.581 0.714 0.576 0.713 0.562 0.711 0.558 0.687 0.552 0.675 0.544 0.659 0.526 0.648 0.506 0.637 0.475 0.632 0.45 0.628 0.414 0.627 0.371 0.635 0.316 0.645 0.284 0.655 0.265 0.67 0.246 0.685 0.236 0.696 0.232 0.713 0.233 0.728 0.241 0.739 0.251 0.75 0.269 0.765 0.302 0.774 0.331 0.778 0.381 0.779 0.427 0.772 0.469 0.797 0.495 0.799 0.5 0.795 0.503 0.766 0.495 0.748 0.53 0.761 0.548 0.779 0.579 0.789 0.599 0.791 0.605 0.79 0.609
0 0.82 0.723 0.777 0.719 0.753 0.699 0.743 0.684 0.732 0.66 0.726 0.638 0.721 0.604 0.72 0.582 0.723 0.581 0.724 0.588 0.727 0.584 0.723 0.571 0.724 0.553 0.741 0.54 0.759 0.557 0.782 0.6 0.789 0.61 0.791 0.608 0.79 0.602 0.766 0.557 0.748 0.531 0.765 0.494 0.799 0.5 0.798 0.495 0.79 0.491 0.772 0.47 0.779 0.43 0.784 0.424 0.81 0.424 0.827 0.434 0.844 0.452 0.859 0.478 0.868 0.508 0.873 0.534 0.874 0.562 0.873 0.584 0.868 0.619 0.862 0.646 0.853 0.671 0.835 0.701 0.828 0.718 0.825 0.722 0.82 0.723
0 0.583 0.358 0.577 0.357 0.574 0.352 0.574 0.306 0.569 0.275 0.559 0.242 0.56 0.232 0.539 0.208 0.521 0.194 0.521 0.18 0.537 0.154 0.546 0.127 0.551 0.136 0.554 0.136 0.572 0.091 0.591 0.084 0.607 0.088 0.625 0.103 0.643 0.138 0.654 0.196 0.653 0.24 0.644 0.283 0.627 0.322 0.605 0.349 0.583 0.358
0 0.868 0.496 0.864 0.495 0.857 0.475 0.847 0.456 0.833 0.44 0.817 0.428 0.807 0.424 0.793 0.424 0.788 0.428 0.775 0.449 0.778 0.419 0.776 0.352 0.792 0.317 0.8 0.287 0.821 0.285 0.842 0.298 0.843 0.292 0.841 0.283 0.827 0.279 0.84 0.275 0.845 0.259 0.852 0.249 0.866 0.248 0.875 0.256 0.876 0.26 0.853 0.259 0.848 0.265 0.844 0.275 0.851 0.281 0.855 0.291 0.857 0.302 0.857 0.318 0.862 0.335 0.864 0.336 0.887 0.293 0.891 0.277 0.898 0.273 0.901 0.277 0.901 0.283 0.896 0.294 0.895 0.306 0.896 0.373 0.888 0.399 0.884 0.406 0.875 0.409 0.874 0.413 0.869 0.449 0.868 0.496
0 0.776 0.348 0.769 0.314 0.76 0.291 0.751 0.27 0.734 0.246 0.721 0.237 0.708 0.232 0.691 0.233 0.671 0.245 0.672 0.225 0.675 0.198 0.683 0.188 0.695 0.147 0.701 0.133 0.727 0.114 0.742 0.112 0.754 0.116 0.764 0.123 0.775 0.138 0.794 0.177 0.807 0.171 0.829 0.15 0.828 0.159 0.8 0.196 0.804 0.215 0.812 0.219 0.813 0.223 0.805 0.235 0.8 0.29 0.795 0.309 0.788 0.329 0.776 0.348
0 0.423 0.0 0.418 0.045 0.42 0.079 0.433 0.135 0.448 0.169 0.451 0.185 0.451 0.188 0.448 0.193 0.434 0.206 0.428 0.208 0.423 0.206 0.413 0.181 0.386 0.137 0.375 0.135 0.369 0.126 0.367 0.114 0.364 0.053 0.366 0.023 0.37 0.0
0 0.905 0.999 0.857 0.998 0.861 0.958 0.861 0.913 0.858 0.882 0.851 0.846 0.835 0.802 0.854 0.814 0.861 0.821 0.87 0.835 0.882 0.861 0.892 0.895 0.898 0.945 0.906 0.955 0.912 0.971 0.913 0.988 0.911 0.997 0.905 0.999
0 0.989 0.999 0.939 0.999 0.931 0.995 0.919 0.984 0.919 0.941 0.921 0.931 0.918 0.934 0.916 0.942 0.917 0.984 0.914 0.984 0.909 0.961 0.899 0.95 0.896 0.938 0.891 0.892 0.88 0.855 0.881 0.826 0.892 0.781 0.898 0.775 0.911 0.745 0.928 0.729 0.932 0.712 0.938 0.711 0.947 0.721 0.982 0.727 1.0 0.717 1.0 0.993 0.989 0.999
0 0.984 0.726 0.959 0.72 0.953 0.708 0.947 0.691 0.944 0.675 0.966 0.683 0.971 0.679 0.955 0.67 0.94 0.655 0.939 0.618 0.942 0.59 0.95 0.565 0.954 0.565 0.963 0.579 0.965 0.577 0.957 0.56 0.955 0.554 0.957 0.551 0.962 0.555 0.984 0.586 0.988 0.584 0.989 0.573 0.973 0.557 0.964 0.541 0.979 0.525 0.999 0.518 1.0 0.714 0.984 0.726
0 0.986 0.587 0.954 0.545 0.947 0.547 0.962 0.571 0.964 0.579 0.945 0.559 0.934 0.571 0.927 0.573 0.906 0.552 0.889 0.543 0.888 0.538 0.87 0.511 0.867 0.502 0.869 0.451 0.874 0.413 0.875 0.409 0.887 0.403 0.895 0.381 0.896 0.323 0.914 0.317 0.936 0.324 0.959 0.346 0.975 0.38 0.983 0.413 0.985 0.44 0.982 0.472 0.973 0.503 0.982 0.49 0.987 0.476 0.989 0.46 0.987 0.419 0.99 0.423 0.989 0.466 0.986 0.488 0.981 0.504 0.975 0.514 0.961 0.527 0.961 0.535 0.972 0.556 0.989 0.573 0.989 0.581 0.986 0.587
0 0.977 0.341 0.97 0.338 0.966 0.327 0.959 0.322 0.943 0.329 0.92 0.317 0.896 0.321 0.897 0.295 0.902 0.282 0.902 0.277 0.899 0.272 0.894 0.273 0.89 0.279 0.89 0.286 0.886 0.293 0.875 0.267 0.874 0.262 0.876 0.255 0.863 0.238 0.865 0.194 0.867 0.174 0.868 0.172 0.87 0.178 0.873 0.179 0.878 0.172 0.876 0.145 0.884 0.136 0.892 0.115 0.895 0.113 0.897 0.119 0.898 0.119 0.901 0.1 0.909 0.093 0.922 0.088 0.949 0.094 0.969 0.113 0.987 0.149 0.995 0.192 0.995 0.223 0.993 0.246 0.986 0.278 0.988 0.279 0.994 0.271 0.997 0.253 0.999 0.259 0.997 0.28 1.0 0.285 1.0 0.302 0.994 0.301 0.987 0.325 0.977 0.341
0 0.796 0.177 0.793 0.176 0.777 0.141 0.76 0.12 0.742 0.112 0.72 0.115 0.723 0.097 0.732 0.067 0.75 0.033 0.775 0.018 0.788 0.019 0.798 0.024 0.816 0.044 0.825 0.063 0.833 0.093 0.836 0.115 0.837 0.139 0.822 0.157 0.796 0.177
0 0.666 0.233 0.654 0.225 0.653 0.196 0.645 0.148 0.644 0.137 0.646 0.12 0.651 0.113 0.674 0.107 0.678 0.102 0.668 0.098 0.653 0.103 0.645 0.116 0.64 0.135 0.622 0.099 0.601 0.085 0.601 0.075 0.604 0.064 0.609 0.083 0.612 0.083 0.609 0.056 0.615 0.046 0.634 0.032 0.656 0.029 0.666 0.031 0.686 0.049 0.697 0.054 0.698 0.07 0.702 0.079 0.701 0.088 0.703 0.095 0.708 0.097 0.705 0.109 0.706 0.125 0.695 0.148 0.671 0.229 0.666 0.233
0 0.761 0.0 0.749 0.034 0.735 0.061 0.716 0.082 0.703 0.081 0.698 0.069 0.696 0.052 0.688 0.05 0.659 0.024 0.645 0.023 0.638 0.0
0 0.922 0.0 0.918 0.023 0.908 0.058 0.914 0.063 0.913 0.075 0.909 0.083 0.907 0.094 0.901 0.103 0.901 0.113 0.898 0.12 0.893 0.116 0.884 0.138 0.876 0.147 0.878 0.173 0.872 0.18 0.87 0.18 0.868 0.17 0.863 0.169 0.853 0.154 0.849 0.137 0.844 0.138 0.838 0.131 0.834 0.102 0.825 0.062 0.809 0.035 0.793 0.021 0.793 0.011 0.803 0.0
0 1.0 0.0 1.0 0.171 0.993 0.174 0.987 0.148 0.971 0.116 0.956 0.099 0.937 0.087 0.932 0.062 0.932 0.046 0.934 0.014 0.937 0.0
0 0.69 0.622 0.663 0.619 0.649 0.612 0.645 0.609 0.634 0.592 0.635 0.582 0.644 0.548 0.649 0.51 0.669 0.538 0.679 0.547 0.709 0.557 0.713 0.562 0.714 0.577 0.72 0.582 0.72 0.599 0.704 0.617 0.69 0.622
0 0.581 0.778 0.585 0.75 0.584 0.709 0.587 0.709 0.594 0.727 0.601 0.733 0.607 0.73 0.611 0.72 0.612 0.703 0.602 0.674 0.602 0.644 0.599 0.632 0.615 0.616 0.629 0.649 0.648 0.704 0.648 0.71 0.641 0.726 0.622 0.727 0.602 0.741 0.59 0.756 0.581 0.778
0 0.465 0.999 0.441 0.997 0.424 0.976 0.442 0.926 0.448 0.896 0.451 0.866 0.452 0.839 0.45 0.81 0.441 0.766 0.46 0.756 0.461 0.757 0.461 0.807 0.468 0.853 0.477 0.866 0.49 0.876 0.501 0.88 0.518 0.879 0.524 0.895 0.525 0.907 0.524 0.925 0.515 0.963 0.504 0.986 0.492 0.998 0.465 0.999
0 0.333 0.999 0.275 0.999 0.29 0.974 0.297 0.951 0.305 0.936 0.318 0.974 0.333 0.999
0 0.599 0.998 0.531 0.997 0.537 0.986 0.548 0.98 0.559 0.96 0.577 0.964 0.58 0.959 0.59 0.979 0.603 0.997 0.599 0.998
0 0.377 0.139 0.347 0.133 0.348 0.112 0.344 0.078 0.337 0.042 0.329 0.017 0.364 0.016 0.367 0.011 0.364 0.053 0.366 0.11 0.371 0.131 0.383 0.137 0.377 0.139
0 0.37 0.0 0.365 0.016 0.341 0.019 0.33 0.018 0.319 0.0
0 0.294 0.469 0.257 0.466 0.253 0.44 0.25 0.436 0.24 0.434 0.235 0.425 0.239 0.403 0.235 0.396 0.235 0.384 0.251 0.31 0.257 0.243 0.26 0.237 0.265 0.237 0.27 0.244 0.261 0.31 0.261 0.349 0.262 0.376 0.266 0.398 0.275 0.43 0.284 0.45 0.296 0.467 0.294 0.469
0 0.096 0.727 0.094 0.725 0.096 0.696 0.092 0.676 0.093 0.67 0.097 0.665 0.095 0.66 0.096 0.577 0.089 0.544 0.078 0.52 0.078 0.514 0.071 0.471 0.073 0.457 0.102 0.487 0.107 0.49 0.11 0.485 0.113 0.485 0.136 0.507 0.17 0.512 0.191 0.504 0.2 0.514 0.203 0.528 0.202 0.544 0.195 0.546 0.175 0.54 0.157 0.542 0.135 0.556 0.12 0.576 0.107 0.608 0.101 0.638 0.101 0.684 0.108 0.72 0.096 0.727
0 0.554 0.0 0.558 0.018 0.551 0.094 0.546 0.126 0.537 0.154 0.526 0.173 0.513 0.187 0.492 0.184 0.475 0.191 0.454 0.179 0.437 0.149 0.43 0.129 0.42 0.081 0.418 0.062 0.419 0.035 0.423 0.0
0 0.211 0.998 0.142 0.997 0.145 0.992 0.162 0.984 0.185 0.981 0.216 0.997 0.211 0.998
0 0.579 0.0 0.571 0.022 0.567 0.008 0.562 0.
