0 0.262 0.6 0.222 0.598 0.197 0.589 0.172 0.573 0.15 0.551 0.138 0.535 0.119 0.495 0.118 0.473 0.122 0.458 0.155 0.397 0.18 0.37 0.21 0.35 0.234 0.342 0.269 0.341 0.299 0.351 0.326 0.371 0.343 0.391 0.351 0.433 0.365 0.467 0.365 0.488 0.356 0.532 0.334 0.565 0.322 0.577 0.305 0.589 0.277 0.598 0.262 0.6
0 0.306 0.841 0.275 0.84 0.241 0.83 0.188 0.802 0.163 0.792 0.139 0.776 0.133 0.768 0.133 0.754 0.139 0.728 0.151 0.712 0.185 0.683 0.227 0.632 0.26 0.607 0.287 0.594 0.304 0.591 0.333 0.592 0.349 0.597 0.363 0.606 0.394 0.642 0.403 0.703 0.375 0.79 0.367 0.801 0.346 0.825 0.306 0.841
0 0.13 0.389 0.108 0.386 0.097 0.379 0.074 0.346 0.07 0.327 0.07 0.295 0.074 0.272 0.076 0.235 0.088 0.19 0.097 0.169 0.105 0.154 0.13 0.119 0.145 0.103 0.172 0.089 0.212 0.079 0.236 0.084 0.258 0.096 0.279 0.122 0.297 0.178 0.298 0.225 0.292 0.269 0.266 0.318 0.25 0.335 0.238 0.344 0.206 0.352 0.188 0.351 0.162 0.367 0.152 0.382 0.13 0.389
0 0.48 0.524 0.431 0.519 0.403 0.504 0.38 0.486 0.366 0.467 0.355 0.444 0.346 0.415 0.342 0.374 0.347 0.346 0.353 0.33 0.362 0.31 0.378 0.292 0.403 0.269 0.442 0.251 0.467 0.243 0.507 0.247 0.537 0.259 0.583 0.289 0.656 0.346 0.667 0.37 0.667 0.41 0.664 0.428 0.653 0.449 0.628 0.467 0.524 0.517 0.48 0.524
0 0.643 0.818 0.633 0.817 0.601 0.804 0.585 0.791 0.567 0.77 0.541 0.692 0.539 0.659 0.542 0.609 0.556 0.576 0.576 0.544 0.582 0.536 0.614 0.512 0.636 0.509 0.656 0.511 0.675 0.523 0.705 0.554 0.731 0.592 0.737 0.62 0.74 0.645 0.731 0.698 0.714 0.737 0.66 0.811 0.643 0.818
0 0.525 0.934 0.498 0.931 0.478 0.921 0.44 0.882 0.397 0.824 0.381 0.796 0.378 0.776 0.391 0.737 0.4 0.724 0.418 0.711 0.431 0.706 0.471 0.696 0.53 0.69 0.544 0.7 0.554 0.739 0.572 0.776 0.585 0.792 0.608 0.806 0.632 0.817 0.63 0.846 0.625 0.865 0.613 0.884 0.599 0.898 0.561 0.922 0.537 0.933 0.525 0.934
0 0.811 0.87 0.782 0.868 0.74 0.857 0.718 0.845 0.667 0.805 0.668 0.8 0.705 0.75 0.726 0.71 0.735 0.681 0.739 0.641 0.798 0.64 0.831 0.653 0.857 0.677 0.883 0.72 0.892 0.755 0.891 0.792 0.883 0.819 0.851 0.86 0.811 0.87
0 0.61 0.306 0.539 0.26 0.515 0.249 0.493 0.244 0.477 0.185 0.477 0.156 0.487 0.115 0.5 0.09 0.517 0.07 0.546 0.046 0.593 0.043 0.617 0.051 0.641 0.069 0.661 0.099 0.676 0.128 0.682 0.162 0.682 0.183 0.681 0.201 0.675 0.23 0.659 0.262 0.643 0.285 0.624 0.299 0.61 0.306
0 0.75 0.641 0.739 0.64 0.737 0.616 0.728 0.588 0.721 0.577 0.721 0.571 0.733 0.481 0.755 0.44 0.762 0.398 0.778 0.378 0.796 0.361 0.824 0.348 0.884 0.348 0.918 0.368 0.938 0.393 0.961 0.438 0.96 0.488 0.953 0.519 0.943 0.541 0.916 0.575 0.888 0.596 0.825 0.62 0.796 0.639 0.75 0.641
0 0.791 0.362 0.775 0.362 0.746 0.351 0.725 0.32 0.697 0.293 0.671 0.246 0.68 0.207 0.682 0.159 0.678 0.137 0.683 0.117 0.701 0.09 0.718 0.075 0.768 0.077 0.802 0.085 0.835 0.116 0.861 0.171 0.867 0.204 0.867 0.243 0.862 0.277 0.84 0.343 0.791 0.362
0 0.345 0.359 0.334 0.35 0.32 0.328 0.299 0.268 0.298 0.212 0.301 0.188 0.309 0.162 0.322 0.14 0.35 0.116 0.402 0.092 0.425 0.089 0.443 0.095 0.471 0.127 0.477 0.147 0.478 0.19 0.493 0.245 0.46 0.244 0.42 0.26 0.396 0.275 0.361 0.313 0.346 0.346 0.345 0.359
0 0.684 0.528 0.663 0.515 0.643 0.509 0.615 0.511 0.602 0.521 0.593 0.522 0.564 0.514 0.551 0.506 0.566 0.495 0.632 0.464 0.654 0.448 0.663 0.429 0.667 0.414 0.666 0.37 0.661 0.356 0.654 0.344 0.607 0.306 0.63 0.296 0.647 0.28 0.661 0.281 0.68 0.287 0.72 0.314 0.747 0.351 0.76 0.388 0.758 0.433 0.746 0.46 0.73 0.488 0.708 0.51 0.684 0.528
0 0.503 0.692 0.49 0.691 0.477 0.683 0.463 0.681 0.405 0.651 0.393 0.639 0.371 0.61 0.354 0.568 0.354 0.539 0.365 0.493 0.364 0.464 0.378 0.485 0.427 0.519 0.476 0.524 0.527 0.514 0.534 0.524 0.538 0.546 0.541 0.61 0.538 0.678 0.527 0.69 0.518 0.688 0.503 0.69
