0 0.37 0.79 0.348 0.787 0.328 0.776 0.301 0.749 0.285 0.723 0.272 0.689 0.267 0.661 0.267 0.63 0.271 0.598 0.278 0.573 0.287 0.555 0.303 0.533 0.317 0.522 0.34 0.511 0.367 0.506 0.386 0.506 0.419 0.511 0.436 0.52 0.446 0.53 0.459 0.546 0.472 0.571 0.483 0.608 0.484 0.639 0.482 0.659 0.466 0.708 0.444 0.748 0.432 0.764 0.417 0.776 0.408 0.78 0.37 0.79
0 0.108 0.364 0.092 0.361 0.063 0.334 0.043 0.3 0.037 0.282 0.034 0.269 0.035 0.229 0.042 0.204 0.049 0.196 0.059 0.189 0.084 0.183 0.082 0.17 0.086 0.167 0.091 0.171 0.09 0.175 0.092 0.182 0.128 0.18 0.139 0.182 0.152 0.19 0.168 0.211 0.176 0.242 0.177 0.274 0.175 0.293 0.168 0.322 0.159 0.341 0.152 0.348 0.108 0.364
0 0.249 0.471 0.236 0.47 0.224 0.462 0.2 0.44 0.186 0.421 0.176 0.4 0.171 0.383 0.167 0.359 0.168 0.338 0.171 0.32 0.178 0.306 0.189 0.292 0.2 0.283 0.22 0.272 0.235 0.267 0.274 0.268 0.288 0.274 0.302 0.283 0.316 0.3 0.323 0.313 0.329 0.331 0.333 0.354 0.333 0.394 0.33 0.411 0.322 0.43 0.314 0.442 0.296 0.459 0.289 0.464 0.249 0.471
0 0.408 0.425 0.382 0.418 0.354 0.392 0.346 0.379 0.337 0.357 0.328 0.321 0.327 0.288 0.335 0.247 0.345 0.226 0.354 0.214 0.358 0.209 0.37 0.203 0.393 0.199 0.419 0.199 0.45 0.212 0.467 0.231 0.482 0.256 0.488 0.269 0.494 0.29 0.495 0.312 0.492 0.333 0.484 0.356 0.473 0.377 0.452 0.404 0.438 0.416 0.419 0.424 0.408 0.425
0 0.655 0.432 0.629 0.428 0.615 0.421 0.604 0.41 0.595 0.394 0.587 0.37 0.584 0.345 0.583 0.306 0.587 0.274 0.596 0.248 0.607 0.226 0.63 0.207 0.647 0.203 0.666 0.204 0.683 0.208 0.697 0.216 0.704 0.209 0.709 0.214 0.706 0.222 0.728 0.239 0.741 0.262 0.746 0.285 0.742 0.324 0.727 0.368 0.708 0.4 0.684 0.421 0.655 0.432
0 0.78 0.528 0.767 0.525 0.745 0.504 0.736 0.487 0.728 0.457 0.728 0.435 0.732 0.416 0.742 0.379 0.754 0.348 0.763 0.33 0.776 0.313 0.79 0.302 0.806 0.294 0.817 0.292 0.835 0.293 0.862 0.302 0.88 0.312 0.89 0.323 0.913 0.352 0.924 0.375 0.926 0.396 0.926 0.425 0.923 0.444 0.917 0.463 0.896 0.496 0.882 0.509 0.863 0.521 0.846 0.516 0.827 0.516 0.796 0.522 0.78 0.528
0 0.84 0.78 0.826 0.779 0.804 0.772 0.786 0.763 0.767 0.75 0.741 0.724 0.735 0.712 0.727 0.69 0.724 0.67 0.723 0.648 0.724 0.616 0.728 0.592 0.737 0.568 0.746 0.554 0.76 0.539 0.771 0.532 0.793 0.523 0.826 0.516 0.844 0.516 0.859 0.52 0.869 0.527 0.898 0.559 0.92 0.59 0.932 0.616 0.936 0.638 0.935 0.66 0.929 0.686 0.918 0.716 0.906 0.735 0.874 0.768 0.86 0.775 0.84 0.78
0 0.539 0.226 0.514 0.221 0.487 0.203 0.472 0.179 0.467 0.162 0.464 0.144 0.465 0.127 0.47 0.104 0.486 0.076 0.501 0.059 0.512 0.051 0.536 0.046 0.552 0.047 0.561 0.051 0.573 0.06 0.584 0.072 0.596 0.096 0.602 0.128 0.598 0.161 0.591 0.181 0.583 0.196 0.568 0.212 0.556 0.22 0.539 0.226
0 0.766 0.275 0.756 0.274 0.744 0.268 0.732 0.245 0.712 0.225 0.706 0.189 0.707 0.168 0.709 0.155 0.714 0.141 0.725 0.121 0.735 0.108 0.744 0.101 0.755 0.096 0.772 0.094 0.786 0.096 0.802 0.104 0.81 0.086 0.816 0.086 0.818 0.091 0.807 0.107 0.827 0.128 0.839 0.152 0.842 0.168 0.842 0.185 0.839 0.202 0.829 0.227 0.813 0.252 0.791 0.268 0.766 0.275
0 0.302 0.282 0.286 0.272 0.274 0.268 0.233 0.266 0.217 0.252 0.202 0.231 0.189 0.201 0.183 0.17 0.184 0.151 0.188 0.133 0.194 0.119 0.201 0.109 0.241 0.086 0.252 0.082 0.264 0.082 0.278 0.086 0.297 0.098 0.312 0.11 0.319 0.121 0.327 0.137 0.333 0.157 0.335 0.176 0.335 0.199 0.329 0.238 0.324 0.256 0.313 0.273 0.302 0.282
0 0.432 0.156 0.408 0.154 0.386 0.144 0.369 0.128 0.357 0.105 0.352 0.084 0.353 0.058 0.363 0.022 0.375 0.0 0.454 0.0 0.469 0.019 0.48 0.038 0.483 0.056 0.482 0.078 0.467 0.109 0.464 0.133 0.452 0.15 0.432 0.15
