0 0.206 1.0 0.045 1.0 0.042 0.979 0.047 0.961 0.052 0.954 0.07 0.942 0.054 0.94 0.044 0.934 0.03 0.908 0.027 0.891 0.051 0.869 0.061 0.89 0.072 0.903 0.085 0.908 0.099 0.909 0.123 0.904 0.135 0.897 0.146 0.888 0.16 0.887 0.174 0.881 0.188 0.872 0.204 0.852 0.217 0.825 0.23 0.784 0.237 0.791 0.241 0.806 0.251 0.822 0.256 0.855 0.261 0.871 0.279 0.895 0.292 0.906 0.294 0.923 0.29 0.937 0.267 0.96 0.262 0.959 0.255 0.939 0.249 0.955 0.231 0.981 0.206 1.0
0 0.0 0.892 0.016 0.892 0.027 0.888 0.03 0.905 0.042 0.929 0.054 0.94 0.067 0.94 0.071 0.943 0.035 0.967 0.02 0.971 0.008 0.971 0.0 0.978
0 0.399 0.98 0.345 0.971 0.32 0.962 0.303 0.952 0.288 0.938 0.294 0.924 0.294 0.913 0.29 0.905 0.279 0.894 0.292 0.898 0.309 0.897 0.323 0.913 0.341 0.921 0.361 0.918 0.382 0.907 0.396 0.926 0.409 0.935 0.421 0.94 0.442 0.939 0.459 0.93 0.458 0.951 0.445 0.965 0.427 0.975 0.399 0.98
0 0.589 0.999 0.478 0.999 0.469 0.99 0.462 0.976 0.459 0.929 0.469 0.921 0.468 0.917 0.464 0.915 0.463 0.903 0.469 0.892 0.482 0.889 0.493 0.882 0.505 0.866 0.514 0.833 0.519 0.766 0.556 0.763 0.567 0.767 0.578 0.775 0.582 0.774 0.61 0.83 0.627 0.848 0.649 0.862 0.653 0.871 0.648 0.905 0.638 0.931 0.605 0.988 0.596 0.999 0.589 0.999
0 0.712 0.986 0.701 0.986 0.676 0.976 0.662 0.965 0.654 0.953 0.643 0.922 0.654 0.872 0.686 0.883 0.706 0.885 0.724 0.88 0.745 0.866 0.766 0.871 0.772 0.87 0.79 0.864 0.821 0.843 0.841 0.82 0.848 0.83 0.857 0.856 0.865 0.891 0.862 0.921 0.849 0.948 0.836 0.962 0.825 0.968 0.812 0.973 0.794 0.973 0.781 0.979 0.759 0.978 0.74 0.962 0.725 0.98 0.712 0.986
0 0.956 0.933 0.915 0.931 0.887 0.921 0.866 0.907 0.865 0.889 0.859 0.862 0.85 0.831 0.842 0.817 0.846 0.795 0.847 0.771 0.88 0.802 0.897 0.808 0.953 0.801 0.968 0.794 0.985 0.771 1.0 0.778 1.0 0.905 0.978 0.925 0.956 0.933
0 0.905 0.808 0.892 0.807 0.872 0.798 0.846 0.775 0.846 0.732 0.834 0.696 0.817 0.666 0.79 0.637 0.773 0.624 0.774 0.613 0.785 0.598 0.821 0.595 0.839 0.591 0.864 0.579 0.882 0.566 0.909 0.577 0.918 0.595 0.937 0.61 0.963 0.621 0.998 0.625 1.0 0.627 1.0 0.78 0.993 0.777 0.985 0.777 0.979 0.781 0.975 0.789 0.962 0.798 0.936 0.805 0.905 0.808
0 0.579 0.769 0.555 0.758 0.537 0.758 0.529 0.752 0.527 0.739 0.518 0.721 0.514 0.694 0.531 0.688 0.544 0.678 0.571 0.653 0.582 0.63 0.605 0.617 0.627 0.609 0.648 0.59 0.662 0.571 0.674 0.583 0.69 0.591 0.623 0.622 0.607 0.632 0.599 0.641 0.591 0.66 0.584 0.698 0.572 0.717 0.573 0.741 0.579 0.769
0 0.498 0.699 0.489 0.696 0.476 0.672 0.462 0.657 0.447 0.647 0.422 0.638 0.405 0.634 0.387 0.635 0.366 0.642 0.344 0.655 0.341 0.652 0.337 0.627 0.338 0.603 0.346 0.586 0.361 0.572 0.36 0.551 0.362 0.54 0.378 0.517 0.409 0.49 0.434 0.49 0.434 0.513 0.437 0.527 0.456 0.567 0.463 0.576 0.462 0.582 0.456 0.59 0.456 0.6 0.459 0.608 0.467 0.615 0.472 0.618 0.48 0.618 0.5 0.609 0.513 0.622 0.529 0.63 0.55 0.634 0.582 0.631 0.581 0.641 0.559 0.668 0.532 0.688 0.498 0.699
0 0.254 0.787 0.241 0.786 0.229 0.779 0.232 0.754 0.233 0.713 0.229 0.676 0.221 0.651 0.211 0.636 0.194 0.621 0.185 0.615 0.169 0.612 0.168 0.608 0.179 0.589 0.195 0.577 0.22 0.579 0.239 0.574 0.258 0.576 0.289 0.57 0.315 0.578 0.33 0.594 0.335 0.604 0.339 0.645 0.342 0.655 0.334 0.662 0.317 0.665 0.306 0.671 0.282 0.698 0.266 0.731 0.254 0.787
0 0.0 0.614 0.026 0.588 0.052 0.557 0.072 0.525 0.077 0.505 0.081 0.501 0.113 0.509 0.146 0.532 0.165 0.539 0.178 0.564 0.192 0.574 0.192 0.578 0.178 0.591 0.167 0.611 0.134 0.615 0.118 0.625 0.109 0.635 0.077 0.62 0.057 0.618 0.021 0.625 0.0 0.639
0 0.0 0.275 0.03 0.26 0.024 0.292 0.026 0.315 0.035 0.337 0.051 0.354 0.05 0.376 0.056 0.394 0.069 0.41 0.085 0.421 0.108 0.432 0.127 0.436 0.098 0.447 0.056 0.443 0.049 0.425 0.026 0.391 0.011 0.38 0.0 0.378
0 0.167 0.541 0.144 0.531 0.129 0.518 0.114 0.509 0.096 0.503 0.077 0.502 0.076 0.482 0.069 0.463 0.054 0.443 0.099 0.447 0.111 0.444 0.125 0.436 0.147 0.434 0.139 0.459 0.136 0.485 0.136 0.5 0.145 0.52 0.155 0.531 0.169 0.539 0.167 0.541
0 0.338 0.601 0.314 0.577 0.288 0.569 0.312 0.555 0.325 0.544 0.342 0.516 0.347 0.496 0.348 0.479 0.345 0.466 0.335 0.446 0.381 0.478 0.409 0.49 0.382 0.512 0.367 0.53 0.36 0.548 0.361 0.572 0.346 0.586 0.338 0.601
0 0.222 0.578 0.203 0.578 0.182 0.568 0.173 0.558 0.167 0.539 0.151 0.529 0.143 0.519 0.137 0.507 0.135 0.486 0.139 0.455 0.146 0.434 0.178 0.421 0.258 0.371 0.27 0.389 0.298 0.42 0.335 0.446 0.347 0.469 0.348 0.494 0.344 0.512 0.335 0.53 0.325 0.544 0.31 0.556 0.273 0.574 0.239 0.574 0.222 0.578
0 0.373 0.216 0.351 0.213 0.324 0.204 0.315 0.19 0.311 0.188 0.291 0.2 0.257 0.15 0.26 0.124 0.25 0.11 0.245 0.094 0.246 0.069 0.279 0.02 0.302 0.026 0.335 0.027 0.406 0.019 0.434 0.032 0.451 0.05 0.459 0.063 0.468 0.096 0.469 0.114 0.469 0.129 0.461 0.148 0.448 0.164 0.426 0.18 0.401 0.205 0.388 0.213 0.373 0.216
0 0.249 0.0 0.251 0.025 0.25 0.05 0.245 0.065 0.232 0.083 0.219 0.091 0.19 0.096 0.181 0.101 0.166 0.1 0.158 0.095 0.148 0.103 0.108 0.121 0.095 0.121 0.081 0.116 0.048 0.099 0.026 0.074 0.0 0.037
0 0.075 0.157 0.077 0.137 0.074 0.114 0.088 0.119 0.11 0.119 0.138 0.108 0.16 0.093 0.169 0.1 0.178 0.101 0.189 0.094 0.214 0.092 0.231 0.083 0.241 0.072 0.247 0.062 0.249 0.064 0.246 0.072 0.246 0.096 0.25 0.109 0.258 0.12 0.261 0.137 0.258 0.151 0.246 0.141 0.23 0.135 0.216 0.134 0.202 0.138 0.196 0.128 0.181 0.115 0.165 0.109 0.146 0.108 0.131 0.112 0.099 0.129 0.075 0.157
0 0.513 0.329 0.508 0.328 0.479 0.273 0.455 0.241 0.43 0.225 0.401 0.225 0.4 0.211 0.402 0.204 0.425 0.179 0.451 0.161 0.464 0.143 0.469 0.12 0.465 0.084 0.481 0.087 0.486 0.104 0.497 0.12 0.509 0.132 0.527 0.142 0.545 0.147 0.565 0.149 0.598 0.146 0.611 0.143 0.6 0.168 0.597 0.209 0.589 0.222 0.568 0.187 0.568 0.181 0.572 0.173 0.57 0.163 0.565 0.159 0.559 0.159 0.55 0.173 0.546 0.173 0.567 0.228 0.554 0.228 0.543 0.231 0.528 0.247 0.522 0.263 0.522 0.283 0.513 0.316 0.513 0.329
0 0.654 0.416 0.639 0.41 0.616 0.39 0.6 0.381 0.558 0.376 0.533 0.356 0.519 0.333 0.515 0.31 0.522 0.282 0.522 0.264 0.527 0.247 0.537 0.236 0.546 0.23 0.568 0.228 0.545 0.175 0.546 0.173 0.55 0.174 0.559 0.159 0.566 0.159 0.572 0.165 0.573 0.173 0.567 0.183 0.568 0.188 0.589 0.223 0.583 0.24 0.581 0.26 0.585 0.288 0.593 0.308 0.6 0.316 0.626 0.331 0.633 0.352 0.656 0.375 0.671 0.383 0.698 0.391 0.679 0.398 0.654 0.416
0 0.803 0.596 0.71 0.589 0.689 0.59 0.675 0.583 0.66 0.57 0.665 0.548 0.665 0.526 0.661 0.517 0.667 0.508 0.67 0.497 0.67 0.476 0.665 0.444 0.654 0.422 0.677 0.4 0.704 0.391 0.732 0.39 0.766 0.404 0.798 0.412 0.845 0.414 0.885 0.406 0.894 0.417 0.901 0.438 0.902 0.454 0.895 0.468 0.884 0.478 0.884 0.484 0.902 0.502 0.906 0.527 0.902 0.538 0.884 0.565 0.864 0.579 0.836 0.592 0.803 0.596
0 0.906 0.418 0.894 0.418 0.886 0.405 0.917 0.391 0.947 0.37 0.961 0.352 0.969 0.337 0.979 0.287 0.999 0.291 1.0 0.396 0.977 0.389 0.953 0.393 0.929 0.404 0.906 0.418
0 0.999 0.625 0.967 0.622 0.949 0.616 0.922 0.599 0.913 0.588 0.908 0.577 0.882 0.565 0.898 0.536 0.903 0.521 0.9 0.502 0.883 0.482 0.884 0.478 0.895 0.466 0.9 0.455 0.9 0.44 0.896 0.418 0.908 0.417 0.927 0.405 0.951 0.394 0.973 0.389 0.987 0.391 1.0 0.396 0.999 0.625
0 0.975 0.227 0.977 0.2 0.968 0.178 0.959 0.165 0.931 0.136 0.882 0.1 0.871 0.074 0.871 0.063 0.875 0.057 0.88 0.057 0.885 0.06 0.901 0.087 0.922 0.086 0.935 0.089 0.947 0.097 0.954 0.106 0.966 0.107 0.979 0.114 0.993 0.13 0.997 0.145 0.994 0.177 0.986 0.203 0.975 0.227
0 0.71 0.0 0.709 0.028 0.7 0.048 0.682 0.073 0.66 0.093 0.653 0.108 0.634 0.119 0.61 0.143 0.597 0.148 0.573 0.15 0.546 0.149 0.526 0.143 0.508 0.132 0.494 0.117 0.484 0.098 0.473 0.055 0.48 0.019 0.443 0.025 0.425 0.02 0.452 0.014 0.478 0.0
0 0.85 0.0 0.865 0.028 0.871 0.073 0.881 0.1 0.854 0.078 0.825 0.062 0.782 0.052 0.756 0.051 0.725 0.057 0.702 0.066 0.683 0.081 0.67 0.11 0.653 0.11 0.659 0.093 0.676 0.08 0.692 0.061 0.708 0.031 0.711 0.014 0.723 0.0
0 0.316 0.22 0.303 0.207 0.292 0.201 0.309 0.187 0.315 0.189 0.316 0.193 0.323 0.201 0.326 0.21 0.325 0.215 0.316 0.22
0 0.712 0.886 0.682 0.883 0.652 0.871 0.632 0.856 0.614 0.838 0.606 0.826 0.583 0.777 0.576 0.753 0.572 0.729 0.574 0.714 0.584 0.698 0.592 0.657 0.602 0.636 0.627 0.62 0.684 0.594 0.7 0.589 0.725 0.592 0.744 0.6 0.8 0.647 0.822 0.674 0.835 0.699 0.845 0.726 0.847 0.745 0.844 0.805 0.837 0.824 0.822 0.845 0.797 0.861 0.782 0.867 0.77 0.872 0.743 0.869 0.712 0.886
0 0.433 0.942 0.418 0.94 0.406 0.935 0.393 0.925 0.382 0.908 0.36 0.919 0.34 0.922 0.323 0.914 0.309 0.899 0.293 0.9 0.278 0.893 0.268 0.884 0.26 0.87 0.252 0.833 0.253 0.804 0.26 0.755 0.267 0.727 0.278 0.703 0.295 0.682 0.313 0.667 0.335 0.662 0.366 0.641 0.391 0.634 0.407 0.634 0.424 0.638 0.449 0.648 0.465 0.658 0.476 0.669 0.488 0.695 0.507 0.713 0.517 0.746 0.519 0.762 0.515 0.828 0.507 0.863 0.492 0.884 0.484 0.889 0.469 0.894 0.463 0.904 0.465 0.91 0.464 0.915 0.47 0.921 0.467 0.926 0.446 0.939 0.433 0.942
0 0.0 0.64 0.022 0.625 0.051 0.618 0.077 0.62 0.109 0.635 0.122 0.622 0.14 0.613 0.164 0.612 0.181 0.614 0.194 0.621 0.22 0.65 0.229 0.677 0.232 0.715 0.232 0.763 0.222 0.811 0.205 0.852 0.185 0.875 0.167 0.885 0.146 0.888 0.139 0.896 0.125 0.904 0.1 0.909 0.083 0.908 0.065 0.898 0.057 0.884 0.054 0.866 0.041 0.881 0.029 0.889 0.014 0.894 0.0 0.894
0 0.0 0.413 0.0 0.38 0.004 0.378 0.019 0.384 0.028 0.395 0.049 0.434 0.069 0.465 0.076 0.487 0.076 0.515 0.066 0.536 0.049 0.561 0.023 0.592 0.001 0.613 0.0 0.606
0 0.0 0.039 0.001 0.037 0.004 0.041 0.02 0.066 0.046 0.096 0.076 0.113 0.079 0.149 0.066 0.171 0.03 0.262 0.0 0.276
0 0.136 0.436 0.116 0.436 0.099 0.429 0.079 0.419 0.063 0.405 0.051 0.382 0.05 0.354 0.037 0.339 0.028 0.321 0.024 0.292 0.028 0.268 0.035 0.243 0.057 0.197 0.067 0.168 0.079 0.148 0.098 0.13 0.13 0.113 0.147 0.109 0.166 0.109 0.178 0.112 0.19 0.12 0.202 0.136 0.213 0.133 0.229 0.133 0.244 0.14 0.257 0.15 0.28 0.181 0.289 0.198 0.303 0.207 0.312 0.216 0.32 0.234 0.321 0.253 0.298 0.322 0.286 0.341 0.257 0.372 0.18 0.422 0.155 0.432 0.136 0.436
0 0.555 0.635 0.546 0.635 0.523 0.628 0.515 0.624 0.501 0.61 0.491 0.613 0.481 0.619 0.472 0.619 0.458 0.607 0.456 0.593 0.461 0.582 0.458 0.584 0.458 0.572 0.45 0.559 0.434 0.514 0.438 0.46 0.453 0.424 0.47 0.407 0.499 0.396 0.529 0.395 0.551 0.384 0.572 0.377 0.596 0.378 0.619 0.391 0.633 0.407 0.648 0.416 0.655 0.422 0.663 0.436 0.669 0.457 0.671 0.492 0.664 0.516 0.663 0.554 0.661 0.571 0.654 0.583 0.628 0.609 0.581 0.631 0.555 0.635
0 0.839 0.415 0.792 0.411 0.751 0.4 0.733 0.39 0.691 0.389 0.67 0.383 0.655 0.374 0.638 0.357 0.628 0.343 0.625 0.331 0.6 0.316 0.587 0.296 0.582 0.271 0.582 0.244 0.585 0.231 0.598 0.207 0.598 0.177 0.607 0.149 0.621 0.13 0.639 0.114 0.648 0.11 0.67 0.109 0.683 0.08 0.696 0.069 0.712 0.061 0.741 0.053 0.772 0.051 0.805 0.056 0.826 0.062 0.856 0.079 0.901 0.116 0.93 0.135 0.959 0.165 0.974 0.188 0.977 0.213 0.97 0.232 0.977 0.257 0.978 0.291 0.971 0.329 0.964 0.348 0.943 0.374 0.912 0.394 0.874 0.41 0.839 0.415
0 0.475 0.0 0.46 0.009 0.434 0.018 0.382 0.018 0.361 0.025 0.328 0.027 0.285 0.022 0.27 0.013 0.258 0.
