0 0.723 0.765 0.707 0.765 0.671 0.758 0.648 0.745 0.616 0.706 0.607 0.686 0.596 0.666 0.59 0.642 0.59 0.58 0.598 0.539 0.606 0.52 0.63 0.486 0.645 0.477 0.657 0.473 0.678 0.462 0.696 0.46 0.71 0.465 0.728 0.466 0.755 0.479 0.776 0.499 0.79 0.518 0.8 0.539 0.804 0.558 0.809 0.607 0.808 0.627 0.803 0.654 0.796 0.671 0.79 0.697 0.775 0.724 0.757 0.747 0.739 0.76 0.723 0.765
0 0.426 0.844 0.408 0.843 0.39 0.834 0.362 0.81 0.348 0.79 0.336 0.766 0.329 0.742 0.328 0.719 0.332 0.699 0.331 0.673 0.334 0.657 0.349 0.615 0.356 0.586 0.382 0.545 0.397 0.532 0.411 0.526 0.46 0.524 0.485 0.531 0.502 0.542 0.538 0.59 0.553 0.619 0.559 0.643 0.56 0.709 0.549 0.753 0.521 0.803 0.494 0.822 0.473 0.824 0.443 0.84 0.426 0.844
0 0.31 0.567 0.3 0.567 0.298 0.564 0.28 0.561 0.268 0.554 0.257 0.544 0.24 0.519 0.232 0.501 0.228 0.483 0.227 0.459 0.229 0.444 0.233 0.436 0.231 0.411 0.234 0.394 0.246 0.357 0.254 0.341 0.267 0.326 0.276 0.32 0.277 0.316 0.286 0.31 0.302 0.306 0.324 0.305 0.338 0.308 0.35 0.315 0.362 0.326 0.374 0.344 0.383 0.375 0.384 0.418 0.387 0.434 0.376 0.488 0.375 0.51 0.369 0.523 0.354 0.542 0.334 0.557 0.322 0.564 0.31 0.567
0 0.565 0.584 0.533 0.582 0.52 0.563 0.497 0.537 0.48 0.526 0.464 0.523 0.449 0.49 0.439 0.441 0.438 0.417 0.44 0.4 0.445 0.384 0.453 0.369 0.466 0.353 0.48 0.344 0.504 0.318 0.528 0.305 0.545 0.304 0.571 0.307 0.594 0.32 0.624 0.35 0.633 0.362 0.652 0.408 0.656 0.427 0.657 0.451 0.655 0.47 0.633 0.482 0.606 0.515 0.594 0.542 0.59 0.575 0.565 0.584
0 0.744 0.468 0.737 0.461 0.722 0.456 0.71 0.456 0.703 0.46 0.699 0.458 0.692 0.462 0.676 0.445 0.668 0.425 0.662 0.397 0.665 0.361 0.684 0.319 0.692 0.308 0.705 0.3 0.714 0.297 0.742 0.297 0.75 0.306 0.775 0.322 0.777 0.326 0.785 0.384 0.785 0.395 0.781 0.414 0.778 0.425 0.765 0.449 0.756 0.46 0.744 0.468
0 0.636 0.366 0.622 0.342 0.599 0.322 0.576 0.308 0.556 0.305 0.555 0.287 0.559 0.268 0.565 0.255 0.578 0.24 0.596 0.233 0.623 0.235 0.641 0.247 0.652 0.265 0.664 0.296 0.664 0.323 0.655 0.347 0.646 0.358 0.636 0.366
0 0.434 0.378 0.422 0.378 0.411 0.373 0.386 0.35 0.375 0.319 0.372 0.294 0.376 0.281 0.387 0.263 0.402 0.252 0.436 0.248 0.455 0.253 0.47 0.265 0.477 0.275 0.484 0.292 0.486 0.305 0.485 0.321 0.477 0.346 0.46 0.359 0.446 0.376 0.434 0.378
0 0.378 0.352 0.37 0.336 0.361 0.324 0.348 0.314 0.334 0.306 0.32 0.303 0.303 0.304 0.289 0.31 0.268 0.328 0.25 0.313 0.238 0.296 0.224 0.256 0.221 0.238 0.222 0.215 0.227 0.196 0.237 0.168 0.251 0.146 0.264 0.13 0.278 0.121 0.294 0.116 0.312 0.118 0.338 0.126 0.358 0.141 0.368 0.153 0.383 0.166 0.395 0.183 0.406 0.214 0.409 0.246 0.408 0.25 0.394 0.257 0.386 0.266 0.378 0.277 0.373 0.29 0.373 0.303 0.375 0.315 0.382 0.338 0.386 0.344 0.378 0.352
0 0.455 0.216 0.436 0.215 0.42 0.21 0.412 0.204 0.394 0.174 0.391 0.163 0.391 0.148 0.397 0.128 0.412 0.11 0.424 0.102 0.44 0.1 0.456 0.092 0.467 0.091 0.478 0.096 0.489 0.108 0.498 0.128 0.5 0.149 0.493 0.186 0.483 0.204 0.474 0.212 0.455 0.216
0 0.498 0.127 0.492 0.111 0.484 0.101 0.474 0.094 0.458 0.091 0.448 0.095 0.441 0.1 0.44 0.099 0.435 0.082 0.435 0.064 0.44 0.047 0.449 0.036 0.459 0.029 0.473 0.028 0.482 0.021 0.495 0.02 0.509 0.026 0.519 0.039 0.525 0.06 0.522 0.095 0.518 0.107 0.512 0.116 0.498 0.12
