0 0.0 0.849 0.039 0.836 0.056 0.835 0.072 0.84 0.086 0.849 0.096 0.86 0.114 0.904 0.104 0.948 0.104 0.971 0.109 0.992 0.107 0.998 0.0 0.999
0 0.261 0.998 0.111 0.998 0.104 0.976 0.103 0.949 0.11 0.917 0.118 0.896 0.131 0.875 0.148 0.859 0.184 0.839 0.208 0.835 0.239 0.849 0.254 0.865 0.26 0.893 0.263 0.938 0.27 0.957 0.267 0.983 0.261 0.998
0 0.401 0.998 0.306 0.998 0.268 0.956 0.262 0.938 0.259 0.892 0.253 0.865 0.257 0.843 0.27 0.822 0.287 0.812 0.339 0.811 0.397 0.825 0.409 0.832 0.418 0.842 0.426 0.87 0.423 0.945 0.414 0.98 0.401 0.998
0 0.565 0.999 0.448 0.998 0.43 0.965 0.423 0.928 0.427 0.873 0.433 0.855 0.443 0.841 0.467 0.824 0.486 0.822 0.522 0.81 0.543 0.815 0.559 0.83 0.58 0.866 0.584 0.892 0.574 0.98 0.565 0.999
0 0.586 0.999 0.58 0.997 0.576 0.976 0.586 0.885 0.594 0.863 0.606 0.848 0.613 0.843 0.636 0.843 0.664 0.838 0.702 0.855 0.719 0.873 0.73 0.899 0.734 0.934 0.734 0.966 0.724 0.997 0.586 0.999
0 0.886 0.999 0.736 0.997 0.732 0.987 0.735 0.949 0.732 0.898 0.749 0.853 0.762 0.837 0.774 0.829 0.832 0.826 0.851 0.835 0.874 0.854 0.886 0.876 0.892 0.902 0.895 0.964 0.892 0.981 0.886 0.999
0 0.999 0.999 0.905 0.999 0.895 0.984 0.89 0.886 0.905 0.848 0.924 0.828 0.942 0.822 0.98 0.827 1.0 0.826 0.999 0.999
0 0.992 0.827 0.963 0.824 0.915 0.807 0.902 0.793 0.89 0.764 0.891 0.701 0.878 0.655 0.883 0.64 0.893 0.627 0.933 0.605 0.953 0.601 1.0 0.601 1.0 0.826 0.992 0.827
0 0.789 0.828 0.767 0.825 0.738 0.806 0.723 0.789 0.715 0.771 0.714 0.73 0.702 0.678 0.703 0.666 0.709 0.651 0.718 0.639 0.742 0.619 0.751 0.614 0.807 0.611 0.83 0.619 0.863 0.643 0.875 0.656 0.884 0.674 0.891 0.697 0.892 0.728 0.89 0.754 0.883 0.773 0.873 0.789 0.857 0.808 0.839 0.82 0.789 0.828
0 0.636 0.842 0.607 0.84 0.588 0.832 0.569 0.813 0.555 0.78 0.552 0.754 0.551 0.702 0.555 0.661 0.567 0.64 0.583 0.628 0.635 0.622 0.657 0.625 0.671 0.633 0.684 0.646 0.699 0.669 0.705 0.685 0.715 0.743 0.715 0.771 0.709 0.787 0.693 0.811 0.668 0.833 0.653 0.839 0.636 0.842
0 0.481 0.822 0.467 0.822 0.456 0.818 0.424 0.788 0.397 0.733 0.393 0.719 0.392 0.704 0.4 0.66 0.435 0.614 0.459 0.597 0.491 0.589 0.505 0.592 0.522 0.601 0.536 0.613 0.55 0.634 0.556 0.656 0.551 0.707 0.552 0.759 0.543 0.782 0.526 0.803 0.502 0.816 0.481 0.822
0 0.304 0.813 0.285 0.812 0.266 0.803 0.253 0.789 0.244 0.773 0.235 0.749 0.232 0.721 0.231 0.69 0.234 0.669 0.241 0.651 0.252 0.637 0.281 0.618 0.341 0.609 0.364 0.612 0.379 0.622 0.399 0.654 0.4 0.661 0.394 0.69 0.393 0.719 0.381 0.753 0.364 0.779 0.331 0.807 0.304 0.813
0 0.154 0.851 0.139 0.85 0.115 0.838 0.1 0.828 0.089 0.815 0.082 0.798 0.077 0.774 0.072 0.746 0.072 0.724 0.076 0.709 0.085 0.691 0.125 0.645 0.177 0.623 0.195 0.623 0.209 0.63 0.22 0.641 0.233 0.672 0.232 0.712 0.24 0.764 0.231 0.798 0.221 0.814 0.196 0.834 0.154 0.851
0 0.0 0.623 0.025 0.623 0.044 0.634 0.062 0.657 0.075 0.681 0.079 0.696 0.072 0.727 0.077 0.78 0.07 0.801 0.057 0.816 0.042 0.829 0.0 0.845
0 0.0 0.404 0.021 0.404 0.039 0.412 0.056 0.429 0.067 0.453 0.057 0.479 0.053 0.502 0.053 0.523 0.058 0.559 0.055 0.574 0.048 0.585 0.025 0.61 0.012 0.619 0.0 0.621
0 0.145 0.629 0.132 0.629 0.111 0.62 0.09 0.607 0.073 0.592 0.063 0.571 0.056 0.547 0.053 0.507 0.056 0.484 0.064 0.46 0.091 0.423 0.115 0.407 0.159 0.402 0.193 0.417 0.216 0.445 0.219 0.453 0.215 0.476 0.215 0.501 0.226 0.553 0.222 0.572 0.215 0.591 0.196 0.612 0.181 0.62 0.145 0.629
0 0.3 0.612 0.289 0.612 0.279 0.607 0.246 0.579 0.221 0.532 0.216 0.509 0.216 0.467 0.232 0.404 0.238 0.391 0.246 0.381 0.267 0.369 0.319 0.369 0.336 0.376 0.353 0.395 0.362 0.423 0.377 0.454 0.383 0.498 0.383 0.532 0.366 0.563 0.358 0.585 0.348 0.6 0.339 0.607 0.3 0.612
0 0.443 0.603 0.423 0.596 0.405 0.581 0.39 0.557 0.383 0.533 0.383 0.496 0.377 0.462 0.382 0.416 0.388 0.399 0.397 0.386 0.41 0.376 0.42 0.373 0.46 0.375 0.482 0.387 0.503 0.411 0.525 0.442 0.535 0.47 0.524 0.537 0.517 0.553 0.489 0.586 0.443 0.603
0 0.597 0.624 0.581 0.623 0.566 0.612 0.544 0.583 0.529 0.551 0.526 0.54 0.527 0.52 0.542 0.45 0.557 0.426 0.578 0.406 0.592 0.399 0.618 0.393 0.638 0.393 0.672 0.404 0.682 0.412 0.694 0.431 0.703 0.462 0.703 0.48 0.698 0.53 0.692 0.554 0.672 0.589 0.651 0.612 0.634 0.621 0.597 0.624
0 0.764 0.608 0.746 0.607 0.73 0.599 0.715 0.584 0.704 0.565 0.697 0.538 0.703 0.467 0.739 0.41 0.759 0.386 0.796 0.373 0.82 0.374 0.839 0.384 0.853 0.395 0.868 0.414 0.878 0.433 0.882 0.447 0.886 0.482 0.886 0.548 0.872 0.579 0.854 0.594 0.814 0.607 0.764 0.608
0 0.963 0.598 0.941 0.597 0.921 0.587 0.903 0.574 0.892 0.559 0.882 0.531 0.881 0.444 0.887 0.428 0.906 0.4 0.928 0.38 0.947 0.372 0.998 0.367 1.0 0.595 0.963 0.598
0 0.949 0.368 0.935 0.365 0.907 0.352 0.893 0.341 0.883 0.325 0.881 0.316 0.887 0.298 0.889 0.264 0.887 0.246 0.88 0.227 0.881 0.218 0.896 0.189 0.915 0.165 0.927 0.156 0.956 0.144 0.998 0.144 1.0 0.36 0.949 0.368
0 0.762 0.381 0.746 0.379 0.729 0.368 0.706 0.343 0.698 0.327 0.695 0.32 0.698 0.295 0.696 0.267 0.699 0.264 0.701 0.271 0.706 0.224 0.712 0.211 0.729 0.19 0.751 0.175 0.8 0.172 0.838 0.183 0.86 0.199 0.886 0.24 0.889 0.258 0.889 0.281 0.884 0.309 0.863 0.339 0.845 0.353 0.817 0.367 0.788 0.373 0.762 0.381
0 0.593 0.394 0.579 0.392 0.563 0.385 0.543 0.368 0.533 0.352 0.526 0.323 0.527 0.284 0.531 0.259 0.56 0.205 0.579 0.186 0.629 0.164 0.649 0.162 0.658 0.165 0.677 0.179 0.688 0.191 0.704 0.228 0.704 0.259 0.693 0.332 0.682 0.356 0.666 0.375 0.654 0.386 0.645 0.39 0.621 0.389 0.593 0.394
0 0.471 0.373 0.416 0.369 0.405 0.364 0.387 0.341 0.375 0.302 0.376 0.25 0.381 0.232 0.389 0.215 0.415 0.177 0.434 0.165 0.455 0.161 0.478 0.164 0.5 0.18 0.519 0.204 0.528 0.224 0.531 0.24 0.525 0.311 0.521 0.325 0.511 0.34 0.487 0.365 0.471 0.373
0 0.329 0.368 0.272 0.367 0.265 0.365 0.242 0.349 0.224 0.321 0.216 0.271 0.215 0.251 0.217 0.238 0.229 0.209 0.259 0.181 0.275 0.175 0.292 0.174 0.321 0.182 0.339 0.195 0.355 0.211 0.373 0.241 0.376 0.249 0.374 0.308 0.368 0.328 0.353 0.354 0.329 0.368
0 0.118 0.404 0.098 0.399 0.082 0.389 0.068 0.377 0.054 0.358 0.046 0.339 0.039 0.307 0.038 0.29 0.04 0.273 0.055 0.239 0.07 0.22 0.088 0.205 0.118 0.193 0.149 0.192 0.165 0.195 0.193 0.212 0.212 0.237 0.215 0.245 0.222 0.328 0.205 0.366 0.18 0.39 0.16 0.399 0.118 0.404
0 0.0 0.199 0.005 0.199 0.021 0.212 0.031 0.224 0.039 0.241 0.043 0.26 0.038 0.28 0.038 0.301 0.048 0.35 0.043 0.37 0.026 0.395 0.016 0.4 0.0 0.4
0 0.034 0.0 0.052 0.038 0.056 0.07 0.068 0.117 0.067 0.145 0.056 0.168 0.047 0.178 0.015 0.194 0.0 0.195
0 0.161 0.193 0.126 0.191 0.113 0.186 0.095 0.167 0.074 0.131 0.056 0.076 0.051 0.048 0.052 0.036 0.066 0.001 0.205 0.001 0.211 0.011 0.218 0.03 0.214 0.065 0.219 0.11 0.208 0.127 0.201 0.154 0.194 0.167 0.176 0.184 0.161 0.193
0 0.349 0.0 0.357 0.015 0.364 0.04 0.36 0.071 0.365 0.116 0.36 0.131 0.339 0.16 0.326 0.174 0.317 0.178 0.296 0.173 0.259 0.173 0.244 0.162 0.233 0.147 0.214 0.084 0.213 0.05 0.222 0.024 0.233 0.0
0 0.516 0.0 0.526 0.026 0.527 0.04 0.519 0.103 0.51 0.133 0.498 0.147 0.48 0.158 0.444 0.162 0.421 0.169 0.401 0.157 0.379 0.134 0.366 0.113 0.363 0.097 0.36 0.069 0.363 0.048 0.372 0.025 0.389 0.0
0 0.688 0.0 0.699 0.029 0.702 0.055 0.7 0.087 0.692 0.123 0.673 0.147 0.652 0.161 0.61 0.171 0.565 0.171 0.546 0.154 0.525 0.12 0.522 0.094 0.528 0.036 0.533 0.018 0.541 0.0
0 0.882 0.0 0.885 0.04 0.88 0.081 0.869 0.111 0.851 0.139 0.834 0.157 0.82 0.166 0.806 0.17 0.764 0.171 0.749 0.174 0.726 0.161 0.716 0.151 0.7 0.128 0.697 0.117 0.703 0.047 0.71 0.024 0.721 0.0
0 0.999 0.0 0.998 0.143 0.957 0.144 0.927 0.155 0.918 0.153 0.896 0.138 0.88 0.117 0.879 0.086 0.885 0.037 0.885 0.019 0.881 0.
