0 0.334 0.397 0.285 0.392 0.261 0.375 0.236 0.343 0.223 0.301 0.221 0.275 0.235 0.22 0.256 0.19 0.285 0.172 0.302 0.167 0.331 0.168 0.354 0.181 0.377 0.209 0.404 0.261 0.404 0.311 0.387 0.352 0.362 0.381 0.334 0.397
0 0.412 0.243 0.398 0.239 0.382 0.214 0.352 0.177 0.324 0.164 0.315 0.141 0.312 0.099 0.316 0.076 0.336 0.038 0.362 0.016 0.378 0.01 0.412 0.012 0.442 0.033 0.48 0.085 0.491 0.118 0.49 0.164 0.477 0.198 0.444 0.233 0.431 0.24 0.412 0.243
0 0.163 0.41 0.133 0.404 0.122 0.386 0.105 0.374 0.076 0.344 0.065 0.327 0.058 0.303 0.062 0.265 0.08 0.216 0.099 0.195 0.132 0.179 0.162 0.179 0.181 0.186 0.215 0.221 0.226 0.245 0.221 0.269 0.226 0.318 0.203 0.337 0.179 0.366 0.163 0.41
0 0.0 0.078 0.012 0.063 0.041 0.051 0.057 0.053 0.078 0.063 0.078 0.052 0.071 0.041 0.077 0.041 0.083 0.048 0.086 0.063 0.126 0.081 0.151 0.112 0.14 0.147 0.141 0.177 0.105 0.19 0.084 0.209 0.073 0.226 0.017 0.195 0.0 0.168
0 0.155 0.112 0.128 0.082 0.064 0.054 0.074 0.045 0.095 0.037 0.121 0.038 0.136 0.046 0.161 0.07 0.171 0.094 0.155 0.112
0 0.0 0.055 0.007 0.045 0.024 0.038 0.038 0.038 0.052 0.051 0.064 0.051 0.064 0.054 0.031 0.055 0.014 0.063 0.0 0.079
0 0.14 0.0 0.128 0.041 0.092 0.037 0.071 0.04 0.072 0.045 0.059 0.045 0.052 0.035 0.049 0.037 0.024 0.0
0 0.191 0.0 0.191 0.008 0.183 0.015 0.176 0.032 0.174 0.069 0.18 0.094 0.176 0.098 0.171 0.094 0.157 0.065 0.132 0.042 0.136 0.013 0.141 0.0
0 0.185 0.093 0.18 0.093 0.176 0.084 0.173 0.059 0.177 0.026 0.193 0.006 0.204 0.062 0.216 0.081 0.185 0.093
0 0.3 0.108 0.252 0.108 0.222 0.087 0.205 0.063 0.198 0.043 0.192 0.001 0.356 0.0 0.357 0.02 0.332 0.046 0.324 0.067 0.316 0.078 0.309 0.102 0.3 0.108
0 0.229 0.241 0.225 0.241 0.203 0.206 0.192 0.194 0.173 0.183 0.147 0.18 0.144 0.176 0.143 0.137 0.151 0.117 0.171 0.096 0.199 0.091 0.218 0.082 0.244 0.107 0.269 0.113 0.268 0.12 0.258 0.123 0.239 0.152 0.229 0.192 0.228 0.212 0.232 0.234 0.229 0.241
0 0.233 0.229 0.229 0.213 0.231 0.177 0.252 0.129 0.274 0.114 0.31 0.117 0.32 0.153 0.329 0.167 0.291 0.168 0.263 0.183 0.251 0.194 0.233 0.229
0 0.003 0.368 0.0 0.176 0.017 0.193 0.026 0.209 0.045 0.211 0.05 0.218 0.035 0.214 0.031 0.217 0.055 0.226 0.067 0.241 0.057 0.286 0.06 0.322 0.056 0.334 0.04 0.351 0.003 0.368
0 0.065 0.549 0.046 0.548 0.023 0.538 0.0 0.522 0.0 0.375 0.019 0.359 0.073 0.359 0.081 0.362 0.11 0.383 0.124 0.403 0.102 0.437 0.093 0.464 0.102 0.505 0.108 0.517 0.106 0.53 0.084 0.545 0.065 0.549
0 0.117 0.527 0.095 0.482 0.095 0.46 0.099 0.44 0.107 0.425 0.13 0.403 0.146 0.41 0.164 0.408 0.166 0.429 0.179 0.452 0.186 0.478 0.201 0.496 0.197 0.5 0.17 0.499 0.135 0.508 0.117 0.527
0 0.21 0.501 0.192 0.482 0.182 0.464 0.177 0.445 0.169 0.431 0.168 0.401 0.172 0.381 0.183 0.36 0.211 0.33 0.225 0.321 0.238 0.354 0.268 0.385 0.288 0.395 0.275 0.396 0.259 0.403 0.233 0.425 0.215 0.473 0.21 0.501
0 0.574 0.0 0.551 0.037 0.532 0.054 0.513 0.058 0.492 0.058 0.447 0.037 0.432 0.025 0.416 0.003 0.514 0.0
0 0.563 0.244 0.541 0.244 0.524 0.239 0.51 0.225 0.489 0.217 0.477 0.204 0.477 0.198 0.483 0.188 0.494 0.154 0.491 0.108 0.485 0.093 0.51 0.06 0.54 0.053 0.564 0.057 0.585 0.075 0.609 0.113 0.613 0.134 0.612 0.178 0.604 0.2 0.563 0.244
0 0.479 0.415 0.442 0.408 0.423 0.394 0.403 0.351 0.4 0.324 0.407 0.299 0.406 0.27 0.418 0.247 0.463 0.22 0.492 0.218 0.512 0.228 0.536 0.255 0.549 0.289 0.552 0.321 0.539 0.368 0.521 0.387 0.479 0.415
0 0.668 0.418 0.641 0.407 0.641 0.389 0.634 0.385 0.625 0.373 0.591 0.361 0.582 0.377 0.569 0.341 0.564 0.31 0.564 0.269 0.569 0.255 0.593 0.211 0.615 0.195 0.652 0.196 0.68 0.207 0.695 0.219 0.709 0.238 0.727 0.277 0.731 0.323 0.721 0.371 0.708 0.392 0.668 0.418
0 0.731 0.0 0.745 0.008 0.769 0.05 0.775 0.071 0.774 0.125 0.749 0.183 0.718 0.205 0.697 0.205 0.665 0.193 0.643 0.171 0.615 0.125 0.612 0.076 0.621 0.044 0.64 0.007 0.646 0.002 0.707 0.0
0 0.487 0.657 0.441 0.652 0.427 0.642 0.414 0.626 0.405 0.604 0.397 0.535 0.404 0.485 0.415 0.465 0.449 0.44 0.48 0.433 0.524 0.446 0.542 0.473 0.555 0.508 0.558 0.56 0.553 0.592 0.536 0.635 0.487 0.657
0 0.626 0.652 0.614 0.65 0.599 0.634 0.578 0.597 0.57 0.573 0.57 0.542 0.58 0.501 0.601 0.464 0.623 0.443 0.649 0.433 0.67 0.435 0.69 0.443 0.708 0.46 0.727 0.508 0.731 0.562 0.722 0.6 0.702 0.623 0.677 0.625 0.647 0.634 0.626 0.652
0 0.914 0.888 0.884 0.884 0.863 0.877 0.843 0.86 0.826 0.832 0.819 0.806 0.818 0.766 0.82 0.746 0.833 0.717 0.847 0.694 0.874 0.675 0.92 0.668 0.951 0.684 0.976 0.724 0.986 0.752 0.986 0.81 0.98 0.835 0.954 0.87 0.932 0.885 0.914 0.888
0 0.754 0.999 0.714 0.999 0.706 0.992 0.693 0.955 0.695 0.9 0.724 0.848 0.74 0.83 0.758 0.82 0.786 0.816 0.804 0.819 0.823 0.83 0.861 0.906 0.861 0.937 0.854 0.982 0.845 0.996 0.754 0.999
0 0.529 0.869 0.487 0.858 0.464 0.844 0.454 0.821 0.449 0.792 0.447 0.718 0.454 0.699 0.471 0.671 0.502 0.654 0.527 0.652 0.543 0.656 0.559 0.662 0.577 0.675 0.595 0.714 0.601 0.749 0.601 0.786 0.592 0.829 0.562 0.857 0.529 0.869
0 0.325 0.801 0.293 0.799 0.269 0.779 0.262 0.766 0.255 0.749 0.25 0.698 0.25 0.685 0.257 0.661 0.266 0.638 0.281 0.621 0.345 0.601 0.37 0.601 0.384 0.606 0.405 0.625 0.419 0.648 0.427 0.675 0.428 0.737 0.422 0.756 0.402 0.782 0.369 0.794 0.325 0.801
0 0.196 0.698 0.164 0.696 0.132 0.68 0.116 0.66 0.097 0.615 0.097 0.583 0.102 0.559 0.111 0.538 0.134 0.508 0.164 0.499 0.196 0.5 0.214 0.507 0.218 0.564 0.247 0.603 0.254 0.622 0.251 0.644 0.239 0.668 0.196 0.698
0 0.207 0.935 0.18 0.934 0.14 0.917 0.11 0.884 0.101 0.86 0.099 0.816 0.108 0.766 0.122 0.746 0.14 0.733 0.161 0.721 0.184 0.715 0.225 0.722 0.25 0.739 0.258 0.754 0.26 0.769 0.276 0.798 0.281 0.828 0.278 0.862 0.272 0.884 0.26 0.904 0.207 0.935
0 0.368 0.988 0.351 0.985 0.322 0.963 0.306 0.944 0.293 0.914 0.289 0.885 0.298 0.832 0.313 0.811 0.332 0.803 0.385 0.798 0.424 0.78 0.449 0.804 0.451 0.822 0.476 0.872 0.472 0.897 0.455 0.941 0.428 0.969 0.419 0.976 0.38 0.982 0.368 0.988
0 0.694 0.849 0.66 0.847 0.632 0.824 0.608 0.78 0.602 0.745 0.603 0.703 0.627 0.654 0.654 0.634 0.685 0.625 0.712 0.629 0.758 0.661 0.771 0.685 0.777 0.711 0.773 0.77 0.764 0.789 0.728 0.837 0.712 0.846 0.694 0.84
