0 0.403 0.463 0.39 0.462 0.379 0.459 0.36 0.443 0.353 0.433 0.346 0.418 0.342 0.402 0.341 0.381 0.343 0.366 0.348 0.352 0.354 0.339 0.366 0.325 0.386 0.314 0.411 0.313 0.422 0.316 0.433 0.321 0.448 0.338 0.455 0.352 0.46 0.365 0.462 0.393 0.46 0.408 0.455 0.422 0.442 0.443 0.425 0.457 0.403 0.463
0 0.51 0.432 0.499 0.429 0.487 0.421 0.471 0.4 0.462 0.371 0.462 0.342 0.471 0.316 0.486 0.295 0.506 0.284 0.52 0.281 0.536 0.282 0.556 0.293 0.571 0.314 0.58 0.341 0.58 0.371 0.574 0.392 0.562 0.409 0.55 0.41 0.537 0.415 0.526 0.421 0.516 0.431 0.512 0.43 0.51 0.432
0 0.64 0.485 0.627 0.484 0.622 0.46 0.609 0.436 0.598 0.422 0.58 0.412 0.582 0.389 0.589 0.37 0.599 0.354 0.613 0.341 0.609 0.317 0.611 0.31 0.618 0.305 0.623 0.306 0.627 0.31 0.632 0.331 0.637 0.331 0.646 0.338 0.658 0.343 0.672 0.354 0.684 0.375 0.69 0.4 0.691 0.417 0.689 0.432 0.679 0.456 0.672 0.467 0.662 0.476 0.651 0.482 0.64 0.485
0 0.625 0.718 0.609 0.717 0.597 0.712 0.57 0.687 0.56 0.672 0.552 0.655 0.546 0.634 0.546 0.605 0.553 0.578 0.559 0.562 0.579 0.535 0.599 0.524 0.62 0.524 0.637 0.532 0.669 0.543 0.679 0.548 0.689 0.558 0.699 0.573 0.708 0.6 0.708 0.62 0.706 0.635 0.702 0.649 0.691 0.669 0.665 0.697 0.653 0.702 0.638 0.714 0.625 0.718
0 0.708 0.594 0.701 0.573 0.685 0.552 0.673 0.544 0.642 0.532 0.632 0.526 0.636 0.515 0.641 0.49 0.645 0.485 0.653 0.482 0.666 0.474 0.677 0.46 0.682 0.452 0.698 0.457 0.712 0.469 0.724 0.49 0.733 0.518 0.734 0.538 0.729 0.563 0.72 0.581 0.708 0.594
0 0.555 0.57 0.543 0.569 0.531 0.564 0.52 0.555 0.512 0.545 0.505 0.531 0.501 0.517 0.498 0.498 0.497 0.481 0.499 0.466 0.504 0.452 0.511 0.439 0.519 0.429 0.537 0.416 0.566 0.412 0.59 0.419 0.601 0.429 0.609 0.439 0.622 0.47 0.625 0.484 0.625 0.501 0.621 0.522 0.603 0.522 0.584 0.53 0.572 0.541 0.563 0.554 0.555 0.57
0 0.45 0.579 0.435 0.578 0.423 0.573 0.411 0.564 0.404 0.554 0.397 0.541 0.392 0.527 0.39 0.512 0.391 0.495 0.395 0.475 0.4 0.463 0.413 0.463 0.428 0.457 0.442 0.445 0.452 0.429 0.468 0.429 0.486 0.437 0.502 0.454 0.497 0.472 0.496 0.492 0.499 0.518 0.508 0.54 0.496 0.559 0.486 0.568 0.47 0.576 0.45 0.579
0 0.403 0.752 0.389 0.752 0.378 0.75 0.354 0.735 0.338 0.714 0.334 0.703 0.327 0.678 0.326 0.655 0.332 0.635 0.339 0.625 0.354 0.611 0.368 0.602 0.38 0.599 0.393 0.599 0.421 0.611 0.433 0.62 0.441 0.63 0.45 0.651 0.449 0.669 0.453 0.695 0.445 0.719 0.435 0.735 0.425 0.744 0.414 0.75 0.403 0.752
0 0.494 0.725 0.484 0.724 0.473 0.719 0.465 0.713 0.458 0.702 0.455 0.692 0.451 0.675 0.452 0.648 0.458 0.621 0.468 0.604 0.487 0.584 0.497 0.58 0.508 0.579 0.527 0.588 0.543 0.61 0.546 0.636 0.552 0.658 0.553 0.672 0.547 0.694 0.536 0.71 0.518 0.72 0.494 0.725
0 0.508 0.875 0.482 0.871 0.451 0.855 0.443 0.846 0.438 0.836 0.434 0.822 0.434 0.808 0.437 0.794 0.441 0.782 0.454 0.758 0.469 0.74 0.477 0.733 0.494 0.725 0.515 0.723 0.525 0.726 0.532 0.732 0.55 0.757 0.558 0.784 0.559 0.814 0.555 0.84 0.551 0.85 0.544 0.86 0.53 0.871 0.508 0.875
0 0.607 0.839 0.593 0.837 0.578 0.827 0.571 0.816 0.565 0.801 0.559 0.78 0.56 0.752 0.565 0.733 0.575 0.716 0.589 0.706 0.608 0.718 0.615 0.72 0.628 0.718 0.639 0.724 0.651 0.74 0.658 0.754 0.661 0.768 0.662 0.782 0.659 0.796 0.655 0.806 0.648 0.816 0.629 0.832 0.607 0.83
