0 0.414 0.862 0.386 0.858 0.38 0.854 0.353 0.848 0.335 0.84 0.327 0.834 0.317 0.822 0.302 0.814 0.287 0.795 0.28 0.779 0.272 0.771 0.249 0.727 0.241 0.704 0.232 0.666 0.225 0.62 0.225 0.589 0.23 0.553 0.242 0.506 0.262 0.465 0.275 0.447 0.296 0.434 0.304 0.422 0.34 0.394 0.371 0.378 0.404 0.369 0.453 0.369 0.491 0.376 0.517 0.388 0.557 0.415 0.59 0.459 0.603 0.481 0.621 0.522 0.629 0.559 0.632 0.594 0.631 0.646 0.619 0.69 0.605 0.725 0.591 0.744 0.59 0.747 0.591 0.751 0.578 0.771 0.567 0.786 0.55 0.804 0.539 0.814 0.53 0.819 0.516 0.822 0.488 0.838 0.433 0.859 0.414 0.862
0 0.679 0.846 0.674 0.846 0.674 0.841 0.679 0.834 0.687 0.833 0.685 0.84 0.679 0.846
0 0.602 0.453 0.594 0.453 0.582 0.449 0.579 0.445 0.577 0.437 0.575 0.439 0.561 0.419 0.519 0.388 0.495 0.376 0.463 0.369 0.46 0.355 0.459 0.34 0.461 0.292 0.467 0.262 0.479 0.231 0.494 0.203 0.52 0.166 0.542 0.142 0.551 0.13 0.586 0.098 0.627 0.074 0.66 0.061 0.7 0.055 0.741 0.062 0.773 0.078 0.8 0.104 0.808 0.116 0.811 0.124 0.816 0.147 0.82 0.19 0.82 0.202 0.813 0.235 0.801 0.242 0.79 0.253 0.769 0.278 0.757 0.306 0.751 0.341 0.737 0.36 0.716 0.384 0.704 0.394 0.7 0.402 0.677 0.405 0.656 0.413 0.628 0.431 0.618 0.441 0.614 0.448 0.602 0.453
0 0.962 0.667 0.943 0.667 0.929 0.664 0.895 0.65 0.871 0.633 0.849 0.61 0.839 0.597 0.834 0.586 0.824 0.54 0.813 0.502 0.811 0.489 0.798 0.458 0.783 0.435 0.76 0.418 0.753 0.41 0.752 0.403 0.752 0.336 0.757 0.305 0.764 0.288 0.772 0.275 0.79 0.254 0.805 0.241 0.828 0.23 0.853 0.226 0.883 0.228 0.906 0.235 0.954 0.239 0.961 0.243 0.974 0.257 1.0 0.3 1.0 0.66 0.962 0.667
0 0.795 0.776 0.745 0.74 0.724 0.729 0.698 0.719 0.656 0.718 0.627 0.725 0.605 0.738 0.6 0.738 0.615 0.704 0.628 0.659 0.632 0.64 0.632 0.6 0.629 0.56 0.625 0.538 0.62 0.521 0.608 0.49 0.6 0.477 0.598 0.47 0.602 0.463 0.616 0.446 0.63 0.432 0.656 0.414 0.673 0.407 0.691 0.404 0.72 0.405 0.747 0.413 0.776 0.43 0.788 0.442 0.799 0.462 0.81 0.492 0.824 0.594 0.827 0.642 0.823 0.693 0.815 0.74 0.81 0.755 0.795 0.776
0 1.0 1.0 0.86 1.0 0.86 0.972 0.857 0.942 0.845 0.883 0.841 0.865 0.831 0.84 0.809 0.799 0.797 0.779 0.797 0.774 0.8 0.766 0.817 0.747 0.843 0.726 0.859 0.715 0.893 0.698 0.921 0.692 0.954 0.69 0.977 0.693 1.0 0.702 1.0 1.0
0 0.735 0.998 0.487 0.998 0.485 0.995 0.486 0.982 0.486 0.932 0.498 0.882 0.51 0.855 0.514 0.842 0.525 0.819 0.528 0.815 0.562 0.788 0.584 0.763 0.601 0.737 0.626 0.724 0.654 0.717 0.698 0.718 0.735 0.734 0.759 0.748 0.788 0.771 0.805 0.792 0.829 0.836 0.837 0.856 0.848 0.895 0.858 0.946 0.859 0.962 0.858 0.997 0.735 0.998
0 0.427 0.0 0.44 0.025 0.453 0.058 0.462 0.089 0.469 0.12 0.472 0.154 0.472 0.186 0.47 0.217 0.465 0.241 0.446 0.309 0.434 0.335 0.425 0.366 0.385 0.372 0.337 0.395 0.302 0.383 0.261 0.383 0.243 0.374 0.229 0.353 0.22 0.334 0.211 0.305 0.207 0.283 0.204 0.253 0.204 0.226 0.207 0.195 0.212 0.172 0.223 0.136 0.241 0.095 0.257 0.037 0.274 0.0
0 0.907 0.235 0.882 0.228 0.864 0.226 0.843 0.227 0.817 0.235 0.81 0.233 0.81 0.23 0.818 0.201 0.819 0.163 0.815 0.138 0.806 0.125 0.797 0.105 0.823 0.105 0.864 0.123 0.887 0.152 0.9 0.179 0.909 0.228 0.909 0.233 0.907 0.235
0 0.0 0.278 0.007 0.276 0.015 0.264 0.043 0.247 0.054 0.247 0.09 0.234 0.119 0.235 0.165 0.253 0.181 0.264 0.197 0.283 0.202 0.283 0.207 0.28 0.218 0.336 0.216 0.359 0.211 0.388 0.161 0.433 0.14 0.459 0.116 0.494 0.109 0.5 0.079 0.499 0.06 0.494 0.049 0.485 0.03 0.464 0.0 0.439
0 0.153 0.746 0.135 0.74 0.12 0.725 0.105 0.704 0.092 0.674 0.089 0.654 0.089 0.608 0.093 0.583 0.099 0.565 0.104 0.54 0.132 0.476 0.153 0.447 0.179 0.42 0.201 0.405 0.222 0.398 0.239 0.389 0.256 0.384 0.295 0.384 0.311 0.386 0.335 0.396 0.336 0.399 0.332 0.403 0.303 0.424 0.293 0.435 0.276 0.447 0.26 0.47 0.245 0.498 0.239 0.515 0.23 0.552 0.225 0.591 0.227 0.636 0.238 0.7 0.233 0.704 0.214 0.71 0.205 0.717 0.182 0.728 0.153 0.746
0 0.0 0.446 0.002 0.443 0.014 0.451 0.042 0.48 0.057 0.502 0.071 0.531 0.073 0.541 0.07 0.554 0.076 0.562 0.079 0.58 0.082 0.625 0.081 0.645 0.077 0.666 0.072 0.678 0.061 0.69 0.055 0.71 0.027 0.743 0.003 0.763 0.0 0.775
0 0.069 1.0 0.064 0.997 0.062 0.987 0.062 0.96 0.062 0.956 0.056 0.95 0.056 0.93 0.058 0.908 0.064 0.899 0.068 0.872 0.084 0.829 0.108 0.791 0.134 0.762 0.167 0.735 0.213 0.709 0.239 0.702 0.242 0.705 0.252 0.733 0.273 0.77 0.297 0.804 0.337 0.837 0.368 0.853 0.395 0.859 0.431 0.857 0.448 0.853 0.485 0.834 0.522 0.82 0.52 0.832 0.502 0.869 0.496 0.891 0.488 0.925 0.485 0.948 0.483 0.987 0.459 0.992 0.44 0.993 0.447 0.995 0.459 0.994 0.463 0.996 0.372 0.999 0.156 0.998 0.069 1.
