0 0.404 0.665 0.352 0.664 0.337 0.659 0.325 0.651 0.308 0.629 0.3 0.604 0.284 0.578 0.279 0.558 0.278 0.536 0.28 0.521 0.285 0.506 0.285 0.481 0.294 0.454 0.309 0.433 0.326 0.423 0.333 0.407 0.343 0.395 0.354 0.385 0.366 0.38 0.382 0.379 0.396 0.383 0.408 0.391 0.418 0.403 0.432 0.41 0.442 0.42 0.462 0.45 0.468 0.467 0.492 0.509 0.503 0.544 0.504 0.566 0.501 0.584 0.494 0.6 0.483 0.617 0.452 0.647 0.43 0.659 0.404 0.665
0 0.486 0.822 0.468 0.821 0.454 0.815 0.427 0.793 0.416 0.781 0.405 0.764 0.399 0.748 0.396 0.729 0.396 0.712 0.4 0.693 0.41 0.673 0.425 0.658 0.443 0.65 0.442 0.631 0.446 0.607 0.452 0.59 0.468 0.562 0.479 0.548 0.492 0.54 0.505 0.536 0.519 0.537 0.537 0.545 0.553 0.562 0.573 0.601 0.579 0.617 0.582 0.631 0.582 0.649 0.577 0.678 0.575 0.703 0.574 0.749 0.572 0.763 0.564 0.783 0.554 0.798 0.546 0.806 0.526 0.817 0.5 0.818 0.486 0.822
0 0.617 0.622 0.594 0.619 0.576 0.606 0.561 0.607 0.547 0.603 0.532 0.592 0.519 0.574 0.511 0.547 0.511 0.519 0.519 0.492 0.535 0.471 0.547 0.463 0.558 0.459 0.58 0.456 0.597 0.447 0.613 0.446 0.624 0.449 0.635 0.455 0.645 0.464 0.655 0.479 0.661 0.497 0.667 0.529 0.667 0.554 0.664 0.572 0.658 0.589 0.646 0.606 0.63 0.618 0.617 0.622
0 0.732 0.564 0.711 0.561 0.686 0.544 0.672 0.53 0.653 0.501 0.637 0.483 0.628 0.465 0.624 0.449 0.624 0.428 0.629 0.387 0.633 0.373 0.64 0.36 0.648 0.35 0.659 0.34 0.671 0.335 0.688 0.334 0.729 0.34 0.759 0.349 0.77 0.355 0.78 0.365 0.787 0.375 0.794 0.39 0.799 0.415 0.798 0.435 0.793 0.456 0.782 0.474 0.783 0.496 0.778 0.52 0.769 0.538 0.758 0.551 0.746 0.559 0.732 0.564
0 0.247 0.544 0.232 0.543 0.219 0.538 0.208 0.529 0.198 0.516 0.192 0.501 0.188 0.485 0.185 0.455 0.185 0.436 0.19 0.408 0.2 0.382 0.207 0.367 0.215 0.357 0.226 0.348 0.238 0.343 0.254 0.342 0.265 0.345 0.276 0.351 0.291 0.367 0.298 0.381 0.303 0.395 0.305 0.422 0.303 0.438 0.297 0.453 0.297 0.485 0.289 0.511 0.279 0.526 0.269 0.536 0.258 0.542 0.247 0.544
0 0.697 0.326 0.676 0.323 0.666 0.318 0.656 0.308 0.643 0.287 0.639 0.273 0.637 0.258 0.639 0.231 0.643 0.217 0.65 0.204 0.666 0.187 0.676 0.181 0.688 0.178 0.708 0.181 0.719 0.187 0.729 0.196 0.741 0.217 0.746 0.231 0.748 0.246 0.746 0.273 0.741 0.287 0.734 0.301 0.719 0.318 0.708 0.323 0.697 0.326
0 0.551 0.456 0.536 0.455 0.524 0.45 0.513 0.441 0.503 0.428 0.496 0.413 0.492 0.393 0.491 0.376 0.494 0.357 0.505 0.334 0.519 0.318 0.541 0.284 0.553 0.27 0.565 0.262 0.579 0.258 0.592 0.259 0.602 0.262 0.62 0.276 0.627 0.287 0.634 0.302 0.639 0.326 0.639 0.343 0.636 0.357 0.624 0.384 0.591 0.432 0.571 0.449 0.551 0.456
0 0.425 0.38 0.408 0.379 0.392 0.372 0.383 0.366 0.372 0.352 0.36 0.341 0.347 0.32 0.338 0.286 0.339 0.238 0.353 0.189 0.362 0.169 0.371 0.156 0.383 0.147 0.399 0.141 0.418 0.14 0.438 0.145 0.459 0.159 0.471 0.17 0.502 0.211 0.52 0.256 0.524 0.275 0.524 0.297 0.52 0.317 0.513 0.332 0.503 0.345 0.492 0.354 0.48 0.36 0.459 0.36 0.443 0.374 0.425 0.38
0 0.311 0.365 0.296 0.364 0.284 0.359 0.273 0.349 0.265 0.339 0.256 0.321 0.252 0.305 0.251 0.285 0.253 0.27 0.258 0.256 0.265 0.242 0.276 0.227 0.293 0.197 0.308 0.18 0.32 0.172 0.33 0.169 0.343 0.168 0.354 0.171 0.365 0.177 0.375 0.186 0.387 0.207 0.392 0.221 0.394 0.236 0.392 0.264 0.382 0.288 0.361 0.323 0.343 0.347 0.33 0.359 0.311 0.365
0 0.568 0.279 0.547 0.276 0.536 0.27 0.526 0.261 0.514 0.24 0.509 0.226 0.507 0.211 0.509 0.183 0.514 0.17 0.521 0.156 0.536 0.139 0.547 0.134 0.558 0.131 0.579 0.134 0.59 0.139 0.6 0.149 0.612 0.17 0.617 0.183 0.619 0.198 0.617 0.226 0.612 0.24 0.605 0.253 0.59 0.27 0.579 0.276 0.568 0.279
0 0.482 0.435 0.462 0.429 0.449 0.428 0.443 0.422 0.441 0.416 0.414 0.4 0.358 0.374 0.348 0.365 0.347 0.36 0.347 0.353 0.352 0.345 0.359 0.343 0.43 0.378 0.435 0.37 0.453 0.359 0.479 0.352 0.492 0.352 0.498 0.359 0.501 0.366 0.503 0.404 0.498 0.426 0.491 0.433 0.482 0.43
