0 0.623 0.423 0.599 0.422 0.58 0.417 0.564 0.409 0.548 0.394 0.529 0.368 0.517 0.343 0.506 0.311 0.501 0.278 0.501 0.221 0.512 0.188 0.551 0.124 0.581 0.103 0.598 0.096 0.616 0.096 0.643 0.105 0.668 0.118 0.686 0.134 0.703 0.153 0.712 0.17 0.727 0.215 0.73 0.231 0.728 0.287 0.722 0.313 0.704 0.356 0.681 0.385 0.648 0.412 0.623 0.423
0 0.426 0.314 0.416 0.314 0.393 0.307 0.351 0.278 0.335 0.296 0.329 0.299 0.326 0.287 0.342 0.272 0.31 0.242 0.297 0.215 0.291 0.183 0.29 0.152 0.295 0.119 0.301 0.099 0.315 0.069 0.332 0.044 0.353 0.024 0.374 0.011 0.396 0.003 0.411 0.003 0.426 0.007 0.443 0.022 0.452 0.045 0.47 0.067 0.483 0.095 0.495 0.116 0.502 0.133 0.504 0.151 0.503 0.191 0.5 0.216 0.485 0.262 0.478 0.274 0.457 0.299 0.426 0.314
0 0.131 0.525 0.114 0.525 0.09 0.519 0.065 0.507 0.04 0.487 0.024 0.461 0.008 0.406 0.01 0.35 0.013 0.337 0.022 0.321 0.039 0.3 0.063 0.278 0.102 0.262 0.119 0.261 0.145 0.265 0.176 0.282 0.189 0.297 0.195 0.309 0.205 0.355 0.21 0.433 0.207 0.451 0.201 0.472 0.19 0.492 0.174 0.508 0.149 0.521 0.131 0.525
0 0.39 0.633 0.347 0.626 0.323 0.615 0.305 0.601 0.289 0.583 0.277 0.562 0.265 0.522 0.263 0.503 0.264 0.469 0.272 0.434 0.278 0.42 0.295 0.393 0.308 0.38 0.346 0.359 0.374 0.358 0.391 0.366 0.413 0.381 0.442 0.414 0.457 0.443 0.463 0.465 0.463 0.489 0.458 0.517 0.451 0.587 0.446 0.603 0.437 0.616 0.427 0.624 0.41 0.631 0.39 0.633
0 0.262 0.503 0.251 0.497 0.238 0.486 0.213 0.456 0.211 0.45 0.207 0.373 0.201 0.331 0.22 0.295 0.246 0.263 0.26 0.251 0.282 0.24 0.311 0.244 0.342 0.273 0.327 0.287 0.329 0.298 0.35 0.279 0.365 0.291 0.375 0.316 0.381 0.358 0.357 0.357 0.339 0.361 0.31 0.378 0.295 0.393 0.284 0.409 0.272 0.433 0.264 0.469 0.262 0.503
0 0.0 0.115 0.021 0.117 0.043 0.124 0.059 0.134 0.075 0.149 0.101 0.179 0.111 0.194 0.12 0.218 0.126 0.255 0.125 0.26 0.098 0.262 0.072 0.272 0.057 0.282 0.023 0.319 0.013 0.337 0.009 0.359 0.0 0.357
0 0.213 0.297 0.193 0.295 0.173 0.28 0.143 0.266 0.133 0.253 0.123 0.228 0.117 0.192 0.119 0.149 0.129 0.112 0.151 0.077 0.174 0.093 0.194 0.103 0.243 0.117 0.262 0.117 0.277 0.111 0.29 0.102 0.305 0.082 0.293 0.128 0.289 0.17 0.294 0.205 0.307 0.241 0.281 0.24 0.26 0.249 0.213 0.297
0 0.112 0.0 0.119 0.025 0.128 0.046 0.15 0.075 0.127 0.116 0.115 0.174 0.098 0.175 0.069 0.143 0.054 0.13 0.015 0.116 0.003 0.099 0.0 0.088
0 0.323 0.0 0.323 0.018 0.319 0.053 0.305 0.083 0.286 0.106 0.27 0.115 0.256 0.118 0.231 0.116 0.212 0.11 0.18 0.097 0.161 0.086 0.145 0.07 0.129 0.049 0.119 0.027 0.112 0.0
0 0.505 0.0 0.494 0.028 0.467 0.062 0.452 0.044 0.44 0.017 0.427 0.008 0.408 0.003 0.393 0.004 0.371 0.012 0.349 0.028 0.336 0.0
0 0.541 0.0 0.539 0.05 0.545 0.073 0.564 0.113 0.549 0.127 0.53 0.16 0.505 0.158 0.502 0.135 0.496 0.118 0.482 0.096 0.468 0.064 0.488 0.038 0.506 0.0
0 0.267 0.54 0.253 0.53 0.205 0.521 0.183 0.525 0.176 0.53 0.175 0.518 0.171 0.518 0.17 0.514 0.194 0.488 0.209 0.453 0.218 0.46 0.248 0.495 0.263 0.504 0.267 0.54
0 0.0 0.365 0.011 0.367 0.011 0.411 0.023 0.455 0.035 0.481 0.054 0.499 0.079 0.514 0.122 0.526 0.114 0.554 0.093 0.595 0.077 0.58 0.06 0.573 0.028 0.572 0.0 0.576
0 0.0 0.577 0.026 0.571 0.049 0.571 0.072 0.577 0.09 0.59 0.114 0.62 0.125 0.644 0.129 0.662 0.132 0.714 0.131 0.743 0.127 0.764 0.118 0.787 0.097 0.821 0.072 0.843 0.048 0.853 0.028 0.856 0.0 0.854
0 0.225 0.769 0.174 0.766 0.157 0.754 0.14 0.731 0.132 0.706 0.128 0.662 0.124 0.641 0.128 0.612 0.135 0.582 0.116 0.556 0.115 0.548 0.119 0.543 0.125 0.543 0.129 0.559 0.139 0.575 0.156 0.55 0.179 0.532 0.202 0.524 0.23 0.527 0.246 0.534 0.268 0.549 0.287 0.579 0.303 0.6 0.303 0.608 0.282 0.637 0.272 0.668 0.268 0.707 0.269 0.747 0.259 0.757 0.241 0.766 0.225 0.769
0 0.356 0.84 0.334 0.836 0.31 0.821 0.294 0.796 0.276 0.759 0.269 0.737 0.268 0.705 0.27 0.679 0.278 0.647 0.287 0.627 0.308 0.605 0.339 0.623 0.378 0.633 0.41 0.631 0.436 0.619 0.446 0.642 0.454 0.687 0.454 0.725 0.446 0.761 0.433 0.789 0.409 0.819 0.379 0.836 0.356 0.84
0 0.253 0.999 0.096 0.997 0.085 0.972 0.08 0.945 0.078 0.915 0.08 0.897 0.086 0.882 0.112 0.852 0.129 0.807 0.148 0.782 0.159 0.776 0.177 0.771 0.2 0.77 0.223 0.773 0.245 0.783 0.26 0.793 0.275 0.808 0.286 0.825 0.295 0.859 0.293 0.888 0.289 0.9 0.274 0.92 0.262 0.951 0.253 0.999
0 0.0 0.916 0.009 0.905 0.0 0.872 0.001 0.866 0.008 0.859 0.012 0.86 0.015 0.903 0.033 0.891 0.054 0.884 0.083 0.887 0.078 0.912 0.08 0.943 0.085 0.97 0.096 0.997 0.0 0.999
0 0.044 0.886 0.041 0.886 0.035 0.877 0.026 0.856 0.068 0.844 0.098 0.821 0.117 0.79 0.125 0.771 0.13 0.752 0.133 0.721 0.158 0.755 0.174 0.766 0.183 0.768 0.155 0.777 0.14 0.791 0.126 0.814 0.113 0.85 0.085 0.884 0.055 0.883 0.044 0.886
0 0.46 0.999 0.25 0.997 0.261 0.952 0.279 0.912 0.316 0.871 0.331 0.863 0.352 0.861 0.382 0.867 0.404 0.875 0.423 0.888 0.44 0.908 0.453 0.929 0.461 0.953 0.462 0.987 0.46 0.999
0 0.523 0.99 0.495 0.986 0.463 0.964 0.451 0.926 0.424 0.889 0.421 0.868 0.421 0.842 0.426 0.814 0.448 0.757 0.455 0.748 0.477 0.73 0.503 0.721 0.521 0.721 0.542 0.726 0.557 0.735 0.575 0.75 0.589 0.767 0.598 0.783 0.608 0.81 0.613 0.835 0.611 0.881 0.58 0.897 0.559 0.919 0.538 0.949 0.529 0.971 0.526 0.989 0.523 0.9
