0 0.106 0.81 0.089 0.81 0.072 0.801 0.055 0.774 0.056 0.762 0.063 0.751 0.075 0.748 0.084 0.732 0.104 0.714 0.133 0.696 0.164 0.682 0.188 0.677 0.195 0.672 0.219 0.664 0.234 0.654 0.282 0.64 0.288 0.633 0.31 0.63 0.333 0.621 0.361 0.614 0.395 0.609 0.454 0.606 0.463 0.603 0.506 0.601 0.572 0.593 0.593 0.593 0.644 0.583 0.672 0.581 0.702 0.583 0.714 0.59 0.728 0.606 0.739 0.641 0.74 0.673 0.733 0.699 0.724 0.712 0.701 0.724 0.552 0.744 0.5 0.744 0.465 0.75 0.42 0.751 0.405 0.754 0.328 0.752 0.303 0.755 0.264 0.764 0.232 0.778 0.145 0.806 0.106 0.81
0 0.82 0.603 0.792 0.602 0.781 0.597 0.766 0.597 0.726 0.587 0.707 0.586 0.692 0.581 0.638 0.576 0.596 0.578 0.542 0.572 0.423 0.572 0.42 0.57 0.414 0.574 0.398 0.572 0.27 0.574 0.248 0.564 0.23 0.544 0.223 0.508 0.228 0.486 0.236 0.471 0.262 0.456 0.29 0.45 0.329 0.452 0.368 0.454 0.381 0.46 0.386 0.46 0.392 0.454 0.396 0.454 0.418 0.458 0.413 0.463 0.429 0.464 0.455 0.471 0.656 0.49 0.704 0.49 0.732 0.493 0.756 0.5 0.786 0.5 0.824 0.508 0.848 0.52 0.874 0.528 0.888 0.536 0.939 0.58 0.938 0.586 0.925 0.6 0.901 0.596 0.839 0.596 0.832 0.601 0.82 0.603
0 0.916 0.332 0.899 0.331 0.89 0.328 0.88 0.322 0.868 0.309 0.858 0.279 0.856 0.263 0.857 0.244 0.871 0.158 0.89 0.102 0.899 0.087 0.917 0.071 0.927 0.066 0.942 0.065 0.954 0.07 0.962 0.076 0.972 0.098 0.973 0.114 0.97 0.141 0.977 0.19 0.978 0.253 0.971 0.282 0.954 0.308 0.937 0.324 0.916 0.332
0 0.752 0.498 0.705 0.49 0.682 0.489 0.677 0.487 0.677 0.477 0.688 0.459 0.689 0.449 0.7 0.42 0.713 0.398 0.722 0.369 0.735 0.336 0.742 0.325 0.751 0.318 0.765 0.28 0.792 0.225 0.803 0.205 0.816 0.19 0.83 0.168 0.846 0.126 0.851 0.086 0.856 0.078 0.861 0.078 0.866 0.1 0.868 0.129 0.865 0.161 0.86 0.183 0.856 0.219 0.848 0.25 0.829 0.3 0.822 0.327 0.807 0.367 0.806 0.387 0.801 0.402 0.788 0.423 0.752 0.498
0 0.407 0.447 0.363 0.422 0.3 0.381 0.308 0.372 0.326 0.359 0.379 0.313 0.412 0.296 0.424 0.286 0.44 0.261 0.474 0.227 0.495 0.202 0.554 0.15 0.585 0.132 0.613 0.12 0.654 0.11 0.66 0.114 0.666 0.127 0.664 0.133 0.655 0.145 0.642 0.168 0.626 0.188 0.583 0.251 0.578 0.264 0.505 0.343 0.474 0.367 0.436 0.418 0.407 0.447
0 0.0 0.308 0.009 0.297 0.033 0.275 0.033 0.272 0.038 0.268 0.041 0.262 0.052 0.255 0.061 0.244 0.084 0.228 0.113 0.214 0.133 0.209 0.146 0.202 0.167 0.196 0.188 0.193 0.211 0.181 0.25 0.17 0.353 0.148 0.445 0.136 0.472 0.141 0.482 0.146 0.493 0.161 0.498 0.184 0.497 0.201 0.476 0.224 0.454 0.246 0.343 0.258 0.265 0.279 0.245 0.287 0.237 0.294 0.224 0.3 0.168 0.31 0.159 0.316 0.146 0.318 0.137 0.324 0.1 0.332 0.083 0.34 0.072 0.34 0.058 0.336 0.01 0.342 0.004 0.342 0.0 0.338
0 0.776 1.0 0.461 1.0 0.458 0.998 0.458 0.989 0.47 0.96 0.495 0.916 0.518 0.884 0.527 0.877 0.618 0.831 0.64 0.829 0.668 0.832 0.673 0.834 0.68 0.831 0.706 0.828 0.748 0.81 0.763 0.8 0.781 0.779 0.799 0.764 0.83 0.732 0.855 0.695 0.861 0.679 0.876 0.65 0.886 0.638 0.893 0.634 0.909 0.63 0.925 0.61 0.939 0.602 0.95 0.601 0.962 0.606 0.969 0.615 0.973 0.626 0.973 0.66 0.961 0.705 0.942 0.748 0.94 0.759 0.935 0.771 0.929 0.778 0.925 0.791 0.92 0.798 0.911 0.816 0.881 0.863 0.871 0.874 0.865 0.887 0.834 0.934 0.829 0.946 0.811 0.966 0.776 1.0
0 0.569 0.854 0.554 0.85 0.533 0.838 0.511 0.81 0.501 0.803 0.5 0.8 0.501 0.789 0.508 0.786 0.537 0.753 0.555 0.744 0.621 0.732 0.694 0.724 0.723 0.711 0.737 0.692 0.774 0.688 0.836 0.69 0.855 0.693 0.835 0.725 0.823 0.74 0.764 0.798 0.741 0.813 0.71 0.824 0.682 0.83 0.623 0.828 0.608 0.833 0.569 0.854
0 0.557 0.0 0.565 0.01 0.569 0.019 0.578 0.053 0.599 0.111 0.602 0.124 0.569 0.141 0.539 0.162 0.537 0.143 0.533 0.131 0.532 0.102 0.527 0.075 0.517 0.048 0.511 0.0
0 0.782 0.452 0.776 0.452 0.776 0.448 0.805 0.391 0.808 0.383 0.808 0.364 0.825 0.32 0.85 0.306 0.866 0.303 0.878 0.322 0.901 0.332 0.925 0.329 0.94 0.322 0.946 0.315 0.95 0.315 0.954 0.323 0.96 0.353 0.959 0.373 0.953 0.386 0.94 0.402 0.914 0.418 0.9 0.423 0.782 0.452
0 0.684 0.361 0.676 0.311 0.67 0.284 0.665 0.272 0.655 0.195 0.654 0.167 0.657 0.155 0.671 0.142 0.69 0.134 0.705 0.121 0.714 0.12 0.715 0.123 0.727 0.138 0.737 0.171 0.753 0.242 0.757 0.27 0.758 0.298 0.752 0.317 0.737 0.332 0.73 0.35 0.684 0.361
0 0.0 0.259 0.016 0.254 0.032 0.254 0.049 0.258 0.04 0.272 0.021 0.288 0.0 0.274
0 0.437 0.606 0.43 0.606 0.427 0.602 0.424 0.572 0.492 0.573 0.508 0.581 0.515 0.588 0.528 0.596 0.437 0.606
0 0.441 1.0 0.315 0.999 0.292 0.947 0.282 0.908 0.275 0.864 0.272 0.796 0.267 0.762 0.295 0.754 0.318 0.752 0.322 0.752 0.328 0.758 0.338 0.778 0.35 0.794 0.353 0.796 0.356 0.805 0.366 0.82 0.378 0.848 0.388 0.878 0.392 0.895 0.403 0.908 0.413 0.926 0.426 0.94 0.433 0.952 0.44 0.976 0.441 1.
