0 0.498 0.746 0.493 0.745 0.485 0.739 0.463 0.71 0.44 0.661 0.433 0.63 0.434 0.604 0.44 0.575 0.444 0.562 0.448 0.556 0.462 0.548 0.489 0.552 0.487 0.53 0.484 0.524 0.484 0.518 0.489 0.512 0.498 0.513 0.503 0.518 0.503 0.525 0.5 0.531 0.504 0.55 0.511 0.543 0.523 0.537 0.536 0.537 0.55 0.544 0.559 0.566 0.569 0.609 0.568 0.671 0.562 0.7 0.553 0.724 0.537 0.742 0.517 0.742 0.498 0.746
0 0.507 0.955 0.497 0.953 0.488 0.944 0.485 0.931 0.486 0.914 0.48 0.898 0.477 0.877 0.473 0.879 0.467 0.887 0.467 0.898 0.471 0.905 0.474 0.907 0.476 0.915 0.466 0.934 0.46 0.931 0.456 0.915 0.454 0.899 0.456 0.883 0.459 0.873 0.476 0.85 0.472 0.833 0.467 0.789 0.468 0.775 0.473 0.761 0.478 0.754 0.491 0.748 0.512 0.743 0.53 0.743 0.545 0.746 0.584 0.76 0.6 0.76 0.611 0.763 0.621 0.769 0.631 0.778 0.644 0.799 0.651 0.83 0.651 0.844 0.648 0.857 0.648 0.869 0.637 0.89 0.619 0.912 0.605 0.922 0.591 0.924 0.575 0.92 0.555 0.923 0.537 0.932 0.528 0.944 0.52 0.95 0.507 0.955
0 0.676 0.823 0.65 0.821 0.642 0.794 0.632 0.779 0.62 0.768 0.605 0.76 0.584 0.76 0.573 0.754 0.574 0.728 0.578 0.717 0.585 0.708 0.584 0.703 0.588 0.693 0.578 0.676 0.579 0.661 0.583 0.648 0.587 0.644 0.593 0.641 0.599 0.649 0.599 0.651 0.593 0.658 0.592 0.665 0.596 0.67 0.603 0.661 0.6 0.655 0.602 0.644 0.608 0.634 0.613 0.631 0.627 0.63 0.671 0.636 0.699 0.653 0.712 0.669 0.721 0.683 0.724 0.692 0.725 0.699 0.724 0.724 0.719 0.743 0.727 0.763 0.728 0.781 0.726 0.794 0.717 0.81 0.71 0.815 0.694 0.821 0.676 0.823
0 0.447 0.557 0.439 0.557 0.415 0.538 0.404 0.519 0.4 0.507 0.401 0.491 0.404 0.481 0.41 0.474 0.416 0.471 0.414 0.461 0.417 0.444 0.417 0.441 0.414 0.444 0.409 0.443 0.406 0.439 0.406 0.434 0.409 0.429 0.415 0.429 0.423 0.434 0.428 0.429 0.434 0.416 0.441 0.406 0.449 0.402 0.455 0.404 0.458 0.397 0.466 0.393 0.478 0.393 0.497 0.407 0.511 0.421 0.539 0.463 0.545 0.48 0.543 0.508 0.538 0.52 0.527 0.536 0.508 0.543 0.504 0.549 0.5 0.532 0.504 0.524 0.504 0.517 0.496 0.512 0.487 0.513 0.483 0.517 0.483 0.524 0.487 0.53 0.488 0.55 0.462 0.547 0.447 0.557
0 0.601 0.645 0.597 0.645 0.593 0.64 0.588 0.643 0.584 0.641 0.573 0.628 0.569 0.619 0.569 0.61 0.558 0.562 0.551 0.546 0.548 0.542 0.541 0.539 0.538 0.531 0.539 0.524 0.543 0.514 0.547 0.493 0.553 0.487 0.564 0.487 0.56 0.482 0.558 0.474 0.557 0.466 0.559 0.46 0.564 0.452 0.575 0.446 0.587 0.447 0.602 0.458 0.656 0.515 0.67 0.538 0.677 0.555 0.686 0.595 0.686 0.612 0.682 0.62 0.676 0.626 0.668 0.629 0.662 0.627 0.649 0.633 0.615 0.63 0.608 0.634 0.601 0.645
0 0.515 0.423 0.482 0.394 0.464 0.392 0.466 0.371 0.455 0.338 0.455 0.332 0.463 0.312 0.479 0.289 0.504 0.266 0.525 0.253 0.533 0.25 0.551 0.25 0.56 0.254 0.567 0.263 0.57 0.273 0.57 0.285 0.574 0.291 0.581 0.31 0.614 0.298 0.618 0.298 0.625 0.304 0.624 0.315 0.62 0.321 0.609 0.318 0.583 0.327 0.58 0.343 0.584 0.349 0.587 0.357 0.581 0.37 0.579 0.384 0.57 0.397 0.554 0.408 0.533 0.414 0.515 0.423
0 0.648 0.486 0.637 0.484 0.628 0.477 0.623 0.479 0.604 0.457 0.59 0.448 0.577 0.445 0.571 0.434 0.568 0.418 0.568 0.409 0.571 0.396 0.58 0.384 0.586 0.359 0.602 0.337 0.616 0.321 0.622 0.32 0.625 0.316 0.626 0.31 0.632 0.305 0.641 0.302 0.657 0.301 0.67 0.309 0.675 0.317 0.68 0.328 0.682 0.343 0.682 0.355 0.688 0.362 0.691 0.372 0.691 0.395 0.688 0.414 0.688 0.44 0.685 0.453 0.68 0.462 0.668 0.476 0.659 0.482 0.648 0.486
0 0.625 0.312 0.625 0.305 0.619 0.297 0.611 0.298 0.581 0.309 0.571 0.285 0.571 0.275 0.567 0.263 0.556 0.252 0.546 0.249 0.542 0.235 0.549 0.226 0.549 0.221 0.538 0.203 0.535 0.189 0.536 0.174 0.543 0.163 0.55 0.164 0.55 0.17 0.545 0.178 0.545 0.183 0.548 0.196 0.554 0.205 0.556 0.203 0.556 0.195 0.558 0.19 0.565 0.183 0.571 0.168 0.579 0.163 0.588 0.16 0.602 0.164 0.63 0.185 0.649 0.206 0.66 0.221 0.666 0.236 0.668 0.253 0.662 0.27 0.657 0.272 0.654 0.278 0.655 0.286 0.654 0.301 0.637 0.303 0.627 0.308 0.625 0.312
0 0.415 0.458 0.4 0.446 0.386 0.442 0.381 0.434 0.374 0.414 0.354 0.393 0.347 0.381 0.345 0.372 0.344 0.361 0.346 0.348 0.354 0.339 0.362 0.333 0.36 0.325 0.362 0.313 0.369 0.304 0.385 0.295 0.402 0.294 0.43 0.309 0.453 0.334 0.462 0.357 0.466 0.371 0.464 0.394 0.453 0.402 0.446 0.403 0.439 0.407 0.434 0.415 0.428 0.428 0.422 0.434 0.415 0.429 0.409 0.429 0.406 0.432 0.405 0.439 0.408 0.443 0.417 0.443 0.415 0.458
0 0.366 0.306 0.351 0.3 0.34 0.29 0.332 0.275 0.329 0.248 0.33 0.237 0.335 0.226 0.333 0.215 0.334 0.208 0.34 0.186 0.353 0.169 0.377 0.152 0.384 0.15 0.393 0.15 0.401 0.154 0.417 0.183 0.421 0.198 0.419 0.214 0.428 0.205 0.428 0.199 0.422 0.192 0.424 0.181 0.43 0.179 0.436 0.191 0.439 0.2 0.438 0.211 0.426 0.226 0.431 0.232 0.435 0.244 0.433 0.262 0.437 0.271 0.429 0.275 0.423 0.283 0.417 0.293 0.418 0.301 0.402 0.294 0.389 0.294 0.376 0.298 0.366 0.306
0 0.453 0.333 0.443 0.32 0.44 0.307 0.441 0.295 0.436 0.287 0.431 0.288 0.429 0.29 0.426 0.301 0.421 0.302 0.417 0.299 0.417 0.294 0.423 0.283 0.43 0.274 0.437 0.27 0.434 0.264 0.433 0.257 0.437 0.244 0.439 0.24 0.438 0.228 0.443 0.219 0.461 0.214 0.519 0.219 0.535 0.228 0.543 0.239 0.546 0.25 0.535 0.249 0.525 0.252 0.507 0.263 0.485 0.281 0.465 0.308 0.455 0.326 0.453 0.333
0 0.433 0.231 0.427 0.225 0.431 0.221 0.438 0.211 0.439 0.197 0.43 0.179 0.424 0.18 0.423 0.185 0.42 0.173 0.422 0.162 0.429 0.15 0.43 0.133 0.432 0.127 0.439 0.117 0.452 0.111 0.485 0.116 0.494 0.121 0.502 0.13 0.504 0.138 0.506 0.149 0.503 0.16 0.51 0.164 0.515 0.172 0.517 0.188 0.514 0.201 0.509 0.215 0.453 0.213 0.445 0.217 0.439 0.225 0.435 0.22 0.432 0.224 0.435 0.227 0.433 0.231
0 0.42 0.163 0.418 0.159 0.419 0.152 0.413 0.141 0.413 0.131 0.402 0.136 0.4 0.147 0.393 0.149 0.391 0.146 0.392 0.131 0.402 0.121 0.413 0.117 0.41 0.105 0.409 0.091 0.412 0.078 0.416 0.073 0.432 0.066 0.454 0.066 0.482 0.076 0.488 0.081 0.498 0.094 0.501 0.11 0.498 0.123 0.486 0.115 0.469 0.114 0.459 0.11 0.444 0.113 0.438 0.118 0.432 0.126 0.43 0.135 0.43 0.147 0.428 0.153 0.42 0.163
0 0.539 0.207 0.529 0.196 0.524 0.177 0.516 0.156 0.517 0.139 0.526 0.11 0.539 0.093 0.572 0.071 0.585 0.065 0.596 0.067 0.6 0.072 0.604 0.084 0.61 0.09 0.614 0.101 0.617 0.11 0.615 0.124 0.644 0.135 0.644 0.147 0.635 0.152 0.628 0.144 0.624 0.144 0.623 0.156 0.618 0.173 0.598 0.161 0.583 0.16 0.578 0.162 0.57 0.168 0.565 0.183 0.558 0.189 0.555 0.195 0.555 0.204 0.548 0.196 0.545 0.183 0.545 0.179 0.55 0.171 0.55 0.163 0.543 0.163 0.537 0.171 0.535 0.181 0.535 0.195 0.539 0.207
0 0.516 0.151 0.505 0.145 0.504 0.134 0.499 0.124 0.501 0.117 0.501 0.106 0.496 0.091 0.482 0.075 0.467 0.069 0.469 0.063 0.472 0.061 0.475 0.069 0.476 0.068 0.481 0.072 0.482 0.059 0.489 0.048 0.49 0.035 0.501 0.022 0.509 0.018 0.537 0.021 0.545 0.025 0.561 0.04 0.569 0.051 0.573 0.07 0.544 0.089 0.529 0.104 0.518 0.135 0.516 0.15
