0 0.567 0.736 0.543 0.732 0.523 0.716 0.509 0.691 0.504 0.666 0.506 0.635 0.509 0.622 0.517 0.606 0.526 0.594 0.538 0.584 0.56 0.575 0.584 0.579 0.604 0.595 0.618 0.622 0.625 0.651 0.622 0.683 0.61 0.709 0.591 0.728 0.567 0.736
0 0.454 0.684 0.431 0.68 0.411 0.664 0.397 0.639 0.391 0.61 0.394 0.579 0.409 0.547 0.428 0.529 0.446 0.522 0.468 0.524 0.478 0.529 0.49 0.539 0.506 0.563 0.512 0.592 0.512 0.611 0.508 0.631 0.496 0.658 0.477 0.676 0.454 0.684
0 0.622 0.644 0.617 0.619 0.603 0.594 0.583 0.578 0.559 0.573 0.562 0.542 0.574 0.515 0.593 0.497 0.612 0.49 0.636 0.494 0.656 0.51 0.669 0.535 0.674 0.56 0.671 0.592 0.659 0.619 0.64 0.637 0.622 0.644
0 0.712 0.604 0.689 0.601 0.67 0.586 0.672 0.556 0.669 0.54 0.662 0.52 0.652 0.505 0.659 0.485 0.671 0.468 0.683 0.458 0.702 0.451 0.726 0.455 0.746 0.471 0.759 0.496 0.764 0.521 0.761 0.553 0.749 0.579 0.73 0.598 0.712 0.604
0 0.342 0.45 0.322 0.447 0.304 0.434 0.292 0.415 0.285 0.386 0.287 0.356 0.296 0.332 0.311 0.315 0.323 0.307 0.336 0.303 0.356 0.306 0.377 0.32 0.39 0.34 0.397 0.368 0.394 0.399 0.385 0.423 0.377 0.434 0.364 0.444 0.342 0.45
0 0.397 0.574 0.385 0.573 0.373 0.568 0.36 0.558 0.352 0.547 0.343 0.523 0.341 0.497 0.348 0.468 0.362 0.446 0.374 0.436 0.386 0.43 0.406 0.428 0.428 0.437 0.442 0.454 0.452 0.478 0.454 0.504 0.45 0.522 0.436 0.526 0.418 0.538 0.406 0.553 0.397 0.574
0 0.524 0.593 0.51 0.592 0.507 0.57 0.499 0.55 0.484 0.533 0.467 0.525 0.47 0.499 0.479 0.479 0.493 0.462 0.515 0.453 0.534 0.456 0.552 0.468 0.565 0.488 0.572 0.516 0.563 0.542 0.561 0.567 0.552 0.578 0.543 0.581 0.53 0.592 0.524 0.593
0 0.474 0.494 0.452 0.492 0.449 0.471 0.441 0.455 0.427 0.438 0.408 0.429 0.406 0.418 0.407 0.398 0.41 0.381 0.422 0.355 0.438 0.338 0.452 0.33 0.463 0.328 0.478 0.328 0.491 0.333 0.51 0.349 0.523 0.37 0.529 0.389 0.531 0.404 0.53 0.43 0.522 0.454 0.506 0.457 0.492 0.466 0.48 0.48 0.474 0.494
0 0.392 0.354 0.386 0.334 0.372 0.315 0.358 0.307 0.336 0.304 0.335 0.302 0.336 0.278 0.342 0.257 0.356 0.238 0.372 0.23 0.39 0.229 0.408 0.238 0.422 0.257 0.429 0.278 0.429 0.302 0.422 0.326 0.408 0.345 0.392 0.354
0 0.573 0.518 0.567 0.494 0.555 0.474 0.54 0.46 0.521 0.452 0.527 0.428 0.542 0.404 0.56 0.391 0.582 0.388 0.602 0.394 0.62 0.412 0.632 0.439 0.635 0.471 0.632 0.491 0.615 0.49 0.601 0.494 0.584 0.506 0.573 0.518
0 0.532 0.403 0.529 0.403 0.528 0.389 0.52 0.364 0.508 0.345 0.494 0.334 0.474 0.328 0.48 0.303 0.496 0.279 0.508 0.27 0.524 0.264 0.544 0.266 0.563 0.278 0.575 0.297 0.582 0.325 0.58 0.352 0.571 0.376 0.557 0.392 0.532 0.403
0 0.632 0.369 0.608 0.366 0.59 0.353 0.581 0.34 0.58 0.314 0.572 0.293 0.575 0.274 0.582 0.259 0.596 0.243 0.614 0.234 0.633 0.235 0.655 0.246 0.67 0.266 0.677 0.291 0.676 0.319 0.667 0.344 0.652 0.36 0.632 0.369
0 0.39 0.431 0.382 0.425 0.389 0.413 0.394 0.395 0.397 0.366 0.394 0.35 0.412 0.338 0.423 0.323 0.428 0.31 0.436 0.314 0.451 0.332 0.432 0.344 0.414 0.375 0.408 0.397 0.408 0.429 0.39 0.43
